 x                 y                 z               Event            Energy              Time
 6.0105604237e+02  1.5294905925e+03 -1.1856929287e+02  0  8.7600000000e+00  5.8304634299e-16
-2.9641537244e+00  1.9894176604e+03 -2.6074154192e+00  1  1.2100000000e+01  7.5837190321e-16
-3.7751925224e+02  2.0941402399e+03 -4.3498582648e+02  2  1.6800000000e+01  7.9829246059e-16
 1.7623053352e+02  4.8674126569e+03  3.5086967132e+02  2  1.6800000000e+01  1.8554721182e-15
-2.4255957677e+02  8.5068343606e+03  5.7546351993e+01  2  1.6800000000e+01  3.2428304486e-15
 4.6731247848e+01  1.1905800824e+04  1.9340029379e+01  2  1.6800000000e+01  4.5385265295e-15
-6.0758119465e+01  1.2463638775e+04 -1.3730067213e+02  0  8.7600000000e+00  4.7511760085e-15
 5.7199981555e+01  1.7594833070e+04  1.1744157585e+02  1  1.2100000000e+01  6.7072024681e-15
-5.4882607790e-01  2.1449978755e+04  1.4213436861e+00  1  1.2100000000e+01  8.1767954188e-15
-2.0343093001e-03  2.1502188575e+04 -6.3640752604e-04  1  1.2100000000e+01  8.1966979568e-15
-9.7754412831e+01  2.4762149103e+04 -7.3228077296e+01  0  8.7600000000e+00  9.4394045637e-15
-7.0530523532e+01  2.5539733369e+04  2.1709753825e+02  1  1.2100000000e+01  9.7358219882e-15
-2.9283260712e+02  3.1181309004e+04  3.6443378449e+01  1  1.2100000000e+01  1.1886407326e-14
-7.6521469648e-01  4.0576737327e+04 -7.7534756152e+00  0  8.7600000000e+00  1.5467972425e-14
-3.0047044799e+01  4.1131317507e+04  5.9980076288e+01  0  8.7600000000e+00  1.5679380031e-14
 4.0772289625e+00  4.1389659067e+04 -7.7002619895e+00  3  3.2200000000e+01  1.5777860599e-14
-3.8218537813e+01  4.2206900547e+04  1.7825043411e+02  0  8.7600000000e+00  1.6089395471e-14
 6.4540070782e+01  4.3659189563e+04  4.9970144115e+01  0  8.7600000000e+00  1.6643012345e-14
 3.8987098350e-03  5.1013730951e+04 -4.3838036290e-03  0  8.7600000000e+00  1.9446585300e-14
-2.2851978815e-01  5.3626332324e+04  1.9733487423e+00  2  1.6800000000e+01  2.0442516680e-14
 1.4124069020e-03  5.5749551874e+04 -1.6771977333e-03  1  1.2100000000e+01  2.1251894259e-14
 1.7548741918e+01  5.6309620932e+04  9.7022591956e+00  1  1.2100000000e+01  2.1465394243e-14
 1.3376967964e-03  5.7496568862e+04  2.6700577734e-03  0  8.7600000000e+00  2.1917862309e-14
 3.3823242751e+00  5.9217819514e+04  1.8812104945e-01  2  1.6800000000e+01  2.2574008154e-14
-1.1353930266e+03  6.1066470115e+04  1.0939651602e+03  1  1.2100000000e+01  2.3278719238e-14
-1.2165208276e+01  6.9647538187e+04  3.6141709884e+01  2  1.6800000000e+01  2.6549847797e-14
 2.2931708608e+02  7.2277734196e+04 -6.5148141699e+02  0  8.7600000000e+00  2.7552486304e-14
-8.5852371163e+01  7.9377867238e+04  1.6131988084e+01  0  8.7600000000e+00  3.0259078044e-14
-1.4726427599e+01  9.2768517837e+04 -7.8641255904e+00  0  8.7600000000e+00  3.5363633705e-14
 2.9862258221e+00  9.4232857770e+04 -5.7825142245e+00  1  1.2100000000e+01  3.5921844424e-14
 3.4594606453e+01  9.4445416677e+04  9.8042518260e+01  0  8.7600000000e+00  3.6002872508e-14
 5.1326544857e+01  1.0401836916e+05  2.4355642996e+01  1  1.2100000000e+01  3.9652110343e-14
-1.5610873543e+00  1.0613281848e+05 -2.0948260660e-01  1  1.2100000000e+01  4.0458144683e-14
-6.2698411927e+01  1.0976351454e+05  4.9284762895e+01  1  1.2100000000e+01  4.1842176774e-14
-7.1027617685e+02  1.1136484751e+05 -4.3905739210e+02  1  1.2100000000e+01  4.2452609642e-14
 8.1631616088e+01  1.1593439215e+05 -3.5606344532e+02  1  1.2100000000e+01  4.4194533593e-14
-4.2061754233e+02  1.2036106238e+05  5.4264248249e+02  2  1.6800000000e+01  4.5881993391e-14
 3.1068471271e+00  1.2147800820e+05 -9.5288744266e+00  1  1.2100000000e+01  4.6307776444e-14
 4.2766773376e+01  1.2225878617e+05 -3.4398833592e+00  0  8.7600000000e+00  4.6605411319e-14
-4.3431630460e+00  1.2271618621e+05  4.5001645207e+00  0  8.7600000000e+00  4.6779773571e-14
 2.2204928475e+01  1.2346435766e+05  1.7368084397e+01  2  1.6800000000e+01  4.7064978743e-14
-4.3390018536e-03  1.2415918077e+05  4.3958458302e-03  3  3.2200000000e+01  4.7329847370e-14
-3.6500049815e+01  1.3199292808e+05  5.5435901416e+01  0  8.7600000000e+00  5.0316095042e-14
-1.0325707569e+02  1.3591632694e+05  3.2907436805e+02  1  1.2100000000e+01  5.1811706305e-14
-4.1036406552e+00  1.4107243176e+05 -1.6653933951e+00  0  8.7600000000e+00  5.3777228730e-14
 9.8086748551e-04  1.4254293488e+05 -4.5601710861e-03  3  3.2200000000e+01  5.4337788873e-14
-1.0062832456e+03  1.4396861608e+05 -6.7375283335e+02  0  8.7600000000e+00  5.4881262767e-14
 2.1184954924e+02  1.4524960950e+05  5.1729616976e+02  0  8.7600000000e+00  5.5369581253e-14
-2.7954446933e-03  1.4867153403e+05 -3.0389606478e-03  3  3.2200000000e+01  5.6674029017e-14
 6.7580398195e+00  1.4869901843e+05  2.9783121962e+00  1  1.2100000000e+01  5.6684506151e-14
 2.2855340772e+00  1.4984730501e+05  6.5131725826e+00  0  8.7600000000e+00  5.7122236398e-14
-7.4038892570e+00  1.5142412446e+05 -1.1751582475e+01  2  1.6800000000e+01  5.7723324641e-14
 1.0028090927e+00  1.5683318792e+05  4.8915093427e-01  0  8.7600000000e+00  5.9785275649e-14
 4.0502339027e-01  1.5806351136e+05 -1.3734171997e+00  2  1.6800000000e+01  6.0254278588e-14
 7.6629292868e+01  1.5914452546e+05  5.6169542685e+01  0  8.7600000000e+00  6.0666364365e-14
 4.1883926369e-03  1.5936018332e+05  4.3150487073e-03  2  1.6800000000e+01  6.0748573777e-14
-1.0974762345e+01  1.6054724405e+05  8.2142753045e+00  1  1.2100000000e+01  6.1201084845e-14
-9.5751847182e+00  1.6293969478e+05  2.8648976597e+01  1  1.2100000000e+01  6.2113094148e-14
-7.2494860101e+00  1.6451282174e+05  2.2932137098e+01  2  1.6800000000e+01  6.2712774803e-14
-1.8311021770e+00  1.7180838123e+05  9.9716708104e-01  3  3.2200000000e+01  6.5493863681e-14
 3.0236240979e-03  1.7817116954e+05 -1.9497859324e-03  0  8.7600000000e+00  6.7919377427e-14
-6.1454961641e+01  1.7859450600e+05 -2.3909007660e+02  2  1.6800000000e+01  6.8080754541e-14
-6.5196115888e+00  1.7881839893e+05 -2.4940910880e+00  1  1.2100000000e+01  6.8166103187e-14
-5.2166006086e-05  1.8346200306e+05  3.2459357047e-03  4  4.0000000000e+01  6.9936258833e-14
-2.0298614915e+01  1.8406349860e+05 -3.0447804947e+02  1  1.2100000000e+01  7.0165550716e-14
-9.2721021657e+01  1.8574536501e+05 -5.9978270263e+02  0  8.7600000000e+00  7.0806683171e-14
-1.7372164901e+00  1.8614513330e+05  4.1131463417e+00  0  8.7600000000e+00  7.0959076025e-14
-6.3962868485e+01  1.8719822483e+05 -4.3753809414e+01  0  8.7600000000e+00  7.1360517635e-14
-2.9562619521e+01  1.8928369487e+05  2.9944501066e+01  0  8.7600000000e+00  7.2155504991e-14
 2.7774647304e+01  1.9165800403e+05  4.8080545376e+01  0  8.7600000000e+00  7.3060598671e-14
 3.9908975390e-02  1.9232252776e+05 -3.0148094306e+00  0  8.7600000000e+00  7.3313917085e-14
 1.4864646453e+02  1.9295232362e+05 -1.9625780618e+02  2  1.6800000000e+01  7.3553997133e-14
-1.8801803630e+00  1.9403229733e+05 -5.9296085068e+00  1  1.2100000000e+01  7.3965686309e-14
 1.0954843495e+02  1.9970650061e+05  4.0329634088e+01  1  1.2100000000e+01  7.6128709401e-14
 1.1631045918e+01  2.0100816858e+05  1.8798735747e+02  1  1.2100000000e+01  7.6624909086e-14
 1.2606441244e+02  2.0276653996e+05 -1.0923819006e+02  1  1.2100000000e+01  7.7295205462e-14
-7.7460221058e+01  2.0277020789e+05 -2.2785354224e-01  0  8.7600000000e+00  7.7296603689e-14
-2.1627052893e+01  2.0437751185e+05  1.1818689810e+01  2  1.6800000000e+01  7.7909312717e-14
-1.2159587241e+02  2.0725716326e+05 -2.3833639282e+01  0  8.7600000000e+00  7.9007044363e-14
-4.5238320811e+00  2.0732923352e+05  8.2162693745e-01  1  1.2100000000e+01  7.9034517758e-14
-1.0676949094e+01  2.1030084910e+05  2.4674239189e+00  0  8.7600000000e+00  8.0167306417e-14
 4.4413884494e-03  2.1089479946e+05 -3.5843314131e-03  1  1.2100000000e+01  8.0393722054e-14
-8.3254984490e-02  2.1204268770e+05 -5.3105336159e+02  2  1.6800000000e+01  8.0831300450e-14
-1.8580594970e-03  2.1224380696e+05  1.5940336122e-03  3  3.2200000000e+01  8.0907967710e-14
 2.0294547930e+00  2.1441709666e+05 -2.5739718161e+00  2  1.6800000000e+01  8.1736432177e-14
 7.9037426458e+00  2.2317931223e+05  4.5280926204e+01  0  8.7600000000e+00  8.5076614699e-14
 3.1242903432e+02  2.2319501329e+05  5.9358460462e+02  1  1.2100000000e+01  8.5082599991e-14
 1.8979781364e+01  2.2342496954e+05  7.2845035284e+00  1  1.2100000000e+01  8.5170259992e-14
 2.1592245941e+03  2.2352684352e+05 -3.9893713644e+02  1  1.2100000000e+01  8.5209094657e-14
-3.6859964491e+00  2.2402413361e+05 -2.4485163078e+00  2  1.6800000000e+01  8.5398663112e-14
-1.5804944048e+01  2.2466457315e+05 -1.3832687136e+01  2  1.6800000000e+01  8.5642800559e-14
 1.5363043538e+02  2.2522485426e+05 -1.0868502387e+02  1  1.2100000000e+01  8.5856381379e-14
 9.2292049710e-04  2.2966641966e+05  1.5247947334e-03  3  3.2200000000e+01  8.7549519263e-14
 2.8593751016e+02  2.3547286457e+05  3.3317882521e+03  0  8.7600000000e+00  8.9762953256e-14
-3.9121493394e+00  2.5160934184e+05 -3.0892964867e+00  0  8.7600000000e+00  9.5914226172e-14
 2.7877695135e+00  2.5405482528e+05  4.2263524934e+00  0  8.7600000000e+00  9.6846451701e-14
 1.6723459965e-01  2.5525251307e+05 -1.8374349380e+01  0  8.7600000000e+00  9.7303013835e-14
-1.6270151705e+01  2.5613930156e+05 -7.7018950553e+00  1  1.2100000000e+01  9.7641060233e-14
-2.7749158106e-03  2.5923508083e+05  1.9899717565e-03  1  1.2100000000e+01  9.8821180457e-14
 2.5089721566e+01  2.6803311149e+05  2.2225598971e+01  3  3.2200000000e+01  1.0217501580e-13
 1.6963631185e+02  2.7068797886e+05  2.9599262873e+02  1  1.2100000000e+01  1.0318705910e-13
-1.5532331307e+02  2.7485363062e+05 -1.0454640741e+03  2  1.6800000000e+01  1.0477501789e-13
 6.6851647985e+00  2.7536259328e+05 -6.9363684437e+01  1  1.2100000000e+01  1.0496903596e-13
 1.2801644378e+02  2.7914951785e+05  7.7351705085e+01  1  1.2100000000e+01  1.0641262282e-13
 7.6185617011e-01  2.8325909072e+05  2.2297606355e+00  1  1.2100000000e+01  1.0797920417e-13
 1.3459079641e+02  2.8637958219e+05  1.0915340848e+02  0  8.7600000000e+00  1.0916874476e-13
-1.4357689449e+02  2.8679745247e+05  9.4763578248e+01  3  3.2200000000e+01  1.0932803815e-13
-4.5446890963e-03  2.8825222559e+05 -2.5896414870e-03  3  3.2200000000e+01  1.0988260197e-13
 7.7736069618e+01  2.8979257558e+05  5.0531619781e+01  0  8.7600000000e+00  1.1046978794e-13
 2.3271588781e+00  2.9612493060e+05  2.0414319948e+00  0  8.7600000000e+00  1.1288370043e-13
 1.6150946382e+01  2.9680312074e+05  3.8304181260e+01  2  1.6800000000e+01  1.1314222852e-13
 6.2731634297e+01  2.9970648246e+05 -2.3719164304e+01  0  8.7600000000e+00  1.1424899860e-13
-9.7195910912e-01  3.0000881957e+05  1.1756296794e+01  1  1.2100000000e+01  1.1436425041e-13
-5.6823354189e+01  3.0161184558e+05 -1.7587164732e+01  1  1.2100000000e+01  1.1497532866e-13
 3.3054117338e+01  3.0243162739e+05 -2.0935079847e+01  0  8.7600000000e+00  1.1528783192e-13
 6.0787856125e+00  3.0441706567e+05  7.6520058653e+00  1  1.2100000000e+01  1.1604468687e-13
-2.8953520609e+01  3.0679337631e+05 -1.0919669130e+01  0  8.7600000000e+00  1.1695054352e-13
-5.5628303194e+01  3.0744836594e+05  2.2897068636e+02  0  8.7600000000e+00  1.1720022751e-13
 5.5365417973e+01  3.1221736423e+05 -5.7430886927e+01  1  1.2100000000e+01  1.1901818378e-13
 1.3050667330e+02  3.1223293430e+05  2.2200994178e+02  0  8.7600000000e+00  1.1902411914e-13
-3.6631111721e+00  3.2097779730e+05  8.8268943189e-01  1  1.2100000000e+01  1.2235768681e-13
 4.2938470108e+01  3.2364464623e+05 -1.0937835540e+01  1  1.2100000000e+01  1.2337429752e-13
 7.2527475250e+00  3.2421734460e+05  1.4148905477e+01  1  1.2100000000e+01  1.2359261183e-13
-4.1044725939e-03  3.3210941694e+05 -3.8708859910e-03  0  8.7600000000e+00  1.2660109318e-13
 4.8637776526e+01  3.3476917856e+05  3.2884220935e+01  0  8.7600000000e+00  1.2761500218e-13
 3.6628710628e+00  3.3865231009e+05  2.5355281735e+00  1  1.2100000000e+01  1.2909526342e-13
-9.6642802435e-01  3.4172109523e+05 -3.4912362769e+01  3  3.2200000000e+01  1.3026509340e-13
-2.7438313679e+01  3.4279657400e+05  1.6313744438e+01  2  1.6800000000e+01  1.3067506909e-13
-5.1836783404e+00  3.4280410401e+05  4.5786423580e+00  0  8.7600000000e+00  1.3067793956e-13
-2.4379926204e+01  3.4283057786e+05 -9.2833504945e+00  0  8.7600000000e+00  1.3068803147e-13
 3.9691439868e+00  3.4286901136e+05  5.2989730764e+00  0  8.7600000000e+00  1.3070268243e-13
-5.6532800722e+01  3.5045794776e+05 -1.0408335083e+02  1  1.2100000000e+01  1.3359560746e-13
 2.0191498413e-03  3.5059483519e+05 -4.1486175401e-03  1  1.2100000000e+01  1.3364778935e-13
 1.5983474709e+00  3.6048820740e+05 -2.8625014283e+00  0  8.7600000000e+00  1.3741917213e-13
-7.1611119974e+01  3.6089707084e+05 -1.9218133025e+01  2  1.6800000000e+01  1.3757503209e-13
-1.4798218594e+02  3.6622369072e+05  7.5663274923e+01  1  1.2100000000e+01  1.3960555536e-13
 1.2846946876e+02  3.6732980207e+05  3.9422061873e+02  0  8.7600000000e+00  1.4002720828e-13
 1.3489485096e+00  3.6734227828e+05  2.7675499431e+00  0  8.7600000000e+00  1.4003196425e-13
 2.0860300735e+00  3.6752262711e+05 -2.4790301199e+00  0  8.7600000000e+00  1.4010071376e-13
-1.7197044150e+01  3.6942001433e+05 -3.9082544993e+01  0  8.7600000000e+00  1.4082400339e-13
 4.1850037124e-03  3.8044410861e+05 -2.6426057972e-03  3  3.2200000000e+01  1.4502642077e-13
 3.2854771378e+00  3.8239985135e+05  4.4731299093e+01  0  8.7600000000e+00  1.4577195570e-13
-6.1460396310e+00  3.8616307833e+05  6.6444892142e+00  0  8.7600000000e+00  1.4720650896e-13
-5.5120262447e+01  3.9449308727e+05  6.4561189141e+01  0  8.7600000000e+00  1.5038193304e-13
 2.4192568265e-01  3.9584003248e+05 -3.1324651655e+00  0  8.7600000000e+00  1.5089539254e-13
-4.7660389094e+00  3.9933128364e+05  2.0702604349e+01  1  1.2100000000e+01  1.5222626782e-13
 7.3626600057e+01  4.0084187247e+05  8.5422367314e-01  1  1.2100000000e+01  1.5280210875e-13
 9.2560491463e+00  4.0219172509e+05 -4.4238535301e+00  0  8.7600000000e+00  1.5331667657e-13
 1.3850876843e+01  4.0609447520e+05 -5.2542241201e+01  0  8.7600000000e+00  1.5480441647e-13
-2.3251468020e+01  4.1004788952e+05 -5.0877920741e+00  0  8.7600000000e+00  1.5631146972e-13
-1.4779509723e+00  4.1147249747e+05 -3.9506444532e+01  1  1.2100000000e+01  1.5685453448e-13
-4.8539304575e+01  4.1494399333e+05  5.5815552762e+01  3  3.2200000000e+01  1.5817787899e-13
 5.5749425645e+01  4.1522493003e+05  1.3958430849e+02  2  1.6800000000e+01  1.5828497289e-13
-1.5361214308e+00  4.1603984678e+05  4.7456496680e+00  0  8.7600000000e+00  1.5859562157e-13
 5.4391417934e-01  4.1618394350e+05  2.8165891904e+00  0  8.7600000000e+00  1.5865055166e-13
-1.4482767607e+01  4.1637852821e+05 -4.5928375444e-01  0  8.7600000000e+00  1.5872472793e-13
-2.6253684412e+02  4.1766607878e+05  1.9552792016e+02  0  8.7600000000e+00  1.5921554602e-13
 2.0926976897e+02  4.2318779960e+05 -1.8044911031e+02  2  1.6800000000e+01  1.6132044235e-13
 2.5546828454e+02  4.2358972368e+05  1.1544466012e+02  0  8.7600000000e+00  1.6147365700e-13
-1.1944227154e+01  4.2457188898e+05 -4.1304779251e+00  3  3.2200000000e+01  1.6184806132e-13
 4.9714888262e-01  4.2479583762e+05  2.4246727853e+00  0  8.7600000000e+00  1.6193343121e-13
-4.2756338973e-03  4.3294564144e+05 -5.7891183793e-04  2  1.6800000000e+01  1.6504016055e-13
 4.8988433867e+01  4.3639570626e+05  1.5065660649e+02  1  1.2100000000e+01  1.6635533548e-13
 6.1149103307e+01  4.3751620022e+05  2.1302147212e+01  1  1.2100000000e+01  1.6678247110e-13
 2.2873998397e-04  4.3755617975e+05  4.4329106572e-03  1  1.2100000000e+01  1.6679771141e-13
 1.7490617932e+01  4.4275955268e+05  3.3293324862e+01  0  8.7600000000e+00  1.6878125258e-13
 3.0682345176e+02  4.4436635512e+05 -2.4687465070e+02  1  1.2100000000e+01  1.6939377043e-13
 1.9748619566e+00  4.5024172574e+05 -4.1762320145e+00  0  8.7600000000e+00  1.7163347910e-13
 3.0810352049e+02  4.5836198250e+05 -4.8095019787e+02  0  8.7600000000e+00  1.7472894503e-13
 5.1311126594e+02  4.5996222682e+05  1.7164104304e+02  0  8.7600000000e+00  1.7533896290e-13
 6.7216748648e+01  4.6113864876e+05 -3.9999393576e+02  1  1.2100000000e+01  1.7578741843e-13
-4.7346988380e+02  4.6206878358e+05 -2.9654857496e+01  0  8.7600000000e+00  1.7614198858e-13
 1.2912783171e+02  4.6287739738e+05  1.2225255261e+02  0  8.7600000000e+00  1.7645023455e-13
-2.4407657002e+02  4.6756994072e+05 -9.5403414302e-01  1  1.2100000000e+01  1.7823904597e-13
 3.9294159594e-03  4.6952418545e+05  1.6940290698e-03  2  1.6800000000e+01  1.7898400985e-13
 1.5465766129e-03  4.7285418857e+05  3.3131327333e-03  3  3.2200000000e+01  1.8025341689e-13
-2.6137880618e+00  4.7322068439e+05  1.3513312721e+00  1  1.2100000000e+01  1.8039312619e-13
-1.4800814456e+01  4.7413783839e+05  2.5711132950e+01  0  8.7600000000e+00  1.8074274801e-13
 3.1711412381e+01  4.7568851596e+05  1.0107140463e+02  1  1.2100000000e+01  1.8133387089e-13
 8.0635685469e+00  4.7911701822e+05 -1.3651420677e+01  1  1.2100000000e+01  1.8264082610e-13
 3.8218477735e-03  4.8002049453e+05  3.7955298828e-03  3  3.2200000000e+01  1.8298523395e-13
-1.8203738958e+01  4.8404853636e+05 -3.2175532625e+01  0  8.7600000000e+00  1.8452073542e-13
-1.9860385731e+02  4.8447786894e+05 -6.5022128895e+01  2  1.6800000000e+01  1.8468439827e-13
-8.8743962197e+00  4.8613402251e+05  3.8606634106e+01  2  1.6800000000e+01  1.8531572892e-13
-9.9848921698e+00  4.8711469545e+05 -2.6053346546e+00  1  1.2100000000e+01  1.8568956434e-13
 4.2588679300e+01  4.8726511826e+05 -3.4610338711e+02  0  8.7600000000e+00  1.8574690597e-13
-5.5808736788e+01  4.8990619997e+05  4.6619013212e+02  1  1.2100000000e+01  1.8675369414e-13
-2.0009694023e+00  4.9175615669e+05  3.2579993986e-01  1  1.2100000000e+01  1.8745890312e-13
 4.7301014579e+01  4.9773900192e+05  2.6668059325e+01  2  1.6800000000e+01  1.8973958143e-13
 1.4707401192e-03  4.9873158784e+05 -1.2708163617e-03  2  1.6800000000e+01  1.9011795813e-13
 1.1210865415e+01  5.0099208711e+05  2.8807136996e+01  0  8.7600000000e+00  1.9097966714e-13
-4.2795256104e+02  5.0885208080e+05  5.8373698440e+02  0  8.7600000000e+00  1.9397592001e-13
 2.3926620396e+00  5.0886470710e+05 -9.7554657759e+00  0  8.7600000000e+00  1.9398073319e-13
-1.4890955713e+03  5.0909893310e+05 -2.4685638097e+02  0  8.7600000000e+00  1.9407002084e-13
-6.5090942686e+00  5.0955006638e+05 -4.5975909925e+01  0  8.7600000000e+00  1.9424199418e-13
-7.0184611635e+02  5.1019809456e+05 -2.4797322602e+01  0  8.7600000000e+00  1.9448902444e-13
 3.4119515251e+00  5.1909703038e+05  1.8192740654e-01  0  8.7600000000e+00  1.9788132513e-13
 1.5721155733e+02  5.1940099019e+05  4.8617287729e+01  0  8.7600000000e+00  1.9799719551e-13
 1.3894096186e-03  5.2149485393e+05  1.8074603736e-03  3  3.2200000000e+01  1.9879538256e-13
 8.4842807399e+01  5.2512554946e+05  1.8846412877e+02  1  1.2100000000e+01  2.0017941445e-13
 8.1657002817e+00  5.2780681024e+05 -7.0508188032e+00  0  8.7600000000e+00  2.0120151900e-13
-3.0080654031e-01  5.3487553295e+05  1.3254866042e+02  2  1.6800000000e+01  2.0389613703e-13
-4.4542683000e+00  5.3520666338e+05 -2.2350722470e+00  0  8.7600000000e+00  2.0402236493e-13
-9.4522515639e-01  5.4019980821e+05 -5.1701157755e+00  2  1.6800000000e+01  2.0592576653e-13
-5.1109642087e+00  5.4074792523e+05 -2.7283964156e+00  0  8.7600000000e+00  2.0613471036e-13
 1.5421937520e+00  5.4156572253e+05 -3.8449966382e-01  2  1.6800000000e+01  2.0644645711e-13
-4.4138046543e+01  5.4339156657e+05  3.5374071346e+01  0  8.7600000000e+00  2.0714247426e-13
-1.7887130878e+00  5.4486116016e+05  3.0004507320e+01  0  8.7600000000e+00  2.0770268769e-13
 1.1097162408e+02  5.5573772239e+05  1.3125735284e+02  0  8.7600000000e+00  2.1184886542e-13
 5.4667663593e+01  5.6290247197e+05  1.0238889086e+01  0  8.7600000000e+00  2.1458008918e-13
 2.3434116806e+02  5.6570868018e+05  2.3778965314e+02  0  8.7600000000e+00  2.1564982406e-13
-9.7272915023e-01  5.6711533623e+05  3.8739978036e+00  1  1.2100000000e+01  2.1618604551e-13
-1.0215333160e+00  5.7521298447e+05  1.1450188861e+00  1  1.2100000000e+01  2.1927289300e-13
 5.9910084015e+01  5.7694083967e+05  2.3326139719e+00  2  1.6800000000e+01  2.1993155652e-13
 1.8666267105e-01  5.7916455254e+05  6.0888575716e-01  2  1.6800000000e+01  2.2077924245e-13
 2.1141007075e+02  5.8142334028e+05  6.8018814031e+02  3  3.2200000000e+01  2.2164029902e-13
 1.7214614444e+00  5.8391482439e+05  3.4548530353e+00  0  8.7600000000e+00  2.2259006014e-13
 3.7226773779e+00  5.8776738510e+05 -3.6471378133e+00  0  8.7600000000e+00  2.2405866769e-13
-1.1582258600e+02  5.9841556426e+05  1.7639012991e+02  1  1.2100000000e+01  2.2811778512e-13
 1.7551987903e+01  6.0887431056e+05  1.3725921023e+02  3  3.2200000000e+01  2.3210469018e-13
-1.9858137613e+02  6.1261274733e+05 -7.4955500697e+01  0  8.7600000000e+00  2.3352979335e-13
 1.1907270518e+00  6.1308738494e+05  1.1429379825e+00  2  1.6800000000e+01  2.3371072661e-13
-8.6634987986e+00  6.1311710856e+05  1.8213362348e+01  0  8.7600000000e+00  2.3372205734e-13
-1.5874725533e+01  6.1774708646e+05  2.8608757355e+01  0  8.7600000000e+00  2.3548701863e-13
-2.0135001731e-03  6.1901734145e+05 -8.9740957408e-04  2  1.6800000000e+01  2.3597124359e-13
-7.1298341655e+00  6.2370916880e+05 -9.2493134054e+00  0  8.7600000000e+00  2.3775978207e-13
 3.9560070719e+01  6.2592230500e+05  6.8575629138e+01  3  3.2200000000e+01  2.3860343614e-13
-1.1300629120e+00  6.2839421113e+05 -8.8530134639e+00  0  8.7600000000e+00  2.3954573408e-13
-5.3715691168e+00  6.2945691060e+05  7.8205468740e-01  1  1.2100000000e+01  2.3995083826e-13
-1.7551891509e+00  6.3190382074e+05  1.0997041637e+00  1  1.2100000000e+01  2.4088360765e-13
 1.6239754697e+02  6.4280945138e+05 -2.5584815261e+02  0  8.7600000000e+00  2.4504086635e-13
 4.4006961210e+00  6.4395721124e+05  1.5044777838e+01  0  8.7600000000e+00  2.4547839581e-13
-3.0219250365e+01  6.5350927257e+05  3.8776979841e+00  0  8.7600000000e+00  2.4911966987e-13
 1.8243684372e+01  6.6437659546e+05  1.1025030523e+00  2  1.6800000000e+01  2.5326232554e-13
-7.1587334740e+01  6.6473770890e+05  7.5504461868e+00  0  8.7600000000e+00  2.5339998305e-13
-2.7627115779e-03  6.6495184562e+05 -2.8934904085e-03  3  3.2200000000e+01  2.5348161260e-13
-1.4122834793e+02  6.7074270220e+05 -2.6261437309e+02  0  8.7600000000e+00  2.5568910428e-13
-3.1189477768e+02  6.7342028652e+05 -4.2796719297e+00  2  1.6800000000e+01  2.5670980735e-13
-8.9329561959e-04  6.7408808299e+05 -3.6194784002e-03  2  1.6800000000e+01  2.5696437334e-13
 3.8844318526e+01  6.7497470093e+05 -1.6323135816e+02  0  8.7600000000e+00  2.5730235472e-13
-3.2229018031e+01  6.8427110897e+05  2.6638575238e+01  1  1.2100000000e+01  2.6084617300e-13
-2.5734713849e-03  6.8518731080e+05 -2.3335652693e-03  2  1.6800000000e+01  2.6119543185e-13
 5.9325296272e+01  6.8730641687e+05  4.9683583826e-01  0  8.7600000000e+00  2.6200324136e-13
-1.9006610495e+01  6.9070323317e+05  7.5698777015e+02  1  1.2100000000e+01  2.6329811779e-13
-2.6782898976e+01  6.9353630084e+05  4.2131474576e+01  1  1.2100000000e+01  2.6437809157e-13
-1.8979964787e+02  7.0178044421e+05 -1.8940702799e+02  1  1.2100000000e+01  2.6752078344e-13
 9.8709867852e+01  7.0181814282e+05  2.6385512386e+00  0  8.7600000000e+00  2.6753515426e-13
-5.8622034629e+00  7.0324750069e+05  8.1399864498e+00  1  1.2100000000e+01  2.6808002972e-13
-1.8693852849e+01  7.0359820518e+05  1.0822740388e+00  2  1.6800000000e+01  2.6821371930e-13
-1.6973201242e+02  7.0440404307e+05  4.6388701785e+01  1  1.2100000000e+01  2.6852090709e-13
-2.6803795216e+01  7.0528952044e+05  2.4039724207e+01  1  1.2100000000e+01  2.6885845369e-13
-3.4437131054e+01  7.0694063964e+05 -2.9507672736e+00  0  8.7600000000e+00  2.6948786522e-13
-2.3148089891e-04  7.1113464153e+05 -4.9946796405e-04  0  8.7600000000e+00  2.7108663116e-13
-1.3429246038e+02  7.1246560534e+05 -5.6210034336e+02  0  8.7600000000e+00  2.7159399850e-13
 6.1066607084e-01  7.2235734685e+05  1.4382712927e+00  0  8.7600000000e+00  2.7536475966e-13
-4.5580718059e-03  7.2270471921e+05  2.4871584109e-03  2  1.6800000000e+01  2.7549717903e-13
-7.4553044099e+02  7.2299223119e+05 -1.6117584956e+01  1  1.2100000000e+01  2.7560677945e-13
 2.9561011016e+00  7.2550272889e+05 -3.6873560512e+00  0  8.7600000000e+00  2.7656378861e-13
 1.6714127300e-03  7.2812138019e+05  1.4337526199e-03  0  8.7600000000e+00  2.7756202624e-13
-1.0471068255e+01  7.3233155449e+05 -7.9709612218e+00  1  1.2100000000e+01  2.7916695715e-13
 8.3003800097e+00  7.3697584710e+05 -1.9724827767e+01  0  8.7600000000e+00  2.8093737524e-13
-4.2363456512e+01  7.4651690426e+05  1.0144613541e+02  1  1.2100000000e+01  2.8457445448e-13
-9.8773658052e+01  7.4918291900e+05 -6.4970879184e+01  1  1.2100000000e+01  2.8559074720e-13
-8.0549558573e+00  7.5002027299e+05  2.5340194020e+02  0  8.7600000000e+00  2.8590994902e-13
 4.2442603567e+00  7.5242976237e+05  1.9270546195e+01  2  1.6800000000e+01  2.8682845351e-13
-4.4657199801e+01  7.5418970931e+05  2.1340764540e+01  1  1.2100000000e+01  2.8749935049e-13
 6.1031628847e+00  7.6047991689e+05  8.6316274822e+00  0  8.7600000000e+00  2.8989719625e-13
 1.3240578509e+00  7.6608879711e+05 -1.2674193374e+00  2  1.6800000000e+01  2.9203531800e-13
-9.0611992315e+01  7.6808997970e+05 -1.6280738021e+02  2  1.6800000000e+01  2.9279817473e-13
 5.5079222435e+02  7.6882491381e+05  3.7082877749e+02  0  8.7600000000e+00  2.9307833378e-13
-2.9197179563e-03  7.7034876221e+05 -1.6996914831e-03  1  1.2100000000e+01  2.9365922931e-13
 1.3848838512e+02  7.7059041033e+05 -1.6710728879e+01  0  8.7600000000e+00  2.9375134628e-13
 1.8116075938e+02  7.7113585095e+05 -1.2072784980e+02  0  8.7600000000e+00  2.9395926986e-13
 9.6199615515e+00  7.7189619393e+05 -1.6514010897e+01  2  1.6800000000e+01  2.9424911486e-13
 3.2852427747e-03  7.8074154578e+05 -4.9246863462e-03  2  1.6800000000e+01  2.9762098918e-13
 7.9218891679e+00  7.8115348368e+05  1.1831590755e+01  2  1.6800000000e+01  2.9777802113e-13
-9.1205399729e+01  7.8194192048e+05 -2.4617971058e+01  1  1.2100000000e+01  2.9807857557e-13
-6.2259378240e+00  7.8432457131e+05 -1.5863553616e-01  0  8.7600000000e+00  2.9898684912e-13
 3.4243561525e+00  7.8505209951e+05 -2.2804871197e+01  1  1.2100000000e+01  2.9926418503e-13
-4.0013400640e+00  7.8714620038e+05  2.4595526276e+00  0  8.7600000000e+00  3.0006246248e-13
 3.1209439015e+00  7.9365713105e+05 -1.0563532066e+01  0  8.7600000000e+00  3.0254444853e-13
-8.5111337403e+01  7.9708678888e+05 -6.4982554963e+01  1  1.2100000000e+01  3.0385184425e-13
 1.5273792951e+00  7.9743747209e+05  4.8297927618e+00  3  3.2200000000e+01  3.0398552573e-13
 7.9657995412e-04  8.0362704286e+05 -1.8807111107e-03  3  3.2200000000e+01  3.0634500843e-13
 6.4316857712e+00  8.0405045562e+05  4.0234472201e+01  0  8.7600000000e+00  3.0650641463e-13
 8.8836214779e-04  8.0620627608e+05  7.0261796271e-04  3  3.2200000000e+01  3.0732821977e-13
 1.2455114528e+00  8.1124034645e+05  2.4834302607e-01  1  1.2100000000e+01  3.0924722231e-13
-1.6352278104e+01  8.1501894719e+05 -9.6722863078e+00  0  8.7600000000e+00  3.1068763610e-13
 9.1783211420e-01  8.1845578315e+05  6.4043650450e+00  1  1.2100000000e+01  3.1199776814e-13
-1.3663694157e+01  8.1906665775e+05  2.6906495201e+01  1  1.2100000000e+01  3.1223063535e-13
-3.5470507708e+01  8.3099395344e+05 -6.5238330946e+00  1  1.2100000000e+01  3.1677735578e-13
 8.8472453212e+01  8.3398900885e+05  8.0996758042e+00  0  8.7600000000e+00  3.1791907978e-13
 6.7187091504e+00  8.3549487993e+05 -1.1037812884e+01  1  1.2100000000e+01  3.1849312229e-13
-5.3742854052e+02  8.3914205511e+05 -1.5305748233e+02  1  1.2100000000e+01  3.1988343627e-13
-2.2166989449e+02  8.4165024536e+05  1.5037161591e+02  2  1.6800000000e+01  3.2083956582e-13
 1.7880055616e+02  8.4244621248e+05  1.6610719039e+01  1  1.2100000000e+01  3.2114299084e-13
-6.0166422441e+00  8.4413774776e+05  3.2501402533e+00  1  1.2100000000e+01  3.2178780910e-13
-2.6694660272e-01  8.4569090012e+05 -1.9970215455e+00  1  1.2100000000e+01  3.2237987538e-13
-8.2353509166e-01  8.5035188649e+05 -5.5271575089e+01  0  8.7600000000e+00  3.2415665718e-13
-9.5330365478e+00  8.5602837591e+05 -1.9871090027e+01  1  1.2100000000e+01  3.2632055176e-13
-7.3459837392e+01  8.5735875481e+05 -2.6058048661e+01  1  1.2100000000e+01  3.2682769614e-13
-1.0999007971e-03  8.6034587827e+05  3.9673038800e-03  1  1.2100000000e+01  3.2796639645e-13
-1.8333694941e-01  8.6035789773e+05 -8.3657093677e-02  0  8.7600000000e+00  3.2797097830e-13
 7.6109568497e+01  8.6426104062e+05  2.8120392644e+01  1  1.2100000000e+01  3.2945886793e-13
-1.2631614623e+02  8.6810814358e+05 -1.8185004974e+02  0  8.7600000000e+00  3.3092539497e-13
-8.2554775573e+00  8.6866635141e+05  1.0534946832e+01  0  8.7600000000e+00  3.3113818545e-13
-4.0234211321e+01  8.7309259886e+05 -2.2544827110e+01  2  1.6800000000e+01  3.3282548408e-13
-1.3755637663e+01  8.7330945557e+05 -1.2336707780e+00  1  1.2100000000e+01  3.3290815050e-13
-7.4162612369e+01  8.7703681479e+05  3.1214341369e+01  0  8.7600000000e+00  3.3432903087e-13
-3.4161495719e+00  8.7718395489e+05  5.8980121187e+00  1  1.2100000000e+01  3.3438512111e-13
-2.3683158076e+01  8.7952764477e+05  1.0596207900e-01  0  8.7600000000e+00  3.3527854264e-13
-2.5818732316e+02  8.8106351525e+05 -2.6277531677e+02  0  8.7600000000e+00  3.3586402101e-13
-1.3041414616e+01  8.8462082405e+05  6.0083153784e+00  1  1.2100000000e+01  3.3722007766e-13
 1.4852514799e+01  8.9211195306e+05 -7.7266406427e+00  0  8.7600000000e+00  3.4007571822e-13
-1.5236886807e-03  8.9246426045e+05  1.3643428666e-03  2  1.6800000000e+01  3.4021001884e-13
-1.1262458770e+02  8.9257808435e+05 -1.1607173962e+02  0  8.7600000000e+00  3.4025340885e-13
-2.1275180125e+00  8.9301882882e+05  1.7483252996e+00  0  8.7600000000e+00  3.4042142195e-13
-5.6369948512e+00  8.9370967770e+05  3.9421113454e+01  1  1.2100000000e+01  3.4068477559e-13
-4.9934229265e+01  8.9571905867e+05  1.9985377530e+02  0  8.7600000000e+00  3.4145075756e-13
-5.1754164752e+00  8.9583943885e+05 -9.0450552467e+00  1  1.2100000000e+01  3.4149664684e-13
 5.1055953629e-04  8.9738494352e+05  9.7412640507e-04  3  3.2200000000e+01  3.4208579780e-13
 2.1424900215e-03  8.9962991432e+05 -1.1702088994e-03  1  1.2100000000e+01  3.4294158732e-13
-2.2453496625e+01  9.0458894731e+05  5.0221028787e+00  0  8.7600000000e+00  3.4483198538e-13
 4.0261215350e+01  9.0531561071e+05  1.9957272373e+02  3  3.2200000000e+01  3.4510899162e-13
 1.7787283920e+00  9.1175635570e+05 -2.3286566072e+00  1  1.2100000000e+01  3.4756422268e-13
-7.1100288322e+00  9.1181680667e+05 -7.7119610811e+00  0  8.7600000000e+00  3.4758726677e-13
 3.6361424845e+01  9.2081673490e+05 -8.2701364818e+01  2  1.6800000000e+01  3.5101806606e-13
-1.1737413488e+01  9.2096007311e+05  3.2982652915e+00  2  1.6800000000e+01  3.5107270701e-13
-5.9165824057e+00  9.2214978647e+05  4.0390584920e+00  3  3.2200000000e+01  3.5152622927e-13
 2.2990280610e-03  9.2355720934e+05 -2.3537870740e-04  2  1.6800000000e+01  3.5206274303e-13
 4.2699715934e+00  9.3132868320e+05 -1.3057298331e+02  0  8.7600000000e+00  3.5502525188e-13
 2.7242846751e+00  9.3204159104e+05  3.9349532136e+00  1  1.2100000000e+01  3.5529701446e-13
 1.5845240545e+01  9.3249156938e+05  7.9111895570e+00  0  8.7600000000e+00  3.5546854753e-13
 1.4516725719e+01  9.3353065520e+05 -5.4865196677e+00  2  1.6800000000e+01  3.5586465013e-13
 2.1446284751e+02  9.3372814182e+05 -1.7345892795e+02  2  1.6800000000e+01  3.5593993261e-13
-1.4674434059e-01  9.3445912969e+05 -1.8189112908e+01  1  1.2100000000e+01  3.5621858735e-13
-5.5588693274e-01  9.3459265710e+05  3.9796887279e-01  0  8.7600000000e+00  3.5626948839e-13
-1.2787211450e+02  9.3761267799e+05  4.1064393351e+01  1  1.2100000000e+01  3.5742072930e-13
 7.1435225897e-01  9.3780104523e+05 -5.1408266317e+00  1  1.2100000000e+01  3.5749253545e-13
-1.1600949825e+01  9.3983763363e+05 -3.1367661684e+01  0  8.7600000000e+00  3.5826888898e-13
 1.8998937166e-01  9.4131656873e+05  1.6441297430e+00  3  3.2200000000e+01  3.5883266342e-13
 3.7146771848e+00  9.4156804395e+05 -9.7889880961e-02  0  8.7600000000e+00  3.5892852652e-13
 3.3608340267e+01  9.5196141108e+05 -1.3380139418e+02  1  1.2100000000e+01  3.6289050885e-13
 3.1990327281e+00  9.5513339705e+05  3.6252163281e+00  0  8.7600000000e+00  3.6409967929e-13
 2.9559353589e+01  9.5618065124e+05 -6.2757249023e+00  0  8.7600000000e+00  3.6449889569e-13
-1.2065033754e+01  9.6050990485e+05 -1.7290987218e+01  3  3.2200000000e+01  3.6614921998e-13
-1.0348117529e+02  9.6355550387e+05 -2.8923600909e+00  0  8.7600000000e+00  3.6731021135e-13
 2.7724246710e-01  9.6414446656e+05  2.4258268067e+00  0  8.7600000000e+00  3.6753472567e-13
-8.3679205957e-01  9.6792061327e+05  9.5738164805e+00  0  8.7600000000e+00  3.6897420398e-13
 1.1332525909e+00  9.7131793904e+05 -1.6233610536e+00  2  1.6800000000e+01  3.7026927462e-13
-7.2765533930e+01  9.7329088176e+05 -1.3802081754e+02  2  1.6800000000e+01  3.7102136623e-13
-3.6624623623e-01  9.8601386011e+05 -1.4972912473e+00  1  1.2100000000e+01  3.7587140325e-13
 3.9900646773e-03  9.8671530152e+05  1.0170315839e-03  0  8.7600000000e+00  3.7613879479e-13
-1.2760307541e+00  9.9417479486e+05 -4.8138485424e+00  0  8.7600000000e+00  3.7898237574e-13
-1.1420017993e+01  9.9523978134e+05 -5.1785664871e+00  2  1.6800000000e+01  3.7938835174e-13
 1.4827497460e+01  1.0001559481e+06 -2.0498923116e+01  1  1.2100000000e+01  3.8126240906e-13