 x                 y                 z               Event            Energy              Time
-2.4590782171e+02  3.8903587484e+03  3.2184951835e+02  7  1.2100000000e+01  1.4830162750e-15
-3.6593227875e+01  4.0748565712e+03 -2.3413449858e+01  7  1.6800000000e+01  1.5533473914e-15
-1.6886710683e+00  1.7170916911e+04 -9.9297126564e-01  7  1.2100000000e+01  6.5456043727e-15
 3.7675593694e+01  2.0138104884e+04 -4.6080890485e+01  7  1.2100000000e+01  7.6767052144e-15
 5.5976361477e-01  2.2096041912e+04  1.7530435459e+00  7  1.6800000000e+01  8.4230766073e-15
-2.7424454720e+01  3.9351985459e+04  3.6262754168e+01  7  1.2100000000e+01  1.5001093386e-14
-7.6521469648e-01  4.0576737327e+04 -7.7534756152e+00 12  1.6767341714e+00  1.5467972425e-14
-5.6598371953e+01  4.8230614918e+04 -1.6636077697e+01  7  1.6800000000e+01  1.8385653227e-14
-1.0533974428e+01  6.8400577242e+04 -1.5771058535e+01  7  1.6800000000e+01  2.6074502592e-14
 6.8629374296e+01  7.4041164962e+04 -1.7820313619e+02  7  8.7600000000e+00  2.8224711334e-14
-1.4726427599e+01  9.2768517837e+04 -7.8641255904e+00 12  5.7720192845e-01  3.5363633705e-14
 2.9862258221e+00  9.4232857770e+04 -5.7825142245e+00 12  8.2723637616e-01  3.5921844424e-14
 3.1699566474e-01  1.1197133329e+05  1.3702257505e+00  7  1.2100000000e+01  4.2683803818e-14
 8.1631616088e+01  1.1593439215e+05 -3.5606344532e+02 12  6.2480956201e-01  4.4194533593e-14
-1.7342111604e+00  1.1796871780e+05 -3.1839089060e+00  7  1.2100000000e+01  4.4970024554e-14
 4.0061597087e+00  1.2953391314e+05  6.2467007999e+00  7  8.7600000000e+00  4.9378711262e-14
-1.0325707569e+02  1.3591632694e+05  3.2907436805e+02 12  1.9062789437e+00  5.1811706305e-14
-7.2099886167e+01  1.3649202979e+05 -3.4136928645e+00  7  1.2100000000e+01  5.2031165935e-14
 3.1921164546e+01  1.3692241190e+05 -4.4042104862e+01  7  1.2100000000e+01  5.2195228871e-14
-4.1036406552e+00  1.4107243176e+05 -1.6653933951e+00 12  9.2673756058e-01  5.3777228730e-14
 2.1184954924e+02  1.4524960950e+05  5.1729616976e+02 12  3.9517735580e-01  5.5369581253e-14
-7.4038892570e+00  1.5142412446e+05 -1.1751582475e+01 12  2.1909593117e+00  5.7723324641e-14
-8.5708490345e+02  1.5995888784e+05 -7.5114087159e+02  7  8.7600000000e+00  6.0976801714e-14
-1.8311021770e+00  1.7180838123e+05  9.9716708104e-01 12  6.9425106307e-01  6.5493863681e-14
-2.0298614915e+01  1.8406349860e+05 -3.0447804947e+02 12  1.5833581353e+00  7.0165550716e-14
 4.2340775600e+00  1.8711245294e+05  5.1598999241e-01  7  1.6800000000e+01  7.1327821136e-14
-2.9562619521e+01  1.8928369487e+05  2.9944501066e+01 12  1.8582331205e+00  7.2155504991e-14
-1.2654828268e+01  1.9551038089e+05  2.7167360412e+01  7  1.2100000000e+01  7.4529136138e-14
-4.5238320811e+00  2.0732923352e+05  8.2162693745e-01 12  6.6547846189e-01  7.9034517758e-14
 1.1679071877e+01  2.1906809802e+05  1.6652215027e+01  7  8.7600000000e+00  8.3509407668e-14
 3.1242903432e+02  2.2319501329e+05  5.9358460462e+02 12  1.5754169732e+00  8.5082599991e-14
-3.9121493394e+00  2.5160934184e+05 -3.0892964867e+00 12  1.5146628393e+00  9.5914226172e-14
-1.5532331307e+02  2.7485363062e+05 -1.0454640741e+03 12  5.8305192664e-01  1.0477501789e-13
 1.2801644378e+02  2.7914951785e+05  7.7351705085e+01 12  6.7729498662e-01  1.0641262282e-13
 1.3459079641e+02  2.8637958219e+05  1.0915340848e+02 12  2.7103567182e+00  1.0916874476e-13
-7.4660796986e+00  2.9904971841e+05 -9.6333647050e-01  7  8.7600000000e+00  1.1399863820e-13
-5.6823354189e+01  3.0161184558e+05 -1.7587164732e+01 12  3.9932770464e-01  1.1497532866e-13
 2.0605961140e+01  3.0331311921e+05 -4.7673095512e+01  7  1.6800000000e+01  1.1562385921e-13
 4.5280024210e+01  3.0541773772e+05 -6.4663888675e+00  7  1.2100000000e+01  1.1642614602e-13
-5.5628303194e+01  3.0744836594e+05  2.2897068636e+02 12  1.5032907094e+00  1.1720022751e-13
-9.7962161538e-01  3.0932664579e+05  2.0294002033e+00  7  8.7600000000e+00  1.1791623335e-13
-2.2500810267e+00  3.2399142710e+05  4.9132134842e+00  7  1.2100000000e+01  1.2350649141e-13
 7.2527475250e+00  3.2421734460e+05  1.4148905477e+01 12  1.1664620918e-01  1.2359261183e-13
 4.8637776526e+01  3.3476917856e+05  3.2884220935e+01 12  2.3857215927e+00  1.2761500218e-13
-2.7438313679e+01  3.4279657400e+05  1.6313744438e+01 12  2.3244731431e+00  1.3067506909e-13
 1.0641414112e+00  3.5033485089e+05  4.7882231264e-01  7  1.2100000000e+01  1.3354868257e-13
-5.6532800722e+01  3.5045794776e+05 -1.0408335083e+02 12  1.7579474544e+00  1.3359560746e-13
 1.5983474709e+00  3.6048820740e+05 -2.8625014283e+00 12  6.0299329644e-01  1.3741917213e-13
 1.3489485096e+00  3.6734227828e+05  2.7675499431e+00 12  6.1174134141e-01  1.4003196425e-13
-3.3487634847e+00  3.8752467886e+05  5.6597281165e+01  7  1.2100000000e+01  1.4772555512e-13
-1.5647128636e+00  3.9068734108e+05 -1.0216142430e+01  7  1.6800000000e+01  1.4893117132e-13
 1.5851650383e+00  3.9815168039e+05 -2.0882773102e+00  1  9.3047509633e+00  1.5177659957e-13
 2.9470326156e+01  4.0927809182e+05 -6.1510653683e+01  7  1.2100000000e+01  1.5601802055e-13
-1.3949915510e+00  4.1105128133e+05  3.5041594617e-02  7  8.7600000000e+00  1.5669396565e-13
 5.5749425645e+01  4.1522493003e+05  1.3958430849e+02 12  1.6809660273e+00  1.5828497289e-13
-1.5361214308e+00  4.1603984678e+05  4.7456496680e+00 12  1.8149056377e+00  1.5859562157e-13
 2.0926976897e+02  4.2318779960e+05 -1.8044911031e+02 12  1.6100150211e+00  1.6132044235e-13
 2.5546828454e+02  4.2358972368e+05  1.1544466012e+02 12  1.6555385924e+00  1.6147365700e-13
 2.5591449086e+01  4.5677420526e+05  1.5991072030e+02  7  8.7600000000e+00  1.7412367964e-13
 3.0810352049e+02  4.5836198250e+05 -4.8095019787e+02 12  1.5819887042e+00  1.7472894503e-13
 1.2912783171e+02  4.6287739738e+05  1.2225255261e+02 12  1.3402722500e+00  1.7645023455e-13
 1.1210865415e+01  5.0099208711e+05  2.8807136996e+01 12  1.6183089908e+00  1.9097966714e-13
 1.6010101383e+01  5.0443600641e+05  1.3197822319e+01  7  8.7600000000e+00  1.9229249938e-13
 3.5344943729e+00  5.0770913554e+05  8.0714619061e-01  7  8.7600000000e+00  1.9354022589e-13
 2.3926620396e+00  5.0886470710e+05 -9.7554657759e+00 12  2.1026503396e+00  1.9398073319e-13
-1.4890955713e+03  5.0909893310e+05 -2.4685638097e+02 12  7.5840710889e-01  1.9407002084e-13
-7.0184611635e+02  5.1019809456e+05 -2.4797322602e+01 12  1.4658800796e+00  1.9448902444e-13
 1.5721155733e+02  5.1940099019e+05  4.8617287729e+01 12  1.8536512489e+00  1.9799719551e-13
-9.4522515639e-01  5.4019980821e+05 -5.1701157755e+00 12  1.3036877085e+00  2.0592576653e-13
 1.5421937520e+00  5.4156572253e+05 -3.8449966382e-01 12  1.1671443855e+00  2.0644645711e-13
-4.4138046543e+01  5.4339156657e+05  3.5374071346e+01 12  6.4471594348e-01  2.0714247426e-13
-1.2111637756e+01  5.5197708350e+05  1.4968739087e+01  7  8.7600000000e+00  2.1041529874e-13
 5.1612426577e+01  5.6099607578e+05 -3.3045650405e+00  7  1.2100000000e+01  2.1385336531e-13
 5.4667663593e+01  5.6290247197e+05  1.0238889086e+01 12  1.0108964502e-01  2.1458008918e-13
-7.1421185528e+01  5.6532397803e+05 -7.5744905257e+01  7  8.7600000000e+00  2.1550317446e-13
 2.3434116806e+02  5.6570868018e+05  2.3778965314e+02 12  1.4285449821e+00  2.1564982406e-13
-5.4520065892e-01  5.9054021260e+05  2.7824948370e+00  7  1.2100000000e+01  2.2511567775e-13
-8.6634987986e+00  6.1311710856e+05  1.8213362348e+01 12  9.0385161984e-03  2.3372205734e-13
-2.4270433706e+01  6.1491669077e+05  1.2596971171e+01  7  1.6800000000e+01  2.3440806341e-13
 3.2667216997e+01  6.2619993914e+05  2.3749317181e+01  7  8.7600000000e+00  2.3870927110e-13
 5.6694261085e+02  6.3239121467e+05 -7.0734274922e+02  4  1.0550650716e+01  2.4106940366e-13
-7.5176375789e+00  6.3930803318e+05  1.8538841006e+00  7  8.7600000000e+00  2.4370611536e-13
 1.6239754697e+02  6.4280945138e+05 -2.5584815261e+02 12  6.6459453354e-01  2.4504086635e-13
 4.4006961210e+00  6.4395721124e+05  1.5044777838e+01 12  1.9704581273e+00  2.4547839581e-13
 6.8881115301e-01  6.5053810033e+05 -4.2438717262e-01  7  1.6800000000e+01  2.4798705022e-13
-3.0219250365e+01  6.5350927257e+05  3.8776979841e+00 12  9.3632608653e-01  2.4911966987e-13
-4.4690968147e+00  6.6458920922e+05  2.5022164918e+00  7  1.2100000000e+01  2.5334337453e-13
-9.9961542238e+01  6.6871658421e+05 -1.8816412315e+02  7  1.2100000000e+01  2.5491674210e-13
-1.9006610495e+01  6.9070323317e+05  7.5698777015e+02 12  7.7853777229e-01  2.6329811779e-13
 2.2587162289e+01  7.0072305659e+05 -1.4823691121e+01  7  1.2100000000e+01  2.6711770415e-13
-3.4437131054e+01  7.0694063964e+05 -2.9507672736e+00 12  1.0792334333e+00  2.6948786522e-13
 6.1066607084e-01  7.2235734685e+05  1.4382712927e+00 12  1.0428179583e+00  2.7536475966e-13
-7.4553044099e+02  7.2299223119e+05 -1.6117584956e+01 12  8.9851037661e-01  2.7560677945e-13
 1.5132724520e+00  7.4518291403e+05  1.8288870424e+00  7  8.7600000000e+00  2.8406593346e-13
-7.7098613869e+01  7.4837519476e+05  1.2158572098e+02  7  1.6800000000e+01  2.8528284033e-13
-7.7098613869e+01  7.4837519476e+05  1.2158572098e+02 12  2.2416515997e+00  2.8528284033e-13
-4.1913602892e+01  7.4969928232e+05  2.8541754665e+01  7  8.7600000000e+00  2.8578758642e-13
 4.2442603567e+00  7.5242976237e+05  1.9270546195e+01 12  1.9929293353e+00  2.8682845351e-13
 1.3240578509e+00  7.6608879711e+05 -1.2674193374e+00 12  3.7345804391e-01  2.9203531800e-13
 3.1021588741e+02  7.8233885898e+05  6.0429917588e+01  7  1.6800000000e+01  2.9822988970e-13
-1.6352278104e+01  8.1501894719e+05 -9.6722863078e+00 12  9.5659978393e-01  3.1068763610e-13
 1.0903637532e+02  8.1749281482e+05  4.4466086735e+02  7  1.2100000000e+01  3.1163068176e-13
 1.8918448305e+02  8.2651329564e+05  2.4738586961e+02  7  1.6800000000e+01  3.1506931576e-13
 8.8472453212e+01  8.3398900885e+05  8.0996758042e+00 12  3.0134903197e-01  3.1791907978e-13
 6.1128816595e+00  8.5141613868e+05 -3.3728786765e-01  7  1.2100000000e+01  3.2456235327e-13
 2.1189597044e+00  8.5350580543e+05 -8.9304553511e+00  7  1.2100000000e+01  3.2535894043e-13
-1.8333694941e-01  8.6035789773e+05 -8.3657093677e-02 12  3.3245732303e+00  3.2797097830e-13
 7.4886072206e+01  8.7116674994e+05  1.1315576548e+01  7  1.2100000000e+01  3.3209134477e-13
 1.3703532154e+02  8.8697531811e+05 -1.1119696238e+01  7  1.2100000000e+01  3.3811761777e-13
-1.0196117980e+01  8.9028136592e+05 -1.2812391433e+02  7  1.6800000000e+01  3.3937789298e-13
-1.0196117980e+01  8.9028136592e+05 -1.2812391433e+02 12  3.2932738820e+00  3.3937789298e-13
-5.1754164752e+00  8.9583943885e+05 -9.0450552467e+00 12  2.7814968971e-01  3.4149664684e-13
 2.7242846751e+00  9.3204159104e+05  3.9349532136e+00 12  1.1288232410e+00  3.5529701446e-13
 7.9036493816e+02  9.3226627522e+05  1.3160458756e+03  0  8.2764324461e+00  3.5538266474e-13
 2.1446284751e+02  9.3372814182e+05 -1.7345892795e+02 12  5.8299396155e-01  3.5593993261e-13
-5.5588693274e-01  9.3459265710e+05  3.9796887279e-01 12  1.2565180265e+00  3.5626948839e-13
 7.1435225897e-01  9.3780104523e+05 -5.1408266317e+00 12  9.0946183887e-01  3.5749253545e-13
-1.1600949825e+01  9.3983763363e+05 -3.1367661684e+01 12  7.0066004324e-01  3.5826888898e-13
 2.9559353589e+01  9.5618065124e+05 -6.2757249023e+00 12  6.3995924948e-01  3.6449889569e-13
-1.0348117529e+02  9.6355550387e+05 -2.8923600909e+00 12  1.0462091281e+00  3.6731021135e-13
-2.2654873928e+01  9.6728836581e+05  2.3673087324e+01  7  8.7600000000e+00  3.6873318938e-13
-8.3679205957e-01  9.6792061327e+05  9.5738164805e+00 12  5.1510728570e-01  3.6897420398e-13
 6.0105604237e+02  1.5294905925e+03 -1.1856929287e+02 11  3.0823049988e+00  5.8304634299e-16
-2.9641537244e+00  1.9894176604e+03 -2.6074154192e+00 11  5.9278057088e+00  7.5837190321e-16
-3.7751925224e+02  2.0941402399e+03 -4.3498582648e+02 11  1.6843170466e+00  7.9829246059e-16
-2.9357681502e+02  3.8869571277e+03  3.0383070011e+02 10  6.6297821465e+00  3.7432574601e-14
-3.6593227875e+01  4.0748565712e+03 -2.3413449858e+01 11  6.3124808147e+00  1.5533473914e-15
 1.7623053352e+02  4.8674126569e+03  3.5086967132e+02 11  2.4415768659e-02  1.8554721182e-15
 4.6731247848e+01  1.1905800824e+04  1.9340029379e+01 11  3.9279421415e+00  4.5385265295e-15
-4.5934479351e+00  1.2468218581e+04 -1.8968028143e+02 10  6.6888477021e+00  2.6999042009e-14
-2.4753660303e+01  1.7146533334e+04 -6.5020325810e+00 10  2.0045351268e+00  9.0240331411e-15
-2.1099388987e+01  1.7147826601e+04 -8.5515392644e+00 11  1.4203039762e+00  9.0240331411e-15
 5.7199981555e+01  1.7594833070e+04  1.1744157585e+02 11  6.2421368911e+00  6.7072024681e-15
 5.5452069675e+01  2.0101593510e+04 -7.5756823389e+01 10  6.7176668801e+00  1.7478519473e-14
 1.5776891404e+01  2.1453172525e+04  8.7243753525e+00 10  5.5576939838e+00  9.7973390046e-15
 1.4662345486e+01  2.1456975787e+04  9.9439590529e+00 11  3.9247717578e+00  9.7973390046e-15
-5.7205021513e+00  2.1494872237e+04 -1.5111397278e+01 12  1.4266422029e+00  8.4635530359e-15
-1.6262603316e+01  2.1515317936e+04 -6.3564822590e+01 12  7.3286297334e-01  8.9201151459e-15
-1.9507809208e+01  2.1507435843e+04 -2.3464836142e+01  1  8.2742010491e+00  9.1470628918e-15
-1.8821781804e+01  2.1525129449e+04 -2.9469373714e+01 12  1.3694697041e+00  9.7211638138e-15
 1.8120938630e+01  2.1532708639e+04 -2.2232028911e+01 12  4.5898500013e-01  1.0793497149e-14
-2.0874884121e+01  2.1586008583e+04  2.6169022917e+01 10  3.6088105493e+00  2.1630704855e-14
-1.6499168011e+01  2.1582762401e+04  2.9909549277e+01 11  3.6823609520e-01  2.1630704855e-14
-1.3952498082e+01  2.1499904688e+04 -2.6617628483e+01 11  1.7601832640e-01  9.0855863357e-15
-4.2327316074e+00  2.1494044169e+04 -2.5914371857e+01 11  6.3162499598e+00  8.8115478238e-15
-5.9793415896e+00  2.1499176769e+04 -2.7669106599e+01 11  4.4365612606e+00  8.7928717061e-15
 5.5976361477e-01  2.2096041912e+04  1.7530435459e+00 11  4.0825949781e+00  8.4230766073e-15
-9.4506206617e+01  2.4770074315e+04 -7.3961038430e+01 12  1.8532894451e-01  9.8807923460e-15
-9.0516531922e+01  2.4767759342e+04 -7.4699928582e+01 10  6.3156819827e+00  9.8807923460e-15
-6.7906975236e+01  2.5541197592e+04  2.1637561566e+02  7  1.6800000000e+01  9.8203398299e-15
-1.0442515194e+02  2.5551896356e+04  2.5156933366e+02 10  6.7300428576e+00  3.5095679832e-14
-6.7906975236e+01  2.5541197592e+04  2.1637561566e+02 11  3.2816294643e+00  9.8203398299e-15
-2.9283260712e+02  3.1181309004e+04  3.6443378449e+01 11  4.8341120206e+00  1.1886407326e-14
-3.0047044799e+01  4.1131317507e+04  5.9980076288e+01 11  3.9345510463e-01  1.5679380031e-14
 4.0772289625e+00  4.1389659067e+04 -7.7002619895e+00 11  5.3890837702e+00  1.5777860599e-14
-3.0001668044e+01  4.2217928256e+04  1.8139116197e+02 12  5.7531318948e-01  1.7666576547e-14
-3.3174637845e+01  4.2220252466e+04  1.7843659544e+02 10  2.6944547892e+00  1.7666576547e-14
 6.4540070782e+01  4.3659189563e+04  4.9970144115e+01 11  1.8489005133e+00  1.6643012345e-14
-5.6598371953e+01  4.8230614918e+04 -1.6636077697e+01 11  2.6491086798e+00  1.8385653227e-14
-3.0283981307e+00  5.1017336408e+04  3.9162904722e-01 12  9.6423949364e-01  1.9597873888e-14
-6.9730863176e+00  5.1013465687e+04 -8.2277437499e+00 12  1.2109041300e+00  2.0061449628e-14
-6.0423720841e+00  5.1015425079e+04 -8.4022241700e+00 10  1.6435529298e+00  2.0061449628e-14
-2.9213201668e+01  5.1029107506e+04 -1.6139398609e+01 10  6.5155848243e+00  5.6318208713e-14
-2.2851978815e-01  5.3626332324e+04  1.9733487423e+00 11  2.6785050151e+00  2.0442516680e-14
 7.7412841256e+00  5.5705554887e+04 -3.0152397376e+01  7  1.6800000000e+01  2.1905675046e-14
 2.9669824521e+01  5.5719321126e+04 -5.1166798319e+01  7  1.6800000000e+01  2.2315381071e-14
 2.5958177548e+01  5.5732404620e+04 -4.7321084144e+01  3  8.7600000000e+00  2.2341553027e-14
 2.5958177548e+01  5.5732404620e+04 -4.7321084144e+01 12  1.5428325544e+00  2.2341553027e-14
 3.4788175723e+01  5.5720844995e+04 -5.2959524638e+01 12  5.7175268198e-01  2.2402385609e-14
 3.1713027472e+01  5.5726502401e+04 -6.1498943934e+01  7  8.7600000000e+00  2.2504637133e-14
 5.9543165203e+01  5.5730805237e+04 -6.6982269093e+01 12  6.0103839422e-01  2.3303898753e-14
 1.3679077908e+00  5.5754854734e+04 -7.1950128353e+01 10  6.3473129776e+00  3.9947494184e-14
 5.5046259735e+01  5.5733382369e+04 -6.4539138301e+01 12  1.2200394263e+00  2.4085655797e-14
 5.2854407594e+01  5.5734894380e+04 -6.5646216346e+01 10  2.9160832720e+00  2.4085655797e-14
 4.8286961933e+01  5.5730837143e+04 -6.4618655558e+01  0  7.9074078327e+00  2.3492144235e-14
 4.9187523528e+01  5.5725615821e+04 -5.9114149518e+01 10  1.8326989690e+00  2.3492144235e-14
-1.1215797410e+01  5.5730865727e+04 -7.3483185058e+01 12  2.2409919547e-01  4.4175980876e-14
-1.0836416351e+01  5.5731737728e+04 -7.4411911772e+01 10  2.0555749934e+00  4.4175980876e-14
 2.9669824521e+01  5.5719321126e+04 -5.1166798319e+01 11  5.3721763740e+00  2.2315381071e-14
 3.1307429496e+01  5.5727928503e+04 -4.2741614062e+01  7  1.6800000000e+01  2.4250809341e-14
 3.1307429496e+01  5.5727928503e+04 -4.2741614062e+01 12  1.1743366718e+00  2.4250809341e-14
 3.1687665169e+01  5.5727520166e+04 -4.2684597299e+01 10  1.1335883055e-01  2.4250809341e-14
 2.2392497942e+01  5.5724445247e+04 -4.4044664181e+01 11  4.3538568926e+00  2.3837782477e-14
 1.0742891733e+01  5.5698977881e+04 -3.6227698474e+01 11  4.1613554574e+00  2.1947085185e-14
 7.7412841256e+00  5.5705554887e+04 -3.0152397376e+01 11  5.8798414078e+00  2.1905675046e-14
 1.5696672734e+01  5.5725488164e+04 -3.3518624263e+01 11  3.0581217935e+00  2.1702807761e-14
 8.4174425754e+00  5.5729435393e+04 -1.1130197621e+01  7  8.7600000000e+00  2.2380040419e-14
 7.5806791198e+00  5.5724989600e+04 -1.0964712543e+01 10  6.5246538416e+00  2.2380040419e-14
 1.9073121206e+01  5.5757359020e+04  7.6512804708e+00 12  5.2100541000e-01  2.5319202731e-14
 1.8138153961e+01  5.5753771313e+04  5.8196387135e+00 10  1.0759229371e+00  2.5319202731e-14
 1.7758639916e+01  5.6305188552e+04  6.1779586541e+00 12  1.0232341889e+00  2.2210906878e-14
 1.5548109946e+01  5.6307984279e+04  2.0655032741e+00 10  5.1483633508e+00  2.2210906878e-14
-1.4227975274e+01  5.7504796076e+04  8.8711707820e+00  7  1.2100000000e+01  2.2784869559e-14
-1.4508858824e+01  5.7503281149e+04  1.1603584807e+01  7  8.7600000000e+00  2.3170506111e-14
-1.3617213512e+01  5.7502968252e+04  1.2651198111e+01 10  1.6011109513e+00  2.3170506111e-14
-4.1798957022e+01  5.7517589700e+04 -4.0424931743e+01 12  1.7966119120e-01  2.8562516373e-14
-4.3357041396e+01  5.7516535487e+04 -3.4507501791e+01 10  2.6580594988e+00  2.8562516373e-14
-5.2559571854e+00  5.7499878481e+04  6.0925569936e+00  0  8.0938338783e+00  2.8200040362e-14
-7.1018838694e+00  5.7502250704e+04  3.7588642482e+00 10  2.0481923603e+00  2.8200040362e-14
 3.3718592096e+00  5.7503958679e+04 -5.4525158717e+00 11  1.4691984740e-01  2.2228393698e-14
 1.7500015363e+01  5.9188920426e+04  9.6110168738e+00  0  8.5199292634e+00  2.8956413498e-14
 1.6893236452e+01  5.9189497356e+04  8.9846372649e+00 10  1.1422050523e+00  2.8956413498e-14
-1.1353930266e+03  6.1066470115e+04  1.0939651602e+03 11  3.7884599293e+00  2.3278719238e-14
 1.5386674343e+01  6.8399633631e+04 -2.1967508097e+00 10  6.7999908716e+00  4.7496938516e-14
-1.2165208276e+01  6.9647538187e+04  3.6141709884e+01 11  4.7620513029e+00  2.6549847797e-14
 2.2931708608e+02  7.2277734196e+04 -6.5148141699e+02 11  1.3437116396e+00  2.7552486304e-14
 5.2421797240e+01  7.4045041507e+04 -1.5759456518e+02 10  6.1821522378e+00  6.0213208207e-14
-8.8784913184e+01  7.9384441662e+04 -5.7682861317e+00  0  7.9910457866e+00  3.3638766670e-14
-8.6052360687e+01  7.9381835867e+04 -4.3080468290e+00 10  4.9278129547e+00  3.3638766670e-14
 3.4594606453e+01  9.4445416677e+04  9.8042518260e+01 11  8.4520192271e-01  3.6002872508e-14
 5.1326544857e+01  1.0401836916e+05  2.4355642996e+01 11  1.6550846692e+00  3.9652110343e-14
-9.6151263969e+01  1.0981164317e+05  1.8282950551e+01 10  6.7542165839e+00  8.1300237516e-14
-7.1027617685e+02  1.1136484751e+05 -4.3905739210e+02 11  2.2082399715e-01  4.2452609642e-14
 3.1699566474e-01  1.1197133329e+05  1.3702257505e+00 11  3.0092419700e+00  4.2683803818e-14
-6.5243605285e+00  1.1800553656e+05 -1.1469507162e+01 11  6.7180961936e+00  6.0090112166e-14
-4.1442822197e+02  1.2036565932e+05  5.0955340823e+02 10  3.0861747440e+00  5.1176493723e-14
-4.1048539483e+02  1.2036727083e+05  4.9280743111e+02 11  1.5231956446e+00  5.1176493723e-14
-4.2683576215e+00  1.2146933432e+05 -1.1339043522e+01 12  1.0180533299e+00  4.6823069191e-14
 3.1297056004e+01  1.2145188348e+05 -3.9762841292e+00 12  1.1278237539e+00  4.9296396852e-14
 3.0352110776e+01  1.2145664537e+05 -9.6356369159e+00 10  1.5474412345e+00  4.9296396852e-14
 4.2766773376e+01  1.2225878617e+05 -3.4398833592e+00 11  5.3222421996e+00  4.6605411319e-14
-5.1085556419e+00  1.2271618889e+05  5.0694268745e+00 10  4.8654146772e+00  4.6818611992e-14
-3.0190343596e+00  1.2271635059e+05  7.8780990901e+00 11  1.8350159212e-01  4.6818611992e-14
 2.2204928475e+01  1.2346435766e+05  1.7368084397e+01 11  3.0183132099e+00  4.7064978743e-14
 1.1398974478e+01  1.2415500729e+05 -1.4161763921e+00  7  1.6800000000e+01  4.7677354648e-14
 1.0069841366e+01  1.2415520479e+05 -3.9295053420e+00 10  6.3002543485e+00  4.7677354648e-14
 1.1398974478e+01  1.2415500729e+05 -1.4161763921e+00 11  3.1396956627e+00  4.7677354648e-14
 6.2214820414e+00  1.2415522522e+05 -9.2235421809e-01 11  4.4507246796e+00  4.7527629653e-14
 3.6074089315e+01  1.2955119901e+05 -3.2320212229e+01  1  7.3761616909e+00  6.0617979685e-14
 3.6054753712e+01  1.2955500023e+05 -3.4574167735e+01 10  4.8913408232e-01  6.0617979685e-14
-4.4838815756e+01  1.3199030508e+05  4.9489283754e+01 11  6.7176294666e+00  5.1027000336e-14
-1.1088263875e+02  1.3651052818e+05  2.0874342618e+01 10  6.6944956785e+00  6.3977819047e-14
 3.1921164546e+01  1.3692241190e+05 -4.4042104862e+01 11  6.6814222398e+00  5.2195228871e-14
 3.1540114015e+00  1.4251963227e+05  2.1738387263e+01  2  9.1081906153e+00  5.5144768120e-14
-2.1460330408e+00  1.4254182991e+05  1.1687606386e+01 12  1.0405026938e+00  5.6765978022e-14
 2.1218230426e+00  1.4254182263e+05  1.2275389756e+01 10  5.1956864789e+00  5.6765978022e-14
-1.0062832456e+03  1.4396861608e+05 -6.7375283335e+02 11  4.2786307807e+00  5.4881262767e-14
 3.0072811247e+01  1.4866111930e+05  8.2978848961e+00  1  8.5634238473e+00  5.7009013059e-14
 4.5958127212e-01  1.4868426272e+05  2.4034161410e+00 12  2.8877261331e-01  5.8102057988e-14
-1.8453435166e+00  1.4868523508e+05  2.7963940128e+00 10  8.4001771975e-01  5.8102057988e-14
 6.3116668499e+00  1.4868786823e+05 -2.9434160213e+00 10  6.7432177114e+00  6.8897422645e-14
 2.2855340772e+00  1.4984730501e+05  6.5131725826e+00 11  4.3337923285e-01  5.7122236398e-14
 1.0028090927e+00  1.5683318792e+05  4.8915093427e-01 11  4.8405578244e+00  5.9785275649e-14
 4.0502339027e-01  1.5806351136e+05 -1.3734171997e+00 11  2.4846244333e+00  6.0254278588e-14
 8.4198791850e+01  1.5916253835e+05  7.2432564856e+01  0  8.5146555043e+00  6.2188061937e-14
 8.2005563945e+01  1.5916353112e+05  7.0647407437e+01 10  2.6505248374e+00  6.2188061937e-14
 6.6836538037e-01  1.5936159136e+05 -1.4163976686e+00  7  1.2100000000e+01  6.0765179081e-14
 9.6019635923e+00  1.5936054621e+05 -9.1637466566e-01 12  1.5600770257e+00  6.0967428014e-14
 3.0637976429e+01  1.5936777050e+05  6.3555346185e+00 12  3.6425568956e-01  6.2650362096e-14
 2.9565779094e+01  1.5936325953e+05  9.6959458804e+00 10  5.2520968014e+00  6.2650362096e-14
-2.7829432930e+00  1.5931715100e+05  4.3824292031e+00 10  6.7317884702e+00  7.1930969179e-14
 7.4750126441e+00  1.5932427179e+05 -1.4964258078e+01  1  7.7143919535e+00  6.4871348710e-14
 8.6659723980e+00  1.5932595632e+05 -1.5658371151e+01 10  4.6638923337e+00  6.4871348710e-14
-8.5002064607e+02  1.5995762226e+05 -7.6592844471e+02 12  1.4069682334e+00  6.3062548115e-14
-8.5071030468e+02  1.5995943945e+05 -7.6562069988e+02 10  1.7825755663e+00  6.3062548115e-14
 4.0344903044e+00  1.6055708121e+05  2.4665082930e+01 12  8.6155825318e-01  6.2699641677e-14
 1.6860497687e+00  1.6055412512e+05  2.5946332776e+01 10  5.5772291956e+00  6.2699641677e-14
-1.9237191356e+01  1.6295563591e+05  3.4097734368e+01  0  8.4874149949e+00  6.3207899408e-14
-8.5741188642e+00  1.6294924917e+05  1.9679982987e+01  0  7.9486742904e+00  6.6079840527e-14
-5.8761510310e+00  1.6295033210e+05  1.7726272222e+01 10  1.4900798927e+00  6.6079840527e-14
-4.0697747518e+00  1.6451074008e+05  1.9148275113e+01  7  8.7600000000e+00  6.2897469472e-14
-4.3240803246e+00  1.6451283675e+05  1.8968521424e+01 10  6.0882732672e+00  6.2897469472e-14
-4.0697747518e+00  1.6451074008e+05  1.9148275113e+01 11  5.3776014693e+00  6.2897469472e-14
-2.0618536400e+00  1.7816768663e+05 -1.9195744926e+00  7  8.7600000000e+00  6.8051496845e-14
-6.3068725544e-01  1.7817250533e+05 -5.6625894653e+00 10  5.2725589698e+00  6.8219116865e-14
 5.2376745804e-01  1.7817357537e+05 -5.7903878150e+00 11  2.0480629157e+00  6.8219116865e-14
 6.9821082281e-01  1.7818795117e+05  6.5547055259e+00 10  6.7996975066e+00  7.0144253226e-14
-5.7670079652e+00  1.7817853705e+05  5.4534601495e+00 11  1.1983615312e+00  6.9028995114e-14
-5.7007445395e+01  1.7859879772e+05 -2.4720969281e+02 12  1.8767929131e-01  6.8547207616e-14
-1.0154583124e+02  1.7857943713e+05 -2.4750052216e+02 10  6.6698464487e+00  8.1264960344e-14
-1.8180090083e+01  1.7883886636e+05 -5.9172267664e+01 10  6.3662021373e+00  7.8497570112e-14
-2.5837483765e+01  1.8345779802e+05  5.7663762992e+01 12  2.0108329797e+00  7.0411705325e-14
-1.5491291998e+01  1.8347840594e+05  9.3062874888e+01  7  1.6800000000e+01  7.0762117921e-14
-1.2784878564e+01  1.8345470770e+05  1.4607140278e+02  7  1.2100000000e+01  7.1185274189e-14
-3.2741625610e+01  1.8344391210e+05  1.0906193820e+02  7  1.2100000000e+01  7.1237258712e-14
-5.1117592657e+01  1.8343904510e+05  1.5158039932e+02  7  1.2100000000e+01  7.1671235075e-14
-6.9410622267e+01  1.8344243487e+05  1.7241215653e+02  7  8.7600000000e+00  7.2067491944e-14
-1.0466277467e+02  1.8345584735e+05  1.8473914376e+02  0  8.6764494176e+00  7.9832506894e-14
-1.0530132958e+02  1.8345669600e+05  1.8546361700e+02 10  3.4633309711e+00  7.9832506894e-14
-9.2296856515e+01  1.8347481747e+05  1.4883681242e+02 10  6.5739933751e+00  8.3056803214e-14
-8.6328155095e+01  1.8346106341e+05  1.8061879005e+02 11  4.3167746463e+00  7.3453232088e-14
-8.0063392564e+01  1.8344456830e+05  1.7563581866e+02  7  1.2100000000e+01  7.2897197045e-14
-8.1752256320e+01  1.8344115362e+05  1.8230321812e+02  0  8.8442069278e+00  7.3308136033e-14
-7.7139257461e+01  1.8341488395e+05  1.9124074583e+02 10  6.7777808044e+00  8.6717422431e-14
-2.8806784907e+01  1.8350726994e+05  2.2549980270e+02 10  6.7814296751e+00  1.1840821725e-13
-9.2884843817e+01  1.8346145217e+05  1.7507219449e+02  7  1.2100000000e+01  7.2758192052e-14
-8.5328810458e+01  1.8346361012e+05  1.7544899703e+02 11  5.9915045160e+00  7.2866887425e-14
-7.7560372635e+01  1.8344944586e+05  1.6325469368e+02 11  5.8448703678e+00  7.2307233682e-14
-8.4845196057e+01  1.8343540330e+05  1.6771588584e+02 11  1.5868325562e-01  7.2263693826e-14
-4.9564137582e+01  1.8344436198e+05  1.6240273672e+02 11  2.5685664114e+00  7.1768195423e-14
-5.1117592657e+01  1.8343904510e+05  1.5158039932e+02 11  2.8540769456e+00  7.1671235075e-14
-5.0484591303e+01  1.8343346343e+05  1.4622099864e+02 11  5.2235939663e+00  7.1622522342e-14
-5.1674081478e+01  1.8344197102e+05  9.8665945421e+01 10  6.7892771024e+00  8.1728756778e-14
-5.7203832935e+01  1.8344166290e+05  1.3846207764e+02 11  6.7824039648e+00  7.1787844373e-14
-3.2741625610e+01  1.8344391210e+05  1.0906193820e+02 11  6.7279510721e+00  7.1237258712e-14
-1.2784878564e+01  1.8345470770e+05  1.4607140278e+02 11  4.1480383746e+00  7.1185274189e-14
-2.2913394627e+01  1.8348226965e+05  8.7533035767e+01 11  6.5190524289e+00  7.0798498236e-14
-1.5491291998e+01  1.8347840594e+05  9.3062874888e+01 11  6.4984283245e+00  7.0762117921e-14
-1.4387952244e+01  1.8347265848e+05  7.2882723415e+01 11  2.8024920821e+00  7.0587595600e-14
-2.2180810391e+01  1.8346613475e+05  4.4074761842e+01 11  3.3817517925e+00  7.0324930248e-14
-1.8334622177e+01  1.8345887354e+05  2.9832624323e+01 11  2.6205662155e+00  7.0200934555e-14
-1.6351729054e+01  1.8342064208e+05  1.3187578707e+01 10  6.6778507245e+00  1.0519103791e-13
-1.3978431963e+01  1.8346091749e+05  2.5690210668e+01 11  2.2378418918e+00  7.0269189713e-14
 2.8495441105e+01  1.8347238760e+05  4.8334450504e+01 10  1.0149482598e+00  7.7327578628e-14
 3.0025186354e+01  1.8347346697e+05  4.5738891033e+01 11  9.0078052181e-01  7.7327578628e-14
-1.9783796355e+01  1.8350317307e+05 -9.4234070505e+01 10  6.6107513860e+00  9.9446103599e-14
-2.8597537347e+00  1.8348131428e+05 -2.7111244083e+01 11  6.7026954304e+00  7.3474995652e-14
-1.8080527563e+00  1.8347169462e+05 -1.0879297289e+01 11  4.3235009536e+00  7.0252983322e-14
-1.5841170369e+01  1.8351276202e+05  8.2422624175e+01 10  6.6027545218e+00  8.4262482043e-14
-1.1732323548e+02  1.8574616830e+05 -6.0967242791e+02 11  6.6991630042e+00  8.0333868687e-14
-2.2938214962e+01  1.8611270483e+05 -1.0653608634e+01 10  6.5354853177e+00  8.8070043402e-14
 4.2340775600e+00  1.8711245294e+05  5.1598999241e-01 11  3.6314753116e+00  7.1327821136e-14
-6.3962868485e+01  1.8719822483e+05 -4.3753809414e+01 11  6.6455525886e+00  7.1360517635e-14
 3.2270007583e+01  1.9165409540e+05  3.3320743270e+01 12  5.5924833833e-01  7.3502850081e-14
 4.3537776828e+01  1.9163702047e+05  2.1346486430e+01 10  4.1636485274e+00  7.6796098425e-14
 3.8630234122e+01  1.9163580476e+05  1.9151573997e+01 11  1.9987172400e-01  7.6796098425e-14
 4.4043248099e+01  1.9163932898e+05  2.1017229441e+01 11  2.3088292225e+00  7.4769906881e-14
 3.9908975390e-02  1.9232252776e+05 -3.0148094306e+00 11  1.2140791626e-02  7.3313917085e-14
 1.4864646453e+02  1.9295232362e+05 -1.9625780618e+02 11  1.4065539776e+00  7.3553997133e-14
-1.8801803630e+00  1.9403229733e+05 -5.9296085068e+00 11  5.1609363635e+00  7.3965686309e-14
 8.9049653180e+00  1.9551075209e+05  2.8800036941e+00 10  6.7050646151e+00  8.2981405513e-14
 1.0283744425e+02  1.9968744255e+05 -9.2420987284e+00 10  6.7322947595e+00  9.5161436534e-14
 1.1631045918e+01  2.0100816858e+05  1.8798735747e+02 11  5.9770426505e+00  7.6624909086e-14
 1.2903030667e+02  2.0274198763e+05 -9.9359543589e+01 10  2.9414611952e-01  8.4355419406e-14
 1.2757372883e+02  2.0274217314e+05 -1.0320933748e+02 11  2.4411694618e-01  8.4355419406e-14
-7.7460221058e+01  2.0277020789e+05 -2.2785354224e-01 11  1.6913760169e+00  7.7296603689e-14
-2.1627052893e+01  2.0437751185e+05  1.1818689810e+01 11  5.9390697642e+00  7.7909312717e-14
-1.3610768508e+02  2.0725722396e+05 -4.7906024266e+01  7  1.6800000000e+01  7.9974742499e-14
-1.4687374304e+02  2.0720923132e+05 -3.1288446991e+01 10  6.4031229737e+00  9.9238109255e-14
-1.3610768508e+02  2.0725722396e+05 -4.7906024266e+01 11  3.1044550709e+00  7.9974742499e-14
-1.1431918792e+01  2.1029638142e+05  4.6633430676e+00  7  1.2100000000e+01  8.0446731259e-14
-4.1761834800e+01  2.1030713501e+05  5.3586519423e+01 10  6.7520970033e+00  1.1342293760e-13
-1.3618628475e+01  2.1028816026e+05  5.7517680558e+00 10  5.5450387388e-01  8.1086491545e-14
-1.3343779504e+01  2.1028459114e+05  1.1551307878e+01 11  2.0529408248e-01  8.1086491545e-14
 2.2625389777e+00  2.1089698160e+05 -1.8182998546e+01 12  1.2614189266e+00  8.0559947242e-14
 3.9109859881e+00  2.1090193672e+05 -1.0156663008e+01 12  1.6037884730e+00  8.0634593996e-14
 5.8942091997e+00  2.1088300497e+05 -7.2803758023e+00 12  1.8601033329e+00  8.0710926254e-14
 1.1395700026e+01  2.1088771044e+05 -2.3833810167e+00 12  8.8509300761e-02  8.0777760447e-14
 1.7729199539e+01  2.1087914859e+05  6.1919317642e+00  7  1.6800000000e+01  8.0935160580e-14
 3.0416811617e+01  2.1087808660e+05  3.3907277615e+01  7  8.7600000000e+00  8.1304471874e-14
 6.5094827827e+01  2.1089470173e+05  3.0938809819e+01 12  1.2132113477e+00  8.1966245351e-14
 7.6102660268e+01  2.1090247881e+05  2.9142508800e+01 12  1.9212633567e+00  8.2269268039e-14
 8.9424363659e+01  2.1090317928e+05  2.7846370524e+01  1  8.0583638502e+00  8.3163921928e-14
 8.1063615639e+01  2.1090480529e+05  2.4376230107e+01 11  3.0208120308e-01  8.2437381994e-14
 8.2480612753e+01  2.1088431787e+05  8.1360037128e+00 11  2.4406202075e+00  8.2309058608e-14
 6.7693065493e+01  2.1090794766e+05  3.9463248751e+01  1  8.3434204134e+00  8.3309743335e-14
 7.4701117983e+01  2.1087552087e+05  3.0611070518e+01 10  6.3922799133e+00  9.3413675358e-14
 6.5692299668e+01  2.1089563765e+05  4.0217460214e+01 11  4.4049664798e+00  8.1956606215e-14
 5.0689074295e+01  2.1090426049e+05  3.8393017480e+01 10  6.6778758744e+00  1.1130266197e-13
 1.1130533712e+01  2.1090050610e+05  7.2829813645e+01 10  6.3207872808e+00  9.1490287305e-14
 3.0416811617e+01  2.1087808660e+05  3.3907277615e+01 11  2.1587837568e+00  8.1304471874e-14
 3.1636202400e+01  2.1085865689e+05  3.2796878793e+01 11  1.8328280354e+00  8.1732036062e-14
 1.7729199539e+01  2.1087914859e+05  6.1919317642e+00 11  5.5257834866e+00  8.0935160580e-14
 1.5095193083e+01  2.1088996655e+05  4.1671928456e-01  1  7.9062672304e+00  8.1048017884e-14
 6.1650366859e+00  2.1088323634e+05  5.0900629814e+00 10  1.3172902387e+00  8.2524923085e-14
-1.4834779097e+00  2.1088449182e+05  5.1536879811e+00 11  3.4661745599e-01  8.2524923085e-14
 8.7019654542e+00  2.1089501622e+05 -8.6441913985e+00 11  3.4110546323e+00  8.0686428259e-14
 6.1615190954e+00  2.1089333268e+05 -1.2627012270e+01  7  1.2100000000e+01  8.0651315120e-14
 6.5099082310e+00  2.1089473637e+05 -1.1693052795e+01 10  3.0886418455e+00  8.0656512196e-14
 7.0028240369e+00  2.1090744788e+05 -1.0345075296e+00 11  7.7660304942e-01  8.0656512196e-14
-3.4614579437e+01  2.1092002599e+05  1.8276492792e+01 10  6.7247821318e+00  1.0177664947e-13
-8.3254984490e-02  2.1204268770e+05 -5.3105336159e+02 11  6.3789340413e+00  8.0831300450e-14
-4.7318340798e+00  2.1225678090e+05 -2.0237575826e+01 12  8.0149176144e-01  8.1243085375e-14
-1.5486927408e+01  2.1225492370e+05 -4.6923649479e+01 12  9.7575236637e-01  8.1972357708e-14
-2.5538427734e+01  2.1226960462e+05 -4.9179893019e+01  7  1.6800000000e+01  8.2390205751e-14
-2.5538427734e+01  2.1226960462e+05 -4.9179893019e+01 12  3.1750553653e+00  8.2390205751e-14
-3.0374394875e+01  2.1224540098e+05 -6.8489566338e+01 12  5.8843543562e-01  9.2428376504e-14
-3.3052671012e+01  2.1224235845e+05 -6.8747093137e+01 10  3.1252488521e+00  9.2428376504e-14
-1.5990229795e+01  2.1225439818e+05 -4.9990992212e+01 11  6.3766779606e-01  8.2024186495e-14
-2.1155305426e+01  2.1227170837e+05 -5.3376607165e+01 12  2.0075312316e+00  8.3238405117e-14
-2.3500804030e+01  2.1227402960e+05 -5.3679208246e+01 10  2.1539673228e+00  8.3238405117e-14
-1.1473828304e+01  2.1226398344e+05 -5.0474752701e+01 11  6.2610807331e+00  8.1850529299e-14
-1.9316800530e+01  2.1224853325e+05 -3.8637784007e+01 10  3.1331865110e+00  8.2959376610e-14
-2.1016528646e+01  2.1224295175e+05 -4.2779328622e+01 11  2.7981256071e+00  8.2959376610e-14
-4.4212657225e-01  2.1226400016e+05 -2.9463717462e+01 11  5.2495776771e+00  8.1413122621e-14
-5.6898328769e+00  2.1225673297e+05 -2.0835679969e+01 11  3.3005506977e+00  8.1250092772e-14
 2.0294547930e+00  2.1441709666e+05 -2.5739718161e+00 11  4.7432530582e+00  8.1736432177e-14
 1.8925103733e+01  2.1905231265e+05  3.7461728731e+01 12  1.2728883426e+00  8.7147734705e-14
 1.8593225367e+01  2.1905234577e+05  3.5157032236e+01 10  1.5906270791e+00  8.7147734705e-14
 7.9037426458e+00  2.2317931223e+05  4.5280926204e+01 11  5.4760427469e+00  8.5076614699e-14
 5.1229444851e+00  2.2339794908e+05  4.0961321390e+00 12  8.3372811083e-01  9.2922033650e-14
 1.5944997292e+00  2.2340259068e+05  5.3001354301e+00 10  8.6456213139e-01  9.2922033650e-14
 2.1427572835e+03  2.2351466763e+05 -4.1968452412e+02 10  6.7421145925e+00  1.0834169534e-13
-4.8719701307e+00  2.2400765843e+05  1.2275620246e+00 12  1.5704987275e+00  8.6210231561e-14
-2.6411702754e+00  2.2402334699e+05 -7.4074439196e-01 10  4.9891547129e+00  8.6210231561e-14
-1.5804944048e+01  2.2466457315e+05 -1.3832687136e+01 11  4.3847520032e+00  8.5642800559e-14
 1.5363043538e+02  2.2522485426e+05 -1.0868502387e+02 11  1.8089427913e+00  8.5856381379e-14
-1.3092146179e+01  2.2967900969e+05 -6.9960895560e+00 12  3.4936046286e-01  8.8214926998e-14
 1.4790194742e+01  2.2967863679e+05 -2.8266522253e+00 12  4.8135333553e-01  9.0989431810e-14
-2.5959093279e+01  2.2969386418e+05 -1.7374228210e+01 11  1.5559377088e+00  8.8345757196e-14
 2.8593751016e+02  2.3547286457e+05  3.3317882521e+03 11  8.2881787811e-01  8.9762953256e-14
-1.0230200065e+01  2.5525466406e+05 -3.5785555684e+01  1  8.5285978095e+00  9.7931076619e-14
-5.8479691119e+00  2.5524965825e+05 -4.1973595284e+01 12  2.7327254087e-01  9.8439158309e-14
-6.4453299481e+00  2.5528848943e+05 -6.4899990860e+01 10  6.4581444896e+00  1.1851876508e-13
-1.6270151705e+01  2.5613930156e+05 -7.7018950553e+00 11  1.4486755579e+00  9.7641060233e-14
 2.0710657930e+01  2.5922356275e+05 -6.4967455835e+01 12  4.7243713143e-01  9.9921184236e-14
 1.5966831172e+01  2.5921311303e+05 -7.2707037310e+01 12  1.8546674807e+00  1.0022887370e-13
 1.8426150228e+01  2.5920800604e+05 -6.7366405707e+01 11  1.7787021196e+00  1.0033255586e-13
 2.5683503177e+01  2.5919318972e+05 -6.8925721072e+01  7  1.2100000000e+01  1.0129090327e-13
-8.9003058470e+00  2.5917837375e+05 -1.2921855032e+02 10  6.6371650662e+00  1.1772099327e-13
 2.5683503177e+01  2.5919318972e+05 -6.8925721072e+01 11  6.2466413193e+00  1.0129090327e-13
 1.5917734840e+01  2.5922827631e+05 -6.5017280954e+01 11  1.5081523108e+00  9.9896076390e-14
 1.8049294170e+01  2.5919417498e+05 -3.6744473093e+01 11  4.1802691973e+00  9.9711884523e-14
 1.8305560813e+01  2.5922970566e+05 -3.4937007116e+01 11  1.3531558279e+00  9.9380399145e-14
-1.2377970172e+00  2.5926166953e+05 -3.3620905639e+01 10  6.7332054417e+00  1.0595550506e-13
 2.5089721566e+01  2.6803311149e+05  2.2225598971e+01 11  3.8076683077e+00  1.0217501580e-13
 1.6963631185e+02  2.7068797886e+05  2.9599262873e+02 11  4.4901468589e+00  1.0318705910e-13
-2.3345911383e-01  2.7537404395e+05 -8.0968496140e+01 12  2.0431490685e+00  1.0723768065e-13
 3.5253524341e+00  2.7537043292e+05 -7.2565260685e+01 10  5.9718635938e+00  1.0723768065e-13
 7.6185617011e-01  2.8325909072e+05  2.2297606355e+00 11  2.7482393331e+00  1.0797920417e-13
-1.4357689449e+02  2.8679745247e+05  9.4763578248e+01 11  3.2487505153e+00  1.0932803815e-13
-6.9656125284e+00  2.8824636513e+05  1.5790951991e+01  4  1.0690612424e+01  1.1205984779e-13
-7.7784208701e+00  2.8824621861e+05  1.3693986080e+01 10  1.2207431614e-01  1.1205984779e-13
 4.9484718539e+00  2.8825514157e+05 -2.2664970989e+00 11  4.7871929595e-01  1.1005260991e-13
 6.4164747452e+01  2.8978209741e+05  2.6050408921e+01 10  6.6993541326e+00  1.1349019644e-13
 2.3271588781e+00  2.9612493060e+05  2.0414319948e+00 11  2.5120544833e-01  1.1288370043e-13
-4.3116961111e+01  2.9680814069e+05  3.1763132173e+01 10  6.7340574263e+00  1.3798527522e-13
-7.1408850894e+00  2.9903307732e+05 -1.4996518357e+01 12  1.3231203397e+00  1.1696444990e-13
-5.7992497388e+00  2.9903355966e+05 -1.3965356593e+01 10  2.0865417263e+00  1.1696444990e-13
 6.2731634297e+01  2.9970648246e+05 -2.3719164304e+01 11  3.6093712678e-02  1.1424899860e-13
-9.7195910912e-01  3.0000881957e+05  1.1756296794e+01 11  5.0222828669e+00  1.1436425041e-13
 3.3054117338e+01  3.0243162739e+05 -2.0935079847e+01 11  3.4273227402e+00  1.1528783192e-13
 2.0605961140e+01  3.0331311921e+05 -4.7673095512e+01 11  3.3139331057e+00  1.1562385921e-13
 6.0787856125e+00  3.0441706567e+05  7.6520058653e+00 11  5.0815307359e+00  1.1604468687e-13
 4.5280024210e+01  3.0541773772e+05 -6.4663888675e+00 11  5.7584286325e+00  1.1642614602e-13
 4.2831150131e-01  3.0678350567e+05  3.4267443942e+01  0  8.9014927681e+00  1.2442810761e-13
 1.9700570462e+00  3.0677789632e+05  3.3879038341e+01 10  2.0497000640e+00  1.2442810761e-13
-1.2565623800e+01  3.0935050100e+05 -4.3649251928e+01 10  6.7157635861e+00  1.2801114223e-13
 5.8971032648e+01  3.1221753938e+05 -5.9670475517e+01 10  4.3178271310e+00  1.2050008253e-13
 5.5919041325e+01  3.1221649828e+05 -6.0449897293e+01 11  1.8222324490e+00  1.2050008253e-13
 1.3050667330e+02  3.1223293430e+05  2.2200994178e+02 11  3.6528657376e+00  1.1902411914e-13
-3.6631111721e+00  3.2097779730e+05  8.8268943189e-01 11  1.4997324402e+00  1.2235768681e-13
 6.1551247048e+00  3.2363844212e+05 -3.8515953185e+01 12  1.5503650467e+00  1.2669550899e-13
 7.6616416597e+00  3.2364028326e+05 -3.9459055423e+01 10  3.2849380278e+00  1.2669550899e-13
 3.4492653975e+01  3.2363944489e+05 -3.3007260221e+01 11  6.0891640457e+00  1.2458588308e-13
 4.9703979888e+00  3.2400044011e+05  1.4401557304e+01  2  9.7718934075e+00  1.2584826857e-13
 5.9991123704e+00  3.2399771281e+05  1.4503077941e+01 10  9.7127343001e-01  1.2584826857e-13
-1.1999451304e+02  3.3205359363e+05 -7.6386514880e+01 12  5.3372272377e-02  1.2845891421e-13
-1.3138818935e+02  3.3205891548e+05 -8.5729570536e+01 12  1.6093553613e+00  1.2864706004e-13
-1.7636845351e+02  3.3203521667e+05 -6.6751877051e+01  7  8.7600000000e+00  1.2948442903e-13
-1.8324830973e+02  3.3203705549e+05 -6.5638902025e+01  7  1.6800000000e+01  1.2963767280e-13
-1.8611485839e+02  3.3203423092e+05 -6.3273585670e+01  7  1.2100000000e+01  1.2972618108e-13
-1.9513962862e+02  3.3204020292e+05 -6.2704407522e+01 12  4.6029419624e-01  1.2999922187e-13
-2.8716172800e+02  3.3201177983e+05 -1.0049138976e+02 10  6.7358168094e+00  1.7008418782e-13
-1.9417923809e+02  3.3202764780e+05 -6.5415846482e+01 11  6.4777289087e+00  1.3207325389e-13
-1.8324830973e+02  3.3203705549e+05 -6.5638902025e+01 11  3.3189629361e+00  1.2963767280e-13
-1.5478527698e+02  3.3202630342e+05 -1.0612851204e+02 12  1.4918762821e+00  1.3329251257e-13
-1.5391613325e+02  3.3202729578e+05 -1.0494144236e+02 10  2.6167714258e+00  1.3329251257e-13
-1.6438535988e+02  3.3198607036e+05 -6.1021726941e+00 10  6.6046410272e+00  1.6268646794e-13
-1.6314814962e+02  3.3203359766e+05 -6.9362031209e+01 11  5.4805290036e+00  1.2926708421e-13
-1.4301184506e+02  3.3204455690e+05 -7.0483391749e+01 11  3.7562088160e-01  1.2886626880e-13
-1.2315064546e+02  3.3199802163e+05 -1.0586092438e+02 12  1.7135240525e+00  1.3400551410e-13
-1.2504670404e+02  3.3199766693e+05 -1.0586126552e+02 10  2.6759554688e+00  1.3400551410e-13
-1.2903019133e+02  3.3204319340e+05 -7.1774712206e+01 11  5.6984396801e+00  1.2896957928e-13
-1.3802174128e+02  3.3205809499e+05 -7.4978099898e+01 11  6.5816144981e+00  1.2871978289e-13
-1.1207908169e+02  3.3203224154e+05 -9.9853602915e+01 11  6.7447860329e+00  1.2857815821e-13
-1.4941259728e+02  3.3204918415e+05 -8.7747795613e+01 11  6.0616532106e+00  1.2827563625e-13
-1.1073990095e+02  3.3204713123e+05 -8.5962353060e+01  7  8.7600000000e+00  1.3160410048e-13
-1.1122159411e+02  3.3204408235e+05 -8.6492439705e+01 10  4.0828634033e+00  1.3160410048e-13
-1.1073990095e+02  3.3204713123e+05 -8.5962353060e+01 11  6.0116708859e+00  1.3160410048e-13
-7.6903776115e+01  3.3206831210e+05 -2.2143180428e+01 11  6.7512372156e+00  1.3853018547e-13
-1.0705493331e+02  3.3205568448e+05 -5.6186858235e+01 11  7.6697957124e-02  1.2769347682e-13
-9.6830813436e+01  3.3208111465e+05 -5.0790364048e+01 10  3.1437865684e+00  1.2777085759e-13
-9.8079056284e+01  3.3208068143e+05 -5.2309108579e+01 11  6.0409237004e-02  1.2777085759e-13
-7.7947286997e+01  3.3209099793e+05 -3.5014934011e+01 11  6.4451058418e+00  1.2734769148e-13
-7.3426679715e+01  3.3209635647e+05 -3.6861775446e+01 11  2.6839689632e+00  1.2730136517e-13
-8.6924494996e+00  3.3211179530e+05 -4.4705288352e+01 10  6.7300428511e+00  1.3833099746e-13
 3.6628710628e+00  3.3865231009e+05  2.5355281735e+00 11  6.5166890246e+00  1.2909526342e-13
 8.4575446216e+00  3.4281201149e+05 -6.8783960663e+00 12  1.2502948860e+00  1.3137205860e-13
-2.4414077116e+01  3.4282118470e+05 -9.2613633736e+00 10  6.7091062474e+00  1.5031071792e-13
 6.9130642445e-02  3.4285734253e+05  1.3038307057e+01 12  1.4625628521e+00  1.3338555384e-13
-6.6757226074e-03  3.4285974343e+05  1.3055916601e+01 10  4.9835909940e+00  1.3338555384e-13
 5.6561014759e-01  3.5059212304e+05  4.3859244375e+00  7  8.7600000000e+00  1.3380595593e-13
 4.2853002636e-02  3.5058860419e+05  1.2183226181e+01  4  9.6590881514e+00  1.3397815432e-13
-3.0224963796e+01  3.5059777276e+05  8.9734441924e+00 10  2.4863947351e+00  1.3758631095e-13
-2.9689623524e+01  3.5059899138e+05  7.7661024643e+00 11  1.7458370038e+00  1.3758631095e-13
-2.8691206477e+01  3.5059273732e+05  3.8234823034e+01 10  6.5956463846e+00  1.4003997219e-13
-7.1611119974e+01  3.6089707084e+05 -1.9218133025e+01 11  5.5973267538e+00  1.3757503209e-13
-1.4798218594e+02  3.6622369072e+05  7.5663274923e+01 11  1.7980269911e-01  1.3960555536e-13
 1.3674981881e+02  3.6732466813e+05  3.9626894897e+02  7  1.2100000000e+01  1.4087818787e-13
 1.3726424091e+02  3.6732899255e+05  4.0260646670e+02  1  8.5731796196e+00  1.4217012026e-13
 1.3637152418e+02  3.6732891824e+05  4.0373999919e+02 10  2.3757311957e+00  1.4217012026e-13
 1.4009099563e+02  3.6731939002e+05  3.7925417481e+02 12  1.0881574769e+00  1.4788510744e-13
 1.3949572875e+02  3.6731864597e+05  3.8257895205e+02 10  3.2777816839e+00  1.4788510744e-13
 2.0860300735e+00  3.6752262711e+05 -2.4790301199e+00 11  3.7441168949e+00  1.4010071376e-13
-1.7197044150e+01  3.6942001433e+05 -3.9082544993e+01 11  3.9073630768e+00  1.4082400339e-13
-9.6204641423e+00  3.8045127742e+05  5.9747414572e+00  7  1.2100000000e+01  1.4620364326e-13
-8.6220198968e+00  3.8045024657e+05  5.0306990514e+00 10  1.3803891939e+00  1.4620364326e-13
-9.6204641423e+00  3.8045127742e+05  5.9747414572e+00 11  6.0571913890e+00  1.4620364326e-13
-1.6470958923e+01  3.8238423662e+05 -2.9813859292e+01  1  7.9461243405e+00  1.5615145381e-13
-1.9390208497e+01  3.8238636716e+05 -2.6810017056e+01 10  2.1083251450e+00  1.5615145381e-13
-6.1460396310e+00  3.8616307833e+05  6.6444892142e+00 11  2.4298132348e+00  1.4720650896e-13
 1.5269082893e+01  3.8747040007e+05  5.1877468416e+00  0  8.6184865532e+00  1.6121834871e-13
 1.5707894850e+01  3.8747063398e+05  4.5361213080e+00 10  4.3221300825e+00  1.6121834871e-13
-1.5647128636e+00  3.9068734108e+05 -1.0216142430e+01 11  2.3042920262e+00  1.4893117132e-13
-4.2019027809e+01  3.9449080807e+05  5.7871470031e+01 10  4.4451847337e+00  1.5133765181e-13
-4.2108122436e+01  3.9448811400e+05  5.7891445685e+01 11  2.5313502636e-01  1.5133765181e-13
-4.2805999433e+01  3.9448986609e+05  6.0023099093e+01 11  4.6096969831e+00  1.5116604519e-13
 2.4192568265e-01  3.9584003248e+05 -3.1324651655e+00 11  2.0074806054e+00  1.5089539254e-13
-4.7660389094e+00  3.9933128364e+05  2.0702604349e+01 11  1.3082733644e+00  1.5222626782e-13
 7.5133246919e+01  4.0084354623e+05  9.5806781728e+00 10  2.1333080888e+00  1.5365875468e-13
 7.5734057261e+01  4.0084617468e+05  8.2784413369e+00 11  7.2660400860e-01  1.5365875468e-13
 9.2560491463e+00  4.0219172509e+05 -4.4238535301e+00 11  1.1187362116e+00  1.5331667657e-13
-1.0032033020e+01  4.0933493231e+05 -3.7691054097e+01 10  6.7701597754e+00  1.6297984833e-13
-2.3251468020e+01  4.1004788952e+05 -5.0877920741e+00 11  4.9604379685e-01  1.5631146972e-13
-2.2371673280e-01  4.1105969536e+05 -2.3410240867e+00 10  3.8339661170e+00  1.5739849115e-13
-7.1036179599e-01  4.1105935802e+05 -3.0777512089e+00 11  1.8382491692e+00  1.5739849115e-13
-1.4779509723e+00  4.1147249747e+05 -3.9506444532e+01 11  4.9756208754e+00  1.5685453448e-13
-4.8539304575e+01  4.1494399333e+05  5.5815552762e+01 11  1.7869156665e+00  1.5817787899e-13
 5.4391417934e-01  4.1618394350e+05  2.8165891904e+00 11  3.3399783774e+00  1.5865055166e-13
-5.8287992340e+00  4.1642081671e+05 -3.2148634636e+01 10  6.7539885017e+00  1.7401067380e-13
-2.6253684412e+02  4.1766607878e+05  1.9552792016e+02 11  1.4292122984e+00  1.5921554602e-13
-1.8072361749e+01  4.2458602700e+05 -1.4016541301e+01 10  6.7137768922e+00  1.8111381626e-13
 4.9714888262e-01  4.2479583762e+05  2.4246727853e+00 11  2.0424990602e+00  1.6193343121e-13
 3.3764369911e+00  4.3294471989e+05  6.2450767673e+00 12  1.5034311067e-01  1.6520946710e-13
 3.6154622248e+01  4.3300221258e+05 -1.1510998450e+01  3  8.7600000000e+00  1.7363214469e-13
 3.7061953883e+01  4.3299768612e+05 -9.1161106632e+00 10  2.4725295649e+00  1.7363214469e-13
 3.6154622248e+01  4.3300221258e+05 -1.1510998450e+01 11  7.9592883617e-02  1.7363214469e-13
 8.3797772163e+00  4.3295494046e+05 -1.8622222503e+00 11  3.8779930969e+00  1.6521888263e-13
 6.1246826001e+01  4.3635706676e+05  1.7232814873e+02 10  6.6775944555e+00  1.8135204648e-13
-6.1630955549e+01  4.3760869876e+05 -1.4946390408e+02  7  1.6800000000e+01  1.6790520560e-13
-4.2343135959e+01  4.3764369227e+05 -1.5505269984e+02 12  1.3260456794e+00  1.6799297089e-13
-8.0205517673e+01  4.3766302912e+05 -1.6286990650e+02  7  1.2100000000e+01  1.6831157774e-13
-7.5245538583e+01  4.3765806177e+05 -2.0381437984e+02 12  1.4089510630e+00  1.6845343800e-13
-4.0478538711e+01  4.3777051794e+05 -2.2759354389e+02 12  4.1485713759e+00  1.7009831456e-13
-4.0872178998e+01  4.3777247166e+05 -2.2442609363e+02 12  1.9986297195e+00  1.7014928001e-13
-3.8942351474e+01  4.3778729773e+05 -2.1219434742e+02 10  5.6013258691e+00  1.7620912899e-13
-4.1571679151e+01  4.3778466507e+05 -2.0941027410e+02 11  4.9896029825e+00  1.7620912899e-13
-3.5720303074e+01  4.3777921978e+05 -2.3548421576e+02 11  6.5131022898e+00  1.7020813015e-13
-3.7668341840e+01  4.3777661363e+05 -2.3748357391e+02 11  2.4449318368e+00  1.7009465865e-13
 8.2371859900e+01  4.3766555265e+05 -1.5244944677e+02 10  6.5634262655e+00  2.2372568459e-13
-6.4498137116e+01  4.3777706854e+05 -2.3335300529e+02 11  1.4808126226e+00  1.6977997819e-13
-8.4931920781e+01  4.3774518107e+05 -2.2884555464e+02 10  4.2030209142e+00  1.7534666076e-13
-8.6240523564e+01  4.3774391863e+05 -2.2812536503e+02 11  2.2823774803e+00  1.7534666076e-13
-6.7527237779e+01  4.3776504190e+05 -2.3423891795e+02 11  4.9230829033e+00  1.7051461643e-13
-6.6576716017e+01  4.3775228041e+05 -2.3780184139e+02 11  3.5919850363e+00  1.6962137954e-13
-6.6556598940e+01  4.3775029440e+05 -2.4380257696e+02 12  5.8687515174e-01  1.6937458133e-13
-8.5789936417e+01  4.3773436555e+05 -2.1955020134e+02 10  6.1004607772e+00  1.7008429351e-13
-8.6071433727e+01  4.3773368687e+05 -2.1999589889e+02 11  5.5521826500e+00  1.7008429351e-13
-8.3463551087e+01  4.3774800719e+05 -2.2896382793e+02 10  3.8013751172e+00  1.7368670501e-13
-8.4680635147e+01  4.3774843969e+05 -2.2839529316e+02 11  2.5424809009e+00  1.7368670501e-13
-7.6891625135e+01  4.3773220997e+05 -2.2673963133e+02 11  6.0045001918e+00  1.6927672058e-13
-8.7344044907e+01  4.3772312166e+05 -2.3362528561e+02 11  2.3383721504e+00  1.6913748624e-13
-9.1726167401e+01  4.3772572702e+05 -2.2967332764e+02  7  1.2100000000e+01  1.6921976123e-13
-7.2670584232e+01  4.3775690725e+05 -2.4689384456e+02 10  6.5901907633e+00  1.7919578888e-13
-7.8571083564e+01  4.3772199637e+05 -2.2170975258e+02 11  4.4041055358e+00  1.7031065919e-13
-9.6699839054e+01  4.3772568091e+05 -2.3091728880e+02  1  8.2591140201e+00  1.7267099418e-13
-9.6363032669e+01  4.3772588620e+05 -2.3188047380e+02 10  1.9861628199e+00  1.7267099418e-13
-1.1003552290e+02  4.3770260529e+05 -2.3391502518e+02 10  6.7909625967e+00  1.8617900000e-13
-7.4631524969e+01  4.3764824796e+05 -1.9572977675e+02  7  1.6800000000e+01  1.6836414327e-13
-7.4631524969e+01  4.3764824796e+05 -1.9572977675e+02 12  3.2583328285e+00  1.6836414327e-13
-8.1186501531e+01  4.3767612635e+05 -1.9728937590e+02 10  3.5854907750e+00  1.7121103465e-13
-8.2610315076e+01  4.3767481848e+05 -1.9516472378e+02 11  1.3253097509e+00  1.7121103465e-13
-7.8885234225e+01  4.3766237171e+05 -2.0736328392e+02 11  2.4953201527e+00  1.7039214778e-13
-9.1872987028e+01  4.3765208418e+05 -2.0146598238e+02 11  1.8332431919e+00  1.6887062907e-13
-8.5836028805e+01  4.3765474344e+05 -2.0036295097e+02 11  3.3975496288e+00  1.6869727053e-13
-7.6271890664e+01  4.3765069831e+05 -1.9363590045e+02  7  8.7600000000e+00  1.6840124289e-13
-7.8639634805e+01  4.3765764982e+05 -1.8252811446e+02 11  5.9960216076e+00  1.6878035973e-13
-6.1446141502e+01  4.3764717036e+05 -1.8743227154e+02  4  1.0565817220e+01  1.6936672140e-13
-6.3179413933e+01  4.3764889623e+05 -1.8545026793e+02 10  4.7190911457e+00  1.6936672140e-13
-8.9545670672e+01  4.3763091483e+05 -1.8299636679e+02 10  6.7793004961e+00  1.8133508647e-13
-6.9294727394e+01  4.3762463471e+05 -1.8043676915e+02 11  5.4864051385e+00  1.6899624996e-13
-6.8509934172e+01  4.3762402509e+05 -1.7944568070e+02  7  1.6800000000e+01  1.6812780204e-13
-9.9595466440e+01  4.3759927233e+05 -1.6699116302e+02 10  6.7429357625e+00  1.8533957244e-13
-7.1926514463e+01  4.3762541533e+05 -1.7128975563e+02 11  4.9518542885e+00  1.6887155587e-13
-6.8509934172e+01  4.3762402509e+05 -1.7944568070e+02 11  5.6139683524e+00  1.6812780204e-13
-4.2914633856e+01  4.3763598153e+05 -1.5629242912e+02 11  4.7791543641e+00  1.6796327425e-13
-6.1630955549e+01  4.3760869876e+05 -1.4946390408e+02 11  5.0466088009e+00  1.6790520560e-13
-4.2094903870e+01  4.3761255837e+05 -1.3111830249e+02 11  2.7478090666e+00  1.6777616476e-13
-2.5868697391e+01  4.3759980318e+05 -1.1811669485e+02 11  3.5747543972e+00  1.6760787071e-13
-4.7680329784e+01  4.3756027173e+05 -9.9402115262e+01 12  2.1527513001e-01  1.6988796621e-13
-4.9983177152e+01  4.3755814646e+05 -9.8858183716e+01 10  4.0107057296e+00  1.6988796621e-13
-4.7786425473e+01  4.3756889216e+05 -1.1368765387e+02 11  2.6649578458e+00  1.6846145933e-13
-1.6889138575e+01  4.3754702853e+05 -6.3292750608e+01  0  7.8943002956e+00  1.6929285680e-13
-2.7907608425e+01  4.3753755350e+05 -7.6973472306e+01 10  6.2551970839e+00  1.9638419789e-13
-1.4556642303e+01  4.3755814550e+05 -4.9973335408e+01 11  5.6250173703e+00  1.6710255904e-13
-2.5128552888e+01  4.3754622292e+05 -4.8894217367e+01 11  6.4486861115e+00  1.7424807136e-13
 1.6047992987e+01  4.3755708625e+05 -2.3719122287e+01 11  6.7707899406e+00  1.6690445572e-13
 2.1737414132e+01  4.4274842189e+05  3.9913623338e+01 12  4.6407342789e-01  1.6894818596e-13
 1.6254245186e+01  4.4275983229e+05  3.7158041739e+01 10  4.3490993295e+00  1.6894818596e-13
-7.3599567765e+00  4.5023905382e+05 -1.3731719906e+01 12  4.5692015964e-01  1.7182125555e-13
 1.8765847074e+00  4.5024092312e+05 -4.4960079515e+00 10  4.4516262970e+00  1.7182125555e-13
 1.3587457544e+00  4.5025238137e+05 -2.3693539452e+00 11  4.9378796385e+00  1.7168191831e-13
 1.9658892216e+01  4.5681335729e+05  1.9676770261e+02 10  6.7413880435e+00  1.9771117797e-13
 5.1311126594e+02  4.5996222682e+05  1.7164104304e+02 11  1.6608429769e+00  1.7533896290e-13
 6.7216748648e+01  4.6113864876e+05 -3.9999393576e+02 11  5.3865637290e-01  1.7578741843e-13
-4.7251112356e+02  4.6206778936e+05 -2.7821457933e+01  2  9.0863419429e+00  1.7619906989e-13
-4.7899138910e+02  4.6206485935e+05 -9.5233308317e+00 12  5.0683206224e-01  1.7703132134e-13
-4.7443850374e+02  4.6206638875e+05 -1.0202243602e+01 10  4.5755048893e+00  1.7703132134e-13
-2.4407657002e+02  4.6756994072e+05 -9.5403414302e-01 11  6.3605440375e+00  1.7823904597e-13
-2.8348492002e+00  4.6952206234e+05 -1.3887030555e+01  7  1.2100000000e+01  1.7939062951e-13
-8.8425748803e+00  4.6951866099e+05  2.4194917680e+00  1  7.6998766616e+00  1.8796364503e-13
-9.0973378858e+00  4.6951905813e+05  2.4215058218e+00 10  1.8070901696e+00  1.8796364503e-13
-6.8248177019e+00  4.6952166143e+05 -9.7166684868e+00 12  1.8877886431e+00  1.7957057953e-13
-6.2615978077e+00  4.6952019604e+05 -1.3684173013e+01 10  2.7554564325e+00  1.7957057953e-13
-6.9409553112e+00  4.7285647948e+05  1.6152900683e+01 12  5.3808002014e-01  1.8087943546e-13
-8.7222215637e+00  4.7285718357e+05  1.4889894300e+01 10  1.9278315069e+00  1.8087943546e-13
-2.4169738449e+01  4.7285707350e+05  6.4627924958e+00 12  2.1113536465e+00  1.8344867217e-13
-2.1087750663e+01  4.7285666621e+05  5.7042511352e+00 10  2.5096178006e+00  1.8344867217e-13
-3.6358604056e+00  4.7285441220e+05  4.7924353648e+00 11  1.5903907545e-02  1.8039750349e-13
 3.2140213352e+00  4.7322734337e+05  3.0238919640e+00  3  8.7600000000e+00  1.8188240207e-13
 3.2140213352e+00  4.7322734337e+05  3.0238919640e+00 12  1.2348112729e+00  1.8188240207e-13
 3.5320609857e+00  4.7323019989e+05  5.4382631943e+00 10  1.7421498139e+00  1.8188240207e-13
 3.1711412381e+01  4.7568851596e+05  1.0107140463e+02 11  2.7709927058e+00  1.8133387089e-13
 7.2768110129e+00  4.7911934391e+05 -1.5524379555e+01 12  1.5042942692e+00  1.8274317618e-13
 1.6993376547e+01  4.7914902827e+05 -1.3118476721e+00 10  6.6491715693e+00  1.9309619171e-13
-3.4067972553e+01  4.8003776258e+05  1.3829104558e+01  7  8.7600000000e+00  1.8442764013e-13
-2.1365640873e+01  4.8004033607e+05  7.9581985062e+00  7  8.7600000000e+00  1.8514598529e-13
 3.3248370972e+00  4.8002925349e+05  5.4149745708e+00 12  3.8366293308e-01  1.9536580672e-13
 7.9317134544e+00  4.8002770992e+05  1.4525267731e+01 10  1.8443976337e+00  1.9536580672e-13
-3.2205404105e+01  4.8001879271e+05 -1.5538251075e+01 12  1.6981833661e-01  1.8795664932e-13
-3.3383593553e+01  4.8001997802e+05 -1.5414384567e+01 10  2.8404487913e+00  1.8795664932e-13
-2.9602474842e+01  4.7999312926e+05  2.9359847051e+01 10  6.7536783601e+00  1.9649096259e-13
-1.7972726876e+01  4.8001972779e+05  1.5803515696e+01 11  1.4098697477e+00  1.8369749688e-13
-1.3131255022e+00  4.8002349378e+05  2.6164936907e+00 11  2.1499188191e+00  1.8303480613e-13
-1.8203738958e+01  4.8404853636e+05 -3.2175532625e+01 11  2.9674603625e+00  1.8452073542e-13
-1.9699379353e+02  4.8449376523e+05 -6.5368882899e+01 12  9.1996943204e-01  1.8506019110e-13
-2.0538545212e+02  4.8448362016e+05 -6.5934261406e+01 10  3.2999296036e+00  1.8506019110e-13
-8.8743962197e+00  4.8613402251e+05  3.8606634106e+01 11  3.7728098605e+00  1.8531572892e-13
-1.7284255538e+01  4.8714989300e+05  4.8144184048e+01 10  6.7471667916e+00  2.1599052382e-13
 4.2588679300e+01  4.8726511826e+05 -3.4610338711e+02 11  2.8131484904e-01  1.8574690597e-13
-5.5808736788e+01  4.8990619997e+05  4.6619013212e+02 11  2.2948398249e+00  1.8675369414e-13
-1.0262106821e+01  4.9175896442e+05  3.7984371485e+01 10  2.8167128229e+00  1.9588879792e-13
-4.7196268678e+00  4.9175432920e+05  5.4806823972e+01 11  9.8407730705e-01  1.9588879792e-13
-2.2830295285e+01  4.9175326827e+05  7.3798015431e+00 11  5.4172026339e+00  1.8838996359e-13
 4.7301014579e+01  4.9773900192e+05  2.6668059325e+01 11  5.3231131052e+00  1.8973958143e-13
 4.0065799469e+00  4.9872967374e+05  2.9239113219e-01  7  1.2100000000e+01  1.9040719155e-13
 3.3768983103e+00  4.9872607833e+05 -6.1984036538e-01 10  4.3984448342e+00  1.9051114932e-13
 4.8568419759e+00  4.9872484709e+05  1.6316611867e+00 11  1.8963366736e+00  1.9051114932e-13
 3.6616311922e+01  4.9864401902e+05  5.1451092279e+01 10  6.7346357130e+00  2.1783956213e-13
 2.1646974594e+01  5.0443725197e+05  9.8468344022e+00  5  1.0405594518e+01  1.9274831407e-13
 2.1411247400e+01  5.0443376280e+05  1.1589038874e+01 10  4.1017829005e-01  1.9274831407e-13
-1.1710722741e+02  5.0774420881e+05 -1.0590775550e+02 10  6.7341042915e+00  2.2612940928e-13
-4.2795256104e+02  5.0885208080e+05  5.8373698440e+02 11  3.5960754752e+00  1.9397592001e-13
-6.5090942686e+00  5.0955006638e+05 -4.5975909925e+01 11  4.6570004480e+00  1.9424199418e-13
 3.4119515251e+00  5.1909703038e+05  1.8192740654e-01 11  6.5468117753e+00  1.9788132513e-13
-2.2238785831e+01  5.2147133718e+05  2.3992155891e+01 12  5.3250148418e-01  2.0406920016e-13
-1.4386517587e+01  5.2147114716e+05  2.4691835992e+01 10  1.2901753739e+00  2.0406920016e-13
 7.2348740643e-01  5.2148095082e+05  1.4347250369e+01 11  5.2112306385e+00  1.9919942010e-13
 1.0265839284e+02  5.2511819959e+05  2.0597324443e+02 12  1.2765637317e+00  2.0090449434e-13
 1.1606448954e+02  5.2509850880e+05  1.8893840627e+02 12  9.9139766047e-01  2.0115881960e-13
 1.1191101260e+02  5.2511704640e+05  2.0568337903e+02 12  1.4218353740e+00  2.0168262285e-13
 1.2333004394e+02  5.2509304243e+05  2.0221500484e+02 10  6.6384222684e+00  2.0838804194e-13
 8.1657002817e+00  5.2780681024e+05 -7.0508188032e+00 11  4.1735987281e+00  2.0120151900e-13
-2.1528146004e+01  5.3488710955e+05  1.3318945562e+02 12  4.7319939410e-01  2.0520266107e-13
-6.9227595090e+01  5.3490937059e+05  1.3843558840e+02 10  6.7343377024e+00  2.3168055970e-13
-4.4542683000e+00  5.3520666338e+05 -2.2350722470e+00 11  4.4213798145e+00  2.0402236493e-13
-5.1109642087e+00  5.4074792523e+05 -2.7283964156e+00 11  4.6721934916e+00  2.0613471036e-13
 2.5622620038e+01  5.4485414616e+05  6.6497817984e+01 10  6.6515870165e+00  2.2819654197e-13
-2.9916411714e+01  5.5198278072e+05 -5.4263485641e+00 12  3.8130455550e-01  2.1264326505e-13
-3.9287748901e+01  5.5198344712e+05 -9.1518770234e+00 10  3.3256940860e+00  2.1264326505e-13
 1.1147615810e+02  5.5571805839e+05  1.3557102948e+02 10  6.7448414267e+00  2.3250228379e-13
 6.5167101813e+01  5.6098842554e+05  1.0707520472e+01  1  8.7741960073e+00  2.1633850707e-13
 6.4853578570e+01  5.6098685217e+05  1.0291229018e+01 10  3.4262503035e+00  2.1633850707e-13
-7.5391433200e+01  5.6533048452e+05 -9.2380617486e+01  1  7.8112849196e+00  2.1987969916e-13
-7.1159445616e+01  5.6533694348e+05 -9.8122616839e+01 10  4.3966006115e+00  2.1987969916e-13
-9.7272915023e-01  5.6711533623e+05  3.8739978036e+00 11  4.3378777273e+00  2.1618604551e-13
 4.6303334862e+00  5.7523068009e+05  8.5806199994e+00 10  6.7561485911e+00  2.6077018801e-13
 5.9910084015e+01  5.7694083967e+05  2.3326139719e+00 11  1.4086955990e+00  2.1993155652e-13
-1.1134783256e+01  5.7915015824e+05 -9.3537985631e+00 11  6.6663671535e+00  2.2310191661e-13
 2.1141007075e+02  5.8142334028e+05  6.8018814031e+02 11  3.4685964920e+00  2.2164029902e-13
 1.7214614444e+00  5.8391482439e+05  3.4548530353e+00 11  1.8554936961e+00  2.2259006014e-13
 6.7417494510e+01  5.8777577349e+05  8.1951315705e+00 10  6.7041778266e+00  2.4485135275e-13
-2.6525171061e+01  5.9055003464e+05 -1.0050523044e+01 10  6.7247000577e+00  2.5408630043e-13
-1.1187457039e+02  5.9841558119e+05  1.7993627707e+02 10  6.7402312406e+00  2.2830780627e-13
-1.1219128719e+02  5.9841608216e+05  1.8028649404e+02 11  6.6735573727e+00  2.2830780627e-13
 1.0842053559e+01  6.0886887479e+05  1.2435063966e+02 10  6.7181891605e+00  2.4335988764e-13
-1.9858137613e+02  6.1261274733e+05 -7.4955500697e+01 11  1.4586820547e+00  2.3352979335e-13
 1.1907270518e+00  6.1308738494e+05  1.1429379825e+00 11  3.8842336027e-01  2.3371072661e-13
-2.4270433706e+01  6.1491669077e+05  1.2596971171e+01 11  2.8467002200e+00  2.3440806341e-13
-1.5874725533e+01  6.1774708646e+05  2.8608757355e+01 11  5.6794693291e+00  2.3548701863e-13
 1.9901965138e+01  6.1901729540e+05  1.8781468153e+00 12  2.0610856200e+00  2.3669785136e-13
 1.6050721700e+01  6.1901650821e+05 -2.3536693916e+00 10  5.4596738506e+00  2.3669785136e-13
 1.6262871413e+01  6.1902661951e+05  5.0124306912e-01 11  6.0065337457e+00  2.3645756890e-13
 2.1347358702e+00  6.1901469797e+05 -1.9114007745e+00 11  1.2590918455e+00  2.3603029495e-13
-7.1298341655e+00  6.2370916880e+05 -9.2493134054e+00 11  1.9119432039e+00  2.3775978207e-13
 3.9560070719e+01  6.2592230500e+05  6.8575629138e+01 11  2.7688635052e+00  2.3860343614e-13
 4.2797309439e+00  6.2621049951e+05  1.3714982412e+01 10  1.8482777849e+00  2.4534825199e-13
 3.9267649018e+00  6.2621069576e+05  1.5176838409e+01 11  1.5859004765e+00  2.4534825199e-13
-2.7025193748e+01  6.2844274668e+05 -1.1449531203e+01 10  6.5869630866e+00  2.7279682597e-13
-3.4974821778e+00  6.2838739251e+05  1.6818519617e+00 11  3.6265428251e+00  2.4024792616e-13
-5.3715691168e+00  6.2945691060e+05  7.8205468740e-01 11  6.5355649575e+00  2.3995083826e-13
-9.5763321209e+00  6.3190688392e+05 -2.5152752357e+00 12  3.3827193760e-01  2.4143586127e-13
-1.2163066673e+01  6.3190606791e+05  3.5846469928e+00 10  6.5176949630e+00  2.4143586127e-13
-9.4711923917e+00  6.3931043578e+05  8.4337169395e+00 10  5.0576593768e+00  2.4428902041e-13
-2.8999904182e+00  6.3930831584e+05  1.3431748327e+01 11  1.7322839289e+00  2.4428902041e-13
 6.8881115301e-01  6.5053810033e+05 -4.2438717262e-01 11  3.8947786549e+00  2.4798705022e-13
 1.2754932399e+01  6.6436946524e+05 -4.2607682794e-01  1  8.5277016533e+00  2.5389902354e-13
 1.0990534224e+01  6.6437170998e+05  2.4982211305e+00 10  4.3607921665e+00  2.5389902354e-13
-4.5566728806e+00  6.6458882743e+05  4.1894601377e+00 12  4.2671483299e-01  2.5337445067e-13
-3.9200959483e+00  6.6458919062e+05  2.7384070569e+00 10  1.3383435340e+00  2.5337445067e-13
-7.1642252515e+01  6.6473110501e+05 -2.1819064278e+01 10  6.3976262539e+00  2.6985113943e-13
-5.5171895166e+00  6.6496067043e+05 -1.7769345368e+00 12  9.1312141484e-01  2.5395425984e-13
 9.7931475036e-01  6.6496274432e+05 -1.7645374738e+01  1  7.5618889086e+00  2.5506199837e-13
-5.7135477310e+00  6.6495215095e+05 -1.5524341897e+01 10  6.5133268359e+00  2.5600679189e-13
-1.4602002266e+02  6.6873933245e+05 -2.2172370742e+02  1  7.4834951537e+00  2.6283251653e-13
-1.4734154043e+02  6.6873884613e+05 -2.1809156319e+02 10  1.1318513876e+00  2.6283251653e-13
-1.4122834793e+02  6.7074270220e+05 -2.6261437309e+02 11  2.5020968903e+00  2.5568910428e-13
-3.0953216209e+02  6.7342325259e+05 -8.9413692997e+00 10  2.6448852124e+00  2.5698320879e-13
-3.0344567321e+02  6.7341904022e+05 -8.5368309074e+00 11  2.3292951601e+00  2.5698320879e-13
-4.1916837212e+00  6.7410564963e+05  1.4312368495e+01 11  1.0135897038e+00  2.5790553227e-13
-1.3159836029e+01  6.7409505424e+05  4.5210835678e+00 11  5.6208004195e+00  2.5735977328e-13
 3.8844318526e+01  6.7497470093e+05 -1.6323135816e+02 11  2.5365689686e+00  2.5730235472e-13
-4.0937638410e+01  6.8426744397e+05  1.3614442706e+01 12  1.1784516279e+00  2.6213488392e-13
-4.2115467197e+01  6.8427375707e+05  1.2284825851e+01 10  5.2673851307e+00  2.6213488392e-13
-2.3162880276e+01  6.8519903999e+05  2.1674366274e+01 12  4.3481539570e-01  2.6385194020e-13
-2.0595371226e+01  6.8519826480e+05  2.1749501535e+01 10  5.4091800454e+00  2.6385194020e-13
-9.3417712937e+00  6.8517688523e+05  1.3120833607e+00 11  3.3806039181e+00  2.6152391834e-13
-2.9371245188e+00  6.8518013392e+05  7.4796940410e-01 11  2.6528465271e+00  2.6126709546e-13
 5.9325296272e+01  6.8730641687e+05  4.9683583826e-01 11  2.4670563403e+00  2.6200324136e-13
-2.6782898976e+01  6.9353630084e+05  4.2131474576e+01 11  6.5975312638e+00  2.6437809157e-13
-1.8365303758e+02  7.0178922663e+05 -1.8827836984e+02  0  8.7682025395e+00  2.6912793156e-13
-1.9444467598e+02  7.0180280676e+05 -1.9595483896e+02 10  6.3017590016e+00  2.7002616418e-13
-1.9384339009e+02  7.0180100618e+05 -1.9602319757e+02 11  2.3839708252e+00  2.7002616418e-13
-1.9440415179e+02  7.0178226969e+05 -1.8401970010e+02 11  1.7101552227e+00  2.6755517918e-13
 9.8709867852e+01  7.0181814282e+05  2.6385512386e+00 11  3.7272825255e+00  2.6753515426e-13
-2.1077116757e+01  7.0323704980e+05  7.9949888065e+00 12  5.0400696538e-01  2.7204717583e-13
-2.7726206458e+01  7.0323730729e+05  6.3438382869e+00 10  1.7230161474e+00  2.7204717583e-13
-6.7063760121e+01  7.0365540821e+05  1.1116377469e+01 10  6.7389325648e+00  2.7832147335e-13
-1.6371544812e+02  7.0440440561e+05  3.8700716521e+01 12  2.7403500059e+00  2.6897170667e-13
-1.6415720289e+02  7.0440350814e+05  3.7975312291e+01 10  5.1649087136e+00  2.6897170667e-13
-1.6641078359e+02  7.0439339220e+05  3.4748036050e+01 11  5.0451567179e+00  2.6878226908e-13
-2.6803795216e+01  7.0528952044e+05  2.4039724207e+01 11  1.2173445866e+00  2.6885845369e-13
 1.0301092478e+01  7.1113532710e+05 -6.8952867624e+00  0  8.3779429527e+00  2.7132038109e-13
 1.7833650873e+01  7.1113498647e+05 -2.3951183783e+01  7  8.7600000000e+00  2.7170151371e-13
 1.8347259712e+01  7.1112130806e+05 -1.3917802382e+01 12  1.0179267170e+00  2.7233149568e-13
 4.2984607864e+01  7.1111060164e+05  3.3208145648e+01  1  8.7689319386e+00  2.7551020870e-13
 4.2272075929e+01  7.1111859386e+05  2.9078516054e+01 10  1.4670015597e+00  2.7551020870e-13
 2.4953147138e+01  7.1112072819e+05  2.0327738661e+01 11  8.4735362822e-01  2.7419495784e-13
 1.4827500906e+01  7.1111498776e+05 -1.9712244201e+00 10  6.7384332328e+00  2.9538367029e-13
 2.8495199585e+01  7.1110902693e+05  1.7603931490e+01 10  6.6946749753e+00  2.8115411216e-13
 2.0657951797e+00  7.1113542216e+05 -2.5446280681e+00 11  5.0361859842e+00  2.7113903974e-13
-1.2081221280e+02  7.1247270972e+05 -5.7269407753e+02  4  9.5670175394e+00  2.7234729231e-13
-1.1644266878e+02  7.1245412126e+05 -5.6080830160e+02 12  4.1017548999e-01  2.7395284209e-13
-1.1754124324e+02  7.1245509585e+05 -5.5993722730e+02 10  4.6424722592e+00  2.7395284209e-13
-2.7325933406e+00  7.2270886402e+05 -2.0516831352e+01  7  1.6800000000e+01  2.7586307280e-13
-2.5243059750e+00  7.2271217735e+05 -1.2820507929e+01 10  6.4339021945e+00  2.7706372486e-13
-3.1816457818e+00  7.2271295066e+05 -1.2263040285e+01 11  1.7770819511e+00  2.7706372486e-13
 3.7029945926e+00  7.2271280949e+05 -1.6481180627e+01 11  2.5484149075e+00  2.7663814075e-13
-2.7325933406e+00  7.2270886402e+05 -2.0516831352e+01 11  5.5611118735e+00  2.7586307280e-13
 2.9561011016e+00  7.2550272889e+05 -3.6873560512e+00 11  3.5606593453e+00  2.7656378861e-13
-1.0926321123e+01  7.2812067294e+05 -1.7086196726e+01  7  1.2100000000e+01  2.7783335440e-13
-2.9828284253e+01  7.2811530928e+05 -3.0543678444e+01  7  1.2100000000e+01  2.7819591474e-13
-2.2962725179e+01  7.2811237929e+05 -5.0922116048e+01  7  1.6800000000e+01  2.7855005808e-13
-3.3602027446e+01  7.2808599316e+05 -8.0211876712e+01  4  9.9425146119e+00  2.8119806935e-13
-3.2284576454e+01  7.2808666621e+05 -7.9450583583e+01 10  3.0127903210e+00  2.8119806935e-13
-4.7140049705e+01  7.2810021645e+05 -5.0798138258e+01 11  3.6692431304e+00  2.7955753058e-13
-4.3142370890e+01  7.2809158975e+05 -5.3338191051e+01 11  5.5204746457e+00  2.7948469121e-13
-3.3363402870e+01  7.2809847609e+05 -5.3410370592e+01 11  3.0517554025e+00  2.7886047296e-13
-2.2962725179e+01  7.2811237929e+05 -5.0922116048e+01 11  4.6522668915e+00  2.7855005808e-13
-1.1683640338e+01  7.2813650648e+05 -5.3083666955e+01 10  6.5905847578e+00  2.8547523968e-13
-2.4815692890e+01  7.2812304465e+05 -2.6386802968e+01 11  5.4792272221e+00  2.7805044392e-13
-2.8411605943e+01  7.2810853763e+05 -3.6856393924e+00 10  9.9527055186e-01  2.9393294221e-13
-3.0680561219e+01  7.2810370866e+05 -4.4250441895e+00 11  9.9453854316e-01  2.9393294221e-13
-1.0421395741e+01  7.2813487539e+05 -5.5463708685e+00  0  7.5179839528e+00  2.7803481486e-13
 1.9197777523e+01  7.2813418337e+05 -1.3597198961e+00 10  6.7452144292e+00  2.9066848703e-13
-1.0471068255e+01  7.3233155449e+05 -7.9709612218e+00 11  2.7423786033e-01  2.7916695715e-13
 1.0240236856e+01  7.3689818340e+05 -4.7762512469e+00 10  6.7946856191e+00  2.9735191201e-13
 1.5132724520e+00  7.4518291403e+05  1.8288870424e+00 11  5.3819975879e+00  2.8406593346e-13
-4.2363456512e+01  7.4651690426e+05  1.0144613541e+02 11  2.2810544415e+00  2.8457445448e-13
-9.8773658052e+01  7.4918291900e+05 -6.4970879184e+01 11  1.9546137285e+00  2.8559074720e-13
-4.8671249630e+01  7.4967166962e+05  2.6088099512e+01 10  5.1019656668e-01  2.9645844029e-13
-4.8564553085e+01  7.4967266639e+05  2.5560836203e+01 11  4.5857982442e-03  2.9645844029e-13
-8.0549558573e+00  7.5002027299e+05  2.5340194020e+02 11  1.6819582615e+00  2.8590994902e-13
-4.4657199801e+01  7.5418970931e+05  2.1340764540e+01 11  8.8877487603e-02  2.8749935049e-13
 6.1031628847e+00  7.6047991689e+05  8.6316274822e+00 11  5.7535037599e+00  2.8989719625e-13
-1.0124808909e+02  7.6811266192e+05 -1.7030908360e+02 10  4.2579456806e+00  3.0033661699e-13
-1.0155940486e+02  7.6811177105e+05 -1.7081571550e+02 11  1.6081524038e+00  3.0033661699e-13
 8.0898308628e+00  7.7035396306e+05  1.7880825127e+01  7  1.2100000000e+01  2.9409210591e-13
 5.0783945244e+00  7.7037137734e+05  2.5388953201e+01  2  9.5898499696e+00  2.9455947627e-13
 1.2436333748e+01  7.7038941162e+05  2.1317984232e+01  0  8.0906791778e+00  2.9577197697e-13
 1.3250157520e+01  7.7038654382e+05  2.6806333615e+01 10  4.7015147273e+00  2.9577197697e-13
 4.3696944121e+00  7.7039849130e+05  3.4758548707e+01 10  6.6832444004e+00  3.0142831777e-13
 2.4747090354e+00  7.7039441758e+05  1.5124083998e+01 10  6.5808551119e+00  3.0518190946e-13
 1.6498898651e+02  7.7058986991e+05 -1.0306584950e+01 10  6.7646059091e+00  2.9977023384e-13
 1.8116075938e+02  7.7113585095e+05 -1.2072784980e+02 11  5.5264732949e+00  2.9395926986e-13
 5.3430333108e+00  7.7190144766e+05 -1.6574294759e+01 10  9.1435020031e-01  2.9528782692e-13
 4.7277374236e+00  7.7189793091e+05 -1.7943343473e+01 11  4.7854579639e-01  2.9528782692e-13
-2.5964559175e+00  7.8074644855e+05  2.2912505138e+00 12  1.0273776847e+00  2.9767894637e-13
-1.2776668841e+01  7.8075070668e+05  3.3861496444e+01  7  1.6800000000e+01  2.9818927566e-13
-1.5232886115e+01  7.8073196040e+05  4.2107919737e+01  7  1.2100000000e+01  2.9858218412e-13
-1.8193465478e+01  7.8073270600e+05  3.8798502903e+01 12  8.6206163862e-01  2.9863341121e-13
-2.1423616792e+01  7.8073797344e+05  3.0141493058e+01 12  1.9161636045e+00  2.9892124388e-13
-2.5732243663e+01  7.8073976710e+05  4.3328479213e+01  7  1.6800000000e+01  2.9906958531e-13
 3.8174149458e+00  7.8075364935e+05  8.5013389196e+01  7  1.2100000000e+01  3.0097046951e-13
 1.6285356295e+01  7.8076558783e+05  7.7020214246e+01 10  1.8866349874e+00  3.0504307257e-13
 1.3599016093e+01  7.8075671676e+05  7.6849922135e+01 11  1.4959626558e-01  3.0504307257e-13
 4.0704299001e+00  7.8073087326e+05  9.6487249745e+01 10  6.6378393032e+00  3.1281064611e-13
-9.5637667989e+00  7.8075064607e+05  7.2433857726e+01 11  2.0134455749e+00  3.0046780113e-13
-2.5732243663e+01  7.8073976710e+05  4.3328479213e+01 11  4.8732973747e+00  2.9906958531e-13
-2.5059421804e+01  7.8071503092e+05  2.4031547769e+01 10  6.7967409600e+00  3.0622808343e-13
-1.6835155314e+01  7.8074093866e+05  4.2011883986e+01 12  3.7702385966e+00  2.9930309109e-13
-1.4772126500e+01  7.8073887727e+05  4.1419878149e+01 10  6.2849844064e+00  2.9930309109e-13
-1.2776668841e+01  7.8075070668e+05  3.3861496444e+01 11  4.3655588310e+00  2.9818927566e-13
 5.1464744431e-01  7.8071823240e+05  5.3757673794e+01  7  1.2100000000e+01  3.0078810350e-13
 1.4224695038e+00  7.8071763632e+05  5.1965758605e+01 10  3.7909732655e+00  3.0078810350e-13
 5.1464744431e-01  7.8071823240e+05  5.3757673794e+01 11  3.1232319665e+00  3.0078810350e-13
-2.1252879684e+01  7.8075553796e+05  3.2166644111e+01 11  5.4262555239e+00  2.9806865710e-13
-2.0389224986e+01  7.8077447606e+05  2.2698640035e+01  7  8.7600000000e+00  2.9844503819e-13
-1.8926378333e+01  7.8077258381e+05  2.3068881085e+01 10  2.8341348707e+00  2.9844503819e-13
-2.8633703238e+01  7.8078157855e+05  1.2734936053e+01 12  1.1776667479e+00  3.0085819611e-13
-2.9498617407e+01  7.8078125267e+05  1.2467372798e+01 10  1.2526266520e+00  3.0085819611e-13
-1.2904374309e+00  7.8075281681e+05  1.8366248765e+01 11  1.6144725947e+00  2.9783547392e-13
 7.2152129296e+00  7.8113303832e+05  3.6628469315e+00  1  8.7127793035e+00  2.9859888834e-13
 8.3011767048e+00  7.8114077701e+05  4.1992128772e+00 10  3.2554127474e+00  2.9859888834e-13
-9.1487156449e+01  7.8194116074e+05 -3.0056472970e+01 12  1.3613327902e-01  2.9854769974e-13
-9.8959173185e+01  7.8192479209e+05 -6.6916731248e+00 10  6.6818414515e+00  3.0580942762e-13
 3.2113160375e+02  7.8231902343e+05  6.2913627760e+01 10  6.6952430366e+00  3.0447107832e-13
-1.5832773870e+01  7.8430927322e+05 -2.0173438773e+00 12  2.5088775170e-01  3.0446829703e-13
-1.2827395768e+01  7.8430962434e+05  3.9692303382e+00 10  2.6982203114e+00  3.0446829703e-13
 3.4243561525e+00  7.8505209951e+05 -2.2804871197e+01 11  2.6461426722e+00  2.9926418503e-13
-4.0013400640e+00  7.8714620038e+05  2.4595526276e+00 11  2.9212193413e+00  3.0006246248e-13
 3.1209439015e+00  7.9365713105e+05 -1.0563532066e+01 11  3.6720043410e+00  3.0254444853e-13
-8.5111337403e+01  7.9708678888e+05 -6.4982554963e+01 11  4.9175428621e+00  3.0385184425e-13
 7.4966993912e+00  7.9744001939e+05  1.4443911229e+01 10  5.2544359856e+00  3.0501136246e-13
 5.9755398477e+00  7.9744114300e+05  1.2750844690e+01 11  5.5888606686e-02  3.0501136246e-13
 7.8981108410e+00  8.0362164686e+05  6.2778460579e+00 12  1.9867551721e+00  3.0655515377e-13
 1.3825314150e+01  8.0363049634e+05  9.1149196957e+00  7  8.7600000000e+00  3.0665862613e-13
-4.1049441638e+00  8.0365438192e+05  7.0567738767e+00 12  2.3725944498e+00  3.0851910595e-13
-4.7316467970e+00  8.0365899085e+05  2.5965149271e+00 10  6.6224946914e+00  3.0851910595e-13
 8.5750262455e+00  8.0363334561e+05  7.3986341485e+00 11  6.6668186446e+00  3.0682929832e-13
 1.0405739105e+01  8.0361672391e+05  1.1886800692e+01  4  9.5332553032e+00  3.1042156550e-13
 1.0004596592e+01  8.0361636381e+05  1.1389756392e+01 10  1.3258941095e+00  3.1042156550e-13
 6.4316857712e+00  8.0405045562e+05  4.0234472201e+01 11  6.2436164792e+00  3.0650641463e-13
-1.1198061247e+00  8.0619914583e+05 -7.4876183481e+00  7  8.7600000000e+00  3.0749289131e-13
 7.9753357609e+00  8.0615442356e+05  1.9888334249e+01 10  6.7776127573e+00  3.3130786694e-13
-2.0864510682e+01  8.0621402208e+05 -1.2832252614e+01  7  8.7600000000e+00  3.0854592419e-13
-2.0864510682e+01  8.0621402208e+05 -1.2832252614e+01 12  8.5766784958e-01  3.0854592419e-13
-1.6101930589e+01  8.0620271580e+05 -1.4336531790e+01 10  1.2488842202e+00  3.0854592419e-13
-1.8841100146e+01  8.1125510987e+05  2.0553419782e+01 10  6.6224539523e+00  3.2193284248e-13
 1.4638779614e+02  8.1747855550e+05  4.5917708900e+02 10  6.7947050903e+00  3.4344067989e-13
-3.5267832342e+00  8.1845715173e+05  1.5435057578e+00 12  1.1293047599e+00  3.1221313686e-13
-4.5446684457e+00  8.1845932374e+05 -5.4574265256e-02  1  8.2355200954e+00  3.1229411215e-13
-4.2814416761e+01  8.1845682735e+05 -6.8358951383e-01 10  6.7269403623e+00  3.2400094094e-13
-1.3663694157e+01  8.1906665775e+05  2.6906495201e+01 11  6.6775153132e+00  3.1223063535e-13
 1.8918448305e+02  8.2651329564e+05  2.4738586961e+02 11  4.6778242152e+00  3.1506931576e-13
-3.5470507708e+01  8.3099395344e+05 -6.5238330946e+00 11  1.9587785133e+00  3.1677735578e-13
 6.7187091504e+00  8.3549487993e+05 -1.1037812884e+01 11  1.2343532569e+00  3.1849312229e-13
-5.3742854052e+02  8.3914205511e+05 -1.5305748233e+02 11  2.1667064509e-01  3.1988343627e-13
 1.7880055616e+02  8.4244621248e+05  1.6610719039e+01 11  1.7864414640e+00  3.2114299084e-13
 6.0687844101e+01  8.4410490979e+05  1.2886341646e+01 10  6.2905215870e+00  3.3004741698e-13
-8.8685974387e-01  8.4412499148e+05 -2.5012736258e+00 11  5.6264038672e+00  3.2267230164e-13
-1.1010577238e+01  8.4413598045e+05 -2.8435934205e+00 11  2.8944773581e+00  3.2196838194e-13
-2.6694660272e-01  8.4569090012e+05 -1.9970215455e+00 11  2.7878390209e+00  3.2237987538e-13
-8.2353509166e-01  8.5035188649e+05 -5.5271575089e+01 11  8.7929321959e-01  3.2415665718e-13
 2.1189597044e+00  8.5350580543e+05 -8.9304553511e+00 11  4.4902512668e+00  3.2535894043e-13
 1.6589213935e+01  8.5604104244e+05 -1.9737853084e+01 11  6.7234418817e+00  3.2931963531e-13
-7.3459837392e+01  8.5735875481e+05 -2.6058048661e+01 11  3.0254019712e+00  3.2682769614e-13
-2.1167770894e+00  8.6034266167e+05  1.8003282347e+00  7  1.6800000000e+01  3.2802213573e-13
-8.7500043043e+01  8.6036621786e+05 -4.4869473258e+01 10  6.6958517478e+00  3.6535694979e-13
-1.7349306526e+01  8.6032026590e+05 -3.4914976700e+01 10  6.7126737430e+00  3.4228354644e-13
-2.1167770894e+00  8.6034266167e+05  1.8003282347e+00 11  5.9666187241e+00  3.2802213573e-13
 7.6109568497e+01  8.6426104062e+05  2.8120392644e+01 11  2.6595937944e+00  3.2945886793e-13
 3.6365540419e+01  8.6863600075e+05  5.0935926356e+01  0  8.1620912469e+00  3.3657881777e-13
 3.4630448501e+01  8.6863593059e+05  4.6365479044e+01 10  1.5615526249e+00  3.3657881777e-13
 1.0503185754e+02  8.7117380881e+05  2.3710565979e+00 12  7.4993978461e-01  3.3485097263e-13
 1.1370584984e+02  8.7117909837e+05 -3.3672039641e+00 10  8.6380766507e-01  3.3485097263e-13
-3.7831774295e+01  8.7308117841e+05 -9.6181991073e+00 12  1.2615321988e+00  3.3432926702e-13
-5.6423210109e+01  8.7306897851e+05 -3.3453438951e+01 10  6.7147418788e+00  3.4316136232e-13
-1.3755637663e+01  8.7330945557e+05 -1.2336707780e+00 11  5.7494564405e+00  3.3290815050e-13
-7.4162612369e+01  8.7703681479e+05  3.1214341369e+01 11  4.0050061905e+00  3.3432903087e-13
-8.0100517463e+00  8.7715402559e+05  3.6243691412e+01  3  8.7600000000e+00  3.3981662612e-13
-8.0100517463e+00  8.7715402559e+05  3.6243691412e+01 12  1.5030848686e+00  3.3981662612e-13
-9.0266834208e+00  8.7715142513e+05  3.6788658854e+01 10  2.2209346970e+00  3.3981662612e-13
-2.3683158076e+01  8.7952764477e+05  1.0596207900e-01 11  3.2667376414e+00  3.3527854264e-13
-2.5818732316e+02  8.8106351525e+05 -2.6277531677e+02 11  1.0076323966e+00  3.3586402101e-13
-1.6419323779e+01  8.8462001882e+05  2.0243910082e+00  7  1.2100000000e+01  3.3806107027e-13
-4.0607427880e+01  8.8460759478e+05  1.3931764357e+00 10  6.6051381162e+00  3.6014339963e-13
 1.5071332954e+02  8.8699105813e+05 -1.9861129663e+01 11  6.7542241721e+00  3.4065490998e-13
 1.4852514799e+01  8.9211195306e+05 -7.7266406427e+00 11  4.3987612328e+00  3.4007571822e-13
 3.7003167756e+00  8.9245377145e+05  2.3317956001e+00 12  4.2428231976e-01  3.4091132377e-13
-3.5787283862e+01  8.9243656334e+05  4.7614895120e+01 10  6.6025163035e+00  3.5921305575e-13
-9.5199886161e+00  8.9244077805e+05 -3.4641275898e+00 11  7.7854049907e-02  3.4165665816e-13
 1.6795948993e+00  8.9245518017e+05  2.8246172121e+00 11  3.0955616485e+00  3.4090203949e-13
-1.1124178391e+02  8.9253027059e+05 -7.9099365021e+01 11  6.6957101162e+00  3.5303533708e-13
-2.1275180125e+00  8.9301882882e+05  1.7483252996e+00 11  5.8889144325e+00  3.4042142195e-13
-5.6369948512e+00  8.9370967770e+05  3.9421113454e+01 11  3.5213220514e+00  3.4068477559e-13
-4.9934229265e+01  8.9571905867e+05  1.9985377530e+02 11  1.5613351544e+00  3.4145075756e-13
-1.8373027238e+01  8.9738598997e+05 -3.4721639532e+00  7  8.7600000000e+00  3.4244385752e-13
-2.0129531417e+01  8.9738662651e+05 -4.8714896924e+00  7  8.7600000000e+00  3.4250096571e-13
-4.2061751258e+01  8.9739157226e+05 -1.3732450181e+01 12  9.1256718417e-01  3.4412372330e-13
-4.1915054504e+01  8.9739182511e+05 -1.4063299120e+01 10  1.3805798122e+00  3.4412372330e-13
-1.7814096147e+01  8.9738241279e+05 -1.0056339283e+01 10  3.0196892944e+00  3.4323253453e-13
-1.3428351860e+01  8.9738388076e+05 -1.1608989142e+01 11  2.3287628886e+00  3.4323253453e-13
 3.7287598748e+01  8.9739515260e+05 -3.5441553829e+01 10  3.8378383445e+00  3.4848559230e-13
 4.1173011384e+01  8.9739153826e+05 -4.1687573075e+01 11  3.5193103906e-01  3.4848559230e-13
 7.2116616197e+00  8.9964909681e+05  2.0359908433e+01 12  2.5820322814e+00  3.4341222993e-13
 3.0327819743e+01  8.9965243521e+05 -1.9171301640e+01 12  1.2468006140e+00  3.4428371300e-13
 3.8961346701e+01  8.9963881910e+05 -6.4208809642e+00  4  1.1356290255e+01  3.4453785772e-13
 6.1674110644e+01  8.9961703597e+05 -8.6243727034e+00 12  1.4181921101e+00  3.4543013676e-13
 5.9144681419e+01  8.9962596171e+05 -2.0366662543e+01 12  7.5555124202e-01  3.4578685347e-13
 5.5623530399e+01  8.9962610981e+05 -2.0506465537e+01 10  2.8398576667e+00  3.4578685347e-13
 2.6372962159e+01  8.9963167046e+05 -8.3792937704e-01 11  2.2460406639e+00  3.4355891388e-13
 6.6088909034e+01  8.9960347012e+05 -1.9595170452e+01 10  6.7453235454e+00  3.6809987510e-13
-2.0640635236e+00  8.9963130302e+05  5.6036397685e+00 11  5.2469605278e+00  3.4294439417e-13
-2.2453496625e+01  9.0458894731e+05  5.0221028787e+00 11  3.4673618533e+00  3.4483198538e-13
 4.2412974876e+01  9.0531566737e+05  1.9388778140e+02 10  6.6810500060e+00  3.5324753189e-13
 1.7787283920e+00  9.1175635570e+05 -2.3286566072e+00 11  1.7819483593e+00  3.4756422268e-13
-7.1100288322e+00  9.1181680667e+05 -7.7119610811e+00 11  4.5345745037e+00  3.4758726677e-13
 2.2417580746e+01  9.2084816878e+05 -5.0997048322e+01  1  8.7769058292e+00  3.6389752859e-13
 2.2283413325e+01  9.2084602497e+05 -5.2226216147e+01 10  2.9458764577e+00  3.6389752859e-13
-1.1737413488e+01  9.2096007311e+05  3.2982652915e+00 11  5.3364052112e+00  3.5107270701e-13
-5.9165824057e+00  9.2214978647e+05  4.0390584920e+00 11  6.5970366716e+00  3.5152622927e-13
 2.3155010268e+01  9.2352495330e+05  9.3277516984e+01 12  4.2691073796e-01  3.5264438928e-13
 5.9561723539e+01  9.2358205223e+05  7.8003127947e+01 12  5.8632510456e-01  3.5317193296e-13
 6.7867299723e+01  9.2357445057e+05  9.7279415695e+01  7  8.7600000000e+00  3.5338969139e-13
 6.5716144295e+01  9.2357130732e+05  1.0032294655e+02  3  8.7600000000e+00  3.5346436632e-13
 6.5716144295e+01  9.2357130732e+05  1.0032294655e+02 12  1.1233632392e+00  3.5346436632e-13
 6.0600646422e+01  9.2356848273e+05  8.8456281015e+01  7  8.7600000000e+00  3.5349634990e-13
 2.1399092134e+01  9.2350381177e+05  1.1515946564e+02 10  6.6115036819e+00  3.7185355647e-13
 7.5790306665e+01  9.2355394787e+05  7.8829489707e+01 11  5.2325952495e+00  3.5414362092e-13
 6.9914097438e+01  9.2354237862e+05  8.0514333683e+01  7  1.6800000000e+01  3.5494846234e-13
 6.9914097438e+01  9.2354237862e+05  8.0514333683e+01 12  8.0134933889e-01  3.5494846234e-13
 6.0503971705e+01  9.2356540258e+05  7.5434074329e+01 11  5.2904996818e-02  3.5367884850e-13
 9.4481211160e+01  9.2356682169e+05  1.0448178170e+02 12  1.6866480449e+00  3.6013188551e-13
 9.4696264240e+01  9.2356713398e+05  1.0408745564e+02 10  2.1336174783e+00  3.6013188551e-13
 2.6827771492e+01  9.2368541763e+05  7.0793256342e+01 10  6.7784586329e+00  3.9772179316e-13
 6.5772399006e+01  9.2357517219e+05  8.0421931193e+01 11  3.5593971697e-02  3.5333985102e-13
 4.1270083406e+01  9.2358966496e+05  6.5133543097e+01  0  8.7970746094e+00  3.5339126819e-13
 3.7728042082e+01  9.2359748865e+05  8.4843695758e+01 10  5.0911875980e+00  3.5512248933e-13
 3.8948771484e+01  9.2359790015e+05  8.4708459288e+01 11  2.5661768341e-01  3.5512248933e-13
 5.9164565167e+01  9.2357516040e+05  6.1521993919e+01 11  2.4620764352e+00  3.5296342181e-13
 5.7769205426e+01  9.2356293372e+05  5.2703551447e+01 10  1.7786102198e+00  3.5400980328e-13
 5.8708718587e+01  9.2356280836e+05  5.3580606517e+01 11  1.1019548179e+00  3.5400980328e-13
 6.1310839278e+01  9.2356643304e+05  6.4361592713e+01 11  5.2631405124e+00  3.5290408354e-13
 6.5489988192e+01  9.2354836558e+05  5.4131275017e+01 12  8.8992129112e-01  3.5615600949e-13
 6.6006132183e+01  9.2354952597e+05  5.0324584278e+01 10  3.5014125092e+00  3.5615600949e-13
 4.7496693705e+01  9.2356739797e+05  8.4703629117e+01 12  6.4545681464e-02  3.5976254775e-13
 5.0299218556e+01  9.2356668399e+05  8.4172620710e+01 10  1.5229062161e-01  3.5976254775e-13
 1.9993379159e+01  9.2355210196e+05  3.8047091202e+01 11  5.7289520121e+00  3.5242628646e-13
 1.3245406556e+01  9.2354931833e+05  4.9007114094e+01  1  8.4279898594e+00  3.5281716907e-13
 1.0803130100e+01  9.2355419089e+05  4.6483504536e+01 10  6.4632934413e+00  3.5281716907e-13
 1.6125204426e+01  9.2354873724e+05  4.3622842079e+01 11  5.0577184828e+00  3.5256986090e-13
 3.5861255333e+01  9.2357541800e+05  1.8987426603e+00 10  6.7121902416e+00  3.6974533680e-13
 2.0047732065e+01  9.2355915100e+05  3.5486072060e+01 11  3.7450232138e+00  3.5239898343e-13
 4.2699715934e+00  9.3132868320e+05 -1.3057298331e+02 11  3.3782684295e+00  3.5502525188e-13
 5.5891982455e+01  9.3247392237e+05 -1.8387600676e+01 10  6.3962301846e+00  3.8019102750e-13
 1.1383211091e+01  9.3354615354e+05 -3.3284418956e+01  2  9.6064078664e+00  3.5801046600e-13
 1.2833597958e+01  9.3354642857e+05 -3.3022018787e+01 10  7.5713928401e-01  3.5801046600e-13
 3.0981443556e+01  9.3442174370e+05 -5.0310985306e+01 10  6.6928216069e+00  3.9197008287e-13
-1.2662324317e+02  9.3760589210e+05  5.3937663608e+01  1  7.9028484307e+00  3.5850285818e-13
-1.1600030173e+02  9.3758248809e+05  6.4704938715e+01 10  6.7840291052e+00  3.6897834581e-13
 1.8998937166e-01  9.4131656873e+05  1.6441297430e+00 11  6.9585215050e-01  3.5883266342e-13
-4.8964906643e-01  9.4156721938e+05  6.7411056433e+00 12  1.4118346566e+00  3.5924196918e-13
 2.9512054355e+00  9.4156806306e+05  7.1036488439e+00 10  1.6642052396e+00  3.5924196918e-13
-1.3827274181e+01  9.5192299921e+05 -1.5615821794e+02 12  6.1160041816e-01  3.7330321140e-13
 5.8699074138e-01  9.5193789709e+05 -1.5568231037e+02 10  4.9190828035e+00  3.7330321140e-13
-1.9029333933e+01  9.5514363237e+05  1.3184266660e+01  1  8.2052764427e+00  3.6758681178e-13
-1.2781304082e+01  9.5514915443e+05  1.5986182585e+01 10  6.0264615282e+00  3.6758681178e-13
-1.2065033754e+01  9.6050990485e+05 -1.7290987218e+01 11  4.3484295934e+00  3.6614921998e-13
-6.5218707943e+01  9.6418500307e+05  3.6355327984e+01 10  6.3022792543e+00  3.8722689792e-13
-1.8742472916e+01  9.6725362468e+05  2.7958211770e+00 12  5.9484580265e-01  3.7409849685e-13
-1.6514113395e+01  9.6725793467e+05  6.2998448518e+00 10  2.2104255175e+00  3.7409849685e-13
 1.1332525909e+00  9.7131793904e+05 -1.6233610536e+00 11  1.3727319889e+00  3.7026927462e-13
-4.4956398207e+01  9.7331191377e+05 -1.1895222187e+02 10  2.4833863399e+00  3.7686645938e-13
-4.6141374977e+01  9.7331173408e+05 -1.1945118701e+02 11  1.5367349656e-01  3.7686645938e-13
 1.3002040203e+01  9.8671902149e+05 -5.6353549690e+00  7  8.7600000000e+00  3.7641540189e-13
 3.3743441332e+01  9.8668745973e+05 -4.9982391062e+01  7  8.7600000000e+00  3.7946707876e-13
 4.3333530716e+01  9.8672648353e+05 -1.1157882065e+02 10  6.7654714115e+00  4.0120266093e-13
 1.7334217419e+01  9.8671271102e+05 -1.6500794883e+01 11  3.9755328878e+00  3.7672367123e-13
-1.8848633856e+01  9.8669656972e+05  1.8622032321e+01 10  1.4169592096e+00  3.9818374189e-13
-2.3345753323e+01  9.8669373202e+05  1.2951757340e+01 11  1.2455172043e+00  3.9818374189e-13
 4.8843351161e+00  9.8671404012e+05 -6.9443978862e+00 11  6.0180146208e+00  3.7627622859e-13
-1.2760307541e+00  9.9417479486e+05 -4.8138485424e+00 11  2.7149701363e-01  3.7898237574e-13
-1.8316066059e+01  9.9523638149e+05  8.3949304110e+00 10  4.2333420394e+00  3.8182146596e-13
-1.4972503031e+01  9.9523476013e+05  6.1111119546e+00 11  1.4698952469e+00  3.8182146596e-13
 1.4827497460e+01  1.0001559481e+06 -2.0498923116e+01 11  2.4564589569e+00  3.8126240906e-13