42.76	1.3766E+05	1.1471E-04	2.0648E+00	1	1					
47.93	1.4148E+05	1.1790E-04	2.1223E+00	1	2					
53.73	1.4463E+05	1.2053E-04	2.1695E+00	1	4					
60.24	1.4699E+05	1.2249E-04	2.2048E+00	1	6					
67.55	1.4832E+05	1.2360E-04	2.2248E+00	1	8					
75.77	1.4859E+05	1.2382E-04	2.2288E+00	1	10					
85.01	1.4767E+05	1.2306E-04	2.2150E+00	1	11					
95.41	1.4550E+05	1.2125E-04	2.1824E+00	1	12					
107.14	1.4202E+05	1.1835E-04	2.1303E+00	1	13					
120.35	1.3739E+05	1.1449E-04	2.0609E+00	1	14					
					
