 x                 y                 z               Event            Energy              Time
 7.5523906851e+02  8.1185646016e+02  6.1107913437e+02  0  8.7600000000e+00  4.4132880272e-16
 1.8045290026e+01  3.1112686578e+03 -1.3713601521e+01  1  1.2100000000e+01  1.6912995573e-15
-1.8288361150e-04  3.1943729013e+03 -3.7248584762e-03  2  1.6800000000e+01  1.7364753958e-15
 2.6844952840e+02  3.6508997600e+03 -4.0861387320e+02  0  8.7600000000e+00  1.9846454380e-15
 4.9527800794e+00  7.8733208973e+03  8.9830345814e+01  0  8.7600000000e+00  4.2799724527e-15
 7.5204269511e+00  7.9657835083e+03  9.2971845658e+00  0  8.7600000000e+00  4.3302355416e-15
 2.2941508625e+02  9.3731185034e+03  2.1260168521e+01  1  1.2100000000e+01  5.0952691392e-15
-3.6964092677e-03  1.0093804570e+04  4.4494378052e-03  3  3.2200000000e+01  5.4870373083e-15
 9.5543379206e-02  1.0462562548e+04  1.9433130207e-01  1  1.2100000000e+01  5.6874957943e-15
 1.8018909333e+00  1.0601793523e+04 -4.1517473018e+00  1  1.2100000000e+01  5.7631823752e-15
-8.1662021268e+00  1.4469130561e+04 -1.5679745664e+01  1  1.2100000000e+01  7.8654840855e-15
 4.5899406518e+01  1.6307853306e+04  3.8071272708e+01  1  1.2100000000e+01  8.8650219931e-15
-3.7201984854e+02  1.7693279362e+04 -4.0018792189e+02  2  1.6800000000e+01  9.6181457934e-15
 3.8780743319e+01  1.9996172651e+04  1.6049661622e+01  1  1.2100000000e+01  1.0870008885e-14
-1.5520700282e+01  2.0292274076e+04 -3.5073544069e+01  0  8.7600000000e+00  1.1030970944e-14
 2.8488924401e+01  2.3015921582e+04  5.8492749209e+01  1  1.2100000000e+01  1.2511557909e-14
-2.7159937686e-01  2.5062240104e+04  7.0338505218e-01  1  1.2100000000e+01  1.3623945810e-14
 1.7011919137e-03  2.5089953174e+04  1.9324929346e-03  1  1.2100000000e+01  1.3639010758e-14
-4.8253305592e+01  2.6820346304e+04 -3.6146672967e+01  0  8.7600000000e+00  1.4579660203e-14
-3.4747707085e+01  2.7233089483e+04  1.0695570216e+02  1  1.2100000000e+01  1.4804029241e-14
-1.4597024690e+02  3.0227648356e+04  1.8166176924e+01  1  1.2100000000e+01  1.6431884838e-14
-5.9124815072e-04  3.4782856720e+04  2.8923307722e-03  1  1.2100000000e+01  1.8908116477e-14
 1.5748376231e+01  3.6603082002e+04 -8.2910958800e+00  0  8.7600000000e+00  1.9897599081e-14
-3.0554499587e-01  3.6694490134e+04 -3.0959097959e+00  1  1.2100000000e+01  1.9947288951e-14
-1.5018518154e+01  3.6988862328e+04  2.9980048641e+01  0  8.7600000000e+00  2.0107310992e-14
 2.0352629602e+00  3.7125990511e+04 -3.8438013060e+00  3  3.2200000000e+01  2.0181854485e-14
-1.0928135071e+00  3.7559783813e+04 -3.4466288354e+01  0  8.7600000000e+00  2.0417666464e-14
-1.0108225867e+01  4.0461257431e+04  4.7144546915e+01  3  3.2200000000e+01  2.1994920500e-14
 1.7413136228e+01  4.0543078919e+04  1.3482119190e+01  1  1.2100000000e+01  2.2039399027e-14
 4.6396646185e+01  4.0680711240e+04  4.2391127802e+00  0  8.7600000000e+00  2.2114216572e-14
 1.8939931247e+02  4.1036273078e+04  2.6509182167e+02  1  1.2100000000e+01  2.2307501578e-14
 4.7142521534e+02  4.3127802566e+04  8.8249574690e+01  1  1.2100000000e+01  2.3444466362e-14
 2.5347188989e+00  4.6635010886e+04 -2.2390788805e+00  1  1.2100000000e+01  2.5351000490e-14
-9.0994504349e+01  4.8008238522e+04  7.2141717465e+01  0  8.7600000000e+00  2.6097493175e-14
-1.1674944246e+02  5.2439585886e+04  2.0878095452e+02  1  1.2100000000e+01  2.8506393421e-14
-1.0411364044e+01  5.3710967394e+04  1.7429849269e+01  0  8.7600000000e+00  2.9197522095e-14
-3.4778128854e+01  5.5245355084e+04  2.2720038950e+01  2  1.6800000000e+01  3.0031622105e-14
-3.3473556532e+01  5.8225725597e+04  6.8560867560e+01  0  8.7600000000e+00  3.1651764845e-14
-5.8206807373e+00  6.0472770394e+04  1.7292704716e+01  0  8.7600000000e+00  3.2873268447e-14
 1.1452967398e+02  6.1868883343e+04 -3.2537459623e+02  0  8.7600000000e+00  3.3632201690e-14
-2.4688417506e+01  6.5637647208e+04  5.3851397684e+01  0  8.7600000000e+00  3.5680918583e-14
 9.3554688543e+00  6.7371592325e+04  3.3665602190e+00  3  3.2200000000e+01  3.6623498903e-14
 1.4032882528e-03  6.9206158462e+04 -4.9343345267e-03  3  3.2200000000e+01  3.7620777261e-14
-7.3596241680e+00  7.6313940784e+04 -3.9301458800e+00  0  8.7600000000e+00  4.1484599520e-14
 1.5425100297e+00  7.7091215152e+04 -3.8000453880e+00  1  1.2100000000e+01  4.1907129343e-14
 1.4791384587e+00  7.7356573701e+04 -5.8708041826e+00  2  1.6800000000e+01  4.2051379437e-14
 7.9046309123e-01  7.8352293494e+04 -1.5306491676e+00  1  1.2100000000e+01  4.2592657169e-14
-6.0152266515e+00  7.9349032486e+04  4.0491751462e+01  1  1.2100000000e+01  4.3134488943e-14
-1.3743228021e+00  7.9604317775e+04 -4.4934842482e+00  2  1.6800000000e+01  4.3273263168e-14
 3.5986333696e+00  7.9689346530e+04 -6.7310429850e+00  1  1.2100000000e+01  4.3319485180e-14
 2.4378939805e+01  8.0186614404e+04 -2.6991721870e+00  0  8.7600000000e+00  4.3589802220e-14
 6.8369611559e+00  8.1376696954e+04  3.5292349920e+00  1  1.2100000000e+01  4.4236736416e-14
-2.1170147482e+01  8.3378227989e+04  1.6641022747e+01  3  3.2200000000e+01  4.5324777639e-14
 3.8977834406e+00  8.4653522937e+04  3.4780515099e+00  0  8.7600000000e+00  4.6018033676e-14
-2.2188628517e-01  8.4798850515e+04 -9.1648815259e+00  0  8.7600000000e+00  4.6097034398e-14
-3.4675314422e+00  8.4851594886e+04  1.0460999173e+00  0  8.7600000000e+00  4.6125706474e-14
-1.4777482725e+01  8.9999651843e+04 -2.3019101699e+00  2  1.6800000000e+01  4.8924213260e-14
-3.7333594522e+02  9.0650817978e+04  4.8164406790e+02  0  8.7600000000e+00  4.9278190083e-14
 3.4210322751e+01  9.1243694902e+04 -6.9870176863e+01  1  1.2100000000e+01  4.9600480631e-14
 3.7652411632e+00  9.1821656523e+04 -1.1548205870e+01  1  1.2100000000e+01  4.9914663153e-14
 3.2942259886e+01  9.5873753425e+04 -2.6496628726e+00  0  8.7600000000e+00  5.2117401151e-14
-4.4608459154e+02  9.6116542222e+04  3.7216846175e+02  0  8.7600000000e+00  5.2249382227e-14
 6.5660423757e+00  9.6513673023e+04  9.3555874195e+00  2  1.6800000000e+01  5.2465264307e-14
 2.4879585118e+01  9.8237418333e+04  1.9460127268e+01  0  8.7600000000e+00  5.3402299967e-14
-1.1473123320e+01  9.8664259250e+04 -8.4688350620e+00  1  1.2100000000e+01  5.3634332598e-14
 1.7640921132e+01  9.9222451009e+04 -9.2767603286e+00  1  1.2100000000e+01  5.3937768135e-14
-1.3603909064e-03  1.0096693587e+05 -4.0899636965e-03  1  1.2100000000e+01  5.4886077910e-14
-1.7744619646e+01  1.0148252469e+05  6.7438247104e-01  0  8.7600000000e+00  5.5166354296e-14
 6.6254181193e-01  1.0598191205e+05 -3.4248740685e+00  0  8.7600000000e+00  5.7612241389e-14
-3.9594165020e+00  1.0618579601e+05  1.0247123558e+01  1  1.2100000000e+01  5.7723073622e-14
 5.3771380180e+00  1.0655153092e+05  7.3750101298e+00  2  1.6800000000e+01  5.7921888755e-14
-8.3484665112e+00  1.0659719023e+05  2.8272149882e+01  2  1.6800000000e+01  5.7946709359e-14
-6.8880394627e+01  1.1018005799e+05  2.1951786047e+02  0  8.7600000000e+00  5.9894372296e-14
-5.8483197927e+02  1.1084020834e+05 -3.9157186091e+02  0  8.7600000000e+00  6.0253232978e-14
 1.0588933805e+02  1.1152016204e+05  2.5856155553e+02  0  8.7600000000e+00  6.0622858850e-14
-1.9846626101e-05  1.1333652596e+05 -3.5622448793e-03  3  3.2200000000e+01  6.1610242403e-14
-3.9450917351e+01  1.1335111473e+05  1.2370100375e+02  1  1.2100000000e+01  6.1618172924e-14
-6.4968712891e-04  1.1540053363e+05  7.0842441437e-04  2  1.6800000000e+01  6.2732246202e-14
 6.0968527166e+00  1.1629215329e+05  5.5118993881e-01  0  8.7600000000e+00  6.3216934636e-14
 3.5782643801e+01  1.1690515048e+05 -6.3997078272e+01  2  1.6800000000e+01  6.3550162650e-14
-1.2337470152e+01  1.1808676185e+05  2.9203515320e+01  0  8.7600000000e+00  6.4192491877e-14
 9.7085285320e-01  1.1843251254e+05  2.7666759592e+00  0  8.7600000000e+00  6.4380443501e-14
-1.3470810874e+00  1.1926949125e+05 -8.7554509112e-01  2  1.6800000000e+01  6.4835428868e-14
-4.4959017401e+00  1.2047066308e+05 -7.1359738464e+00  1  1.2100000000e+01  6.5488391247e-14
-1.1636488982e+00  1.2062691438e+05 -2.0743201410e+00  2  1.6800000000e+01  6.5573330154e-14
 1.5326900635e+02  1.2127997236e+05 -2.8261299570e+01  2  1.6800000000e+01  6.5928335391e-14
 5.5061770452e+01  1.2192022096e+05  4.0360472477e+01  1  1.2100000000e+01  6.6276377394e-14
 8.3803827570e+00  1.2522159047e+05  2.2036844473e+00  0  8.7600000000e+00  6.8071016624e-14
-2.4092124700e+01  1.2587037742e+05  8.5505800171e+00  0  8.7600000000e+00  6.8423700115e-14
-4.6636976372e+02  1.2876972914e+05 -4.0872192404e+02  2  1.6800000000e+01  6.9999800677e-14
-5.4394139516e+00  1.2908202972e+05  4.0712356487e+00  1  1.2100000000e+01  7.0169568667e-14
-4.7369399127e+00  1.3035194703e+05  1.4172936052e+01  1  1.2100000000e+01  7.0859901397e-14
-8.7207877348e+01  1.3118696576e+05  7.0151960783e+01  2  1.6800000000e+01  7.1313821310e-14
-3.5108676453e-03  1.3159769641e+05  2.8474859371e-03  3  3.2200000000e+01  7.1537096329e-14
-4.1894554845e+01  1.3749313771e+05 -1.9085507484e+00  0  8.7600000000e+00  7.4741884592e-14
 6.5664792927e+00  1.4030474531e+05  4.9410776176e+00  0  8.7600000000e+00  7.6270287053e-14
-1.5017997620e+01  1.4056480954e+05 -2.2526909552e+02  0  8.7600000000e+00  7.6411659135e-14
-2.4866999957e+01  1.4145754737e+05  3.3299851434e+01  0  8.7600000000e+00  7.6896955410e-14
 2.7690269527e+01  1.4615580340e+05 -5.3385860013e-01  2  1.6800000000e+01  7.9450948400e-14
-1.5076200612e+00  1.4667609429e+05  3.1927955733e+00  1  1.2100000000e+01  7.9733780858e-14
-2.3038550407e-03  1.4668440286e+05 -8.9166934411e-04  2  1.6800000000e+01  7.9738297430e-14
-6.1749604771e+01  1.4867847125e+05 -1.4695114873e+01  0  8.7600000000e+00  8.0822281925e-14
-4.4165768752e+01  1.5020352891e+05 -3.0211600486e+01  0  8.7600000000e+00  8.1651310094e-14
-1.4758483276e+01  1.5131050031e+05  1.4949129182e+01  0  8.7600000000e+00  8.2253064693e-14
-3.1107624801e+00  1.5257078803e+05 -7.1476780435e+00  0  8.7600000000e+00  8.2938162739e-14
 1.5047206195e+01  1.5286309379e+05  2.6048139237e+01  2  1.6800000000e+01  8.3097061457e-14
-2.8565996558e+02  1.5321582423e+05  1.4880379837e+02  0  8.7600000000e+00  8.3288807299e-14
-1.0202374779e+01  1.5400916660e+05  3.5044152376e+01  1  1.2100000000e+01  8.3720071760e-14
 3.7133336015e-03  1.5547592889e+05 -2.1601910713e-06  0  8.7600000000e+00  8.4517410300e-14
 1.7457680808e+02  1.5806375620e+05 -6.8588317332e+01  1  1.2100000000e+01  8.5924164800e-14
 3.6936686648e-03  1.5844051906e+05 -5.1075144462e-04  2  1.6800000000e+01  8.6128974779e-14
-2.5787548265e+01  1.6270086059e+05 -4.6243825579e+00  1  1.2100000000e+01  8.8444915485e-14
 1.9814582221e+02  1.7446610598e+05 -9.9968066854e+01  0  8.7600000000e+00  9.4840555498e-14
-4.1995297043e-03  1.7456179810e+05 -1.4957395832e-03  1  1.2100000000e+01  9.4892574165e-14
 4.4767259993e+02  1.7735835348e+05  1.7399689844e+02  0  8.7600000000e+00  9.6412794179e-14
 1.1048258823e-03  1.7856813031e+05 -1.1913963529e-03  3  3.2200000000e+01  9.7070434271e-14
-3.9461989846e+00  1.7917402375e+05 -2.2737447247e+00  1  1.2100000000e+01  9.7399800654e-14
-5.4716085964e+02  1.8245276916e+05 -4.6454517074e+02  0  8.7600000000e+00  9.9182141324e-14
 1.0181369130e+01  1.8506983962e+05 -1.0278931985e+01  2  1.6800000000e+01  1.0060479253e-13
 1.6075564114e+00  1.8773403939e+05  6.6207305613e+00  0  8.7600000000e+00  1.0205306344e-13
-1.1365922397e+01  1.8991927918e+05  2.6266444220e+00  2  1.6800000000e+01  1.0324096956e-13
 7.4572053913e-02  1.9041092293e+05 -5.1158562519e-01  0  8.7600000000e+00  1.0350822931e-13
 3.9304283840e+01  1.9063333916e+05  5.2509843780e+01  1  1.2100000000e+01  1.0362913576e-13
 1.0123495742e+00  1.9178692538e+05 -1.2839700993e+00  2  1.6800000000e+01  1.0425623039e-13
-3.7985035958e-03  1.9539062661e+05 -1.4499342099e-03  3  3.2200000000e+01  1.0621521850e-13
 1.2810824173e+02  1.9764037033e+05  1.0918674041e+02  1  1.2100000000e+01  1.0743818925e-13
 1.7894742866e+01  1.9931129133e+05  5.8263492505e+02  0  8.7600000000e+00  1.0834650938e-13
 7.9766712735e+01  2.0004247505e+05  1.1879907985e+02  0  8.7600000000e+00  1.0874398411e-13
 1.4667203690e+01  2.0094219272e+05 -5.4945574867e+00  2  1.6800000000e+01  1.0923307466e-13
 9.8658055076e+00  2.0367728414e+05  3.7865291308e+00  2  1.6800000000e+01  1.1071988259e-13
 8.4476452769e+01  2.0569863582e+05  6.5042845826e+01  2  1.6800000000e+01  1.1181869841e-13
 9.5573410203e-04  2.0610793105e+05  3.0230528992e-03  3  3.2200000000e+01  1.1204119312e-13
 1.2319448589e+01  2.0724355590e+05 -1.2454908032e+02  0  8.7600000000e+00  1.1265852387e-13
 4.1459317820e+01  2.0825980400e+05 -2.9330171042e+01  2  1.6800000000e+01  1.1321096088e-13
-2.3425557901e+00  2.0911134632e+05 -6.9569582854e+00  0  8.7600000000e+00  1.1367386310e-13
-1.9554982239e+01  2.0982712096e+05 -2.2453582913e+01  1  1.2100000000e+01  1.1406296139e-13
 7.3773766518e+00  2.1143891246e+05  5.2571519480e+02  0  8.7600000000e+00  1.1493913846e-13
-3.0213725771e+00  2.1200692198e+05  7.7347517368e-01  3  3.2200000000e+01  1.1524791098e-13
-4.8527296639e+01  2.1284245336e+05 -5.0460430522e+01  0  8.7600000000e+00  1.1570210957e-13
 8.7340832200e+01  2.1285538217e+05 -2.9279784262e+01  2  1.6800000000e+01  1.1570913773e-13
-3.2571148249e+00  2.2087149287e+05  6.9858601572e-01  1  1.2100000000e+01  1.2006673136e-13
 1.2530196452e+01  2.2554150396e+05  1.1099809165e+01  3  3.2200000000e+01  1.2260537027e-13
 8.4577380716e+01  2.2695071251e+05  1.4757619389e+02  1  1.2100000000e+01  1.2337142235e-13
-7.7638619087e+01  2.2916184824e+05 -5.2257697451e+02  2  1.6800000000e+01  1.2457340562e-13
 4.4130615691e+00  2.2943200657e+05  3.9137521481e+00  1  1.2100000000e+01  1.2472026489e-13
-7.5487035413e+00  2.2989182616e+05  5.8530746051e+00  1  1.2100000000e+01  1.2497022488e-13
 7.1788263322e+00  2.3006663226e+05 -1.8323059057e+01  1  1.2100000000e+01  1.2506525025e-13
-8.3311724883e+00  2.3404585217e+05 -6.8463735608e+00  3  3.2200000000e+01  1.2722837200e-13
-1.9138642751e+00  2.3470232280e+05 -3.4970994423e-01  2  1.6800000000e+01  1.2758523236e-13
 8.5591700764e-01  2.3699766898e+05  1.1187176352e+00  3  3.2200000000e+01  1.2883299282e-13
-1.4563635163e+02  2.4163641555e+05  3.3896403633e+02  1  1.2100000000e+01  1.3135463620e-13
-1.5499235208e-03  2.4478273114e+05  4.3538606047e-04  3  3.2200000000e+01  1.3306498742e-13
 4.3475020481e+00  2.4712623993e+05 -2.1648658544e+00  1  1.2100000000e+01  1.3433892928e-13
-2.4664816109e-03  2.4791335609e+05 -4.1564341305e-03  1  1.2100000000e+01  1.3476680915e-13
 7.7226126591e+00  2.4892522569e+05  1.8315233553e+01  0  8.7600000000e+00  1.3531686599e-13
-1.2586036592e+00  2.4896283815e+05 -7.9618357306e+00  0  8.7600000000e+00  1.3533731229e-13
-1.6770504291e+01  2.4994293119e+05 -5.0535983811e+01  1  1.2100000000e+01  1.3587009525e-13
-1.4457488664e+01  2.5093575004e+05  9.9083646473e+00  2  1.6800000000e+01  1.3640979602e-13
 2.8678195680e+01  2.5235396932e+05  1.2215013276e+00  0  8.7600000000e+00  1.3718074636e-13
 1.3150996967e+01  2.5437121929e+05 -4.9331396580e+00  0  8.7600000000e+00  1.3827733246e-13
 2.8115693237e-03  2.5489390452e+05  4.0456230142e-03  1  1.2100000000e+01  1.3856146649e-13
 1.6712464278e+01  2.5507617514e+05 -1.3711476839e+01  0  8.7600000000e+00  1.3866054962e-13
 1.4631551207e+01  2.5532728683e+05 -3.3850948927e+01  0  8.7600000000e+00  1.3879705506e-13
 3.0296815320e+00  2.5591326367e+05  3.8137783318e+00  1  1.2100000000e+01  1.3911559469e-13
-7.6009899852e+01  2.5717461379e+05 -4.8296858673e+02  0  8.7600000000e+00  1.3980127026e-13
-3.2580917919e+00  2.5879966201e+05 -3.4914508483e+00  0  8.7600000000e+00  1.4068465373e-13
 1.7822821240e+00  2.5976321719e+05 -2.7700070846e+00  0  8.7600000000e+00  1.4120844664e-13
 4.2670412677e-01  2.5986577795e+05 -1.3370005265e+00  0  8.7600000000e+00  1.4126419913e-13
 3.4624010041e+01  2.6027036560e+05 -8.9339628538e+00  2  1.6800000000e+01  1.4148413478e-13
 3.3114003506e+00  2.6099035609e+05 -5.7290688693e+00  3  3.2200000000e+01  1.4187552483e-13
 4.7860002750e-03  2.6150289465e+05 -1.6933788577e-03  2  1.6800000000e+01  1.4215414309e-13
 6.5059608765e+01  2.6151115927e+05  1.1067541290e+02  0  8.7600000000e+00  1.4215863577e-13
 7.2969165227e+00  2.6615294887e+05  4.2287448491e+00  1  1.2100000000e+01  1.4468193336e-13
-6.2633200772e+01  2.6625504816e+05  1.5092543417e+01  1  1.2100000000e+01  1.4473743499e-13
 9.9490768108e+00  2.6767061655e+05  1.6464211382e+01  1  1.2100000000e+01  1.4550694429e-13
 2.0177927922e+01  2.6769421750e+05 -5.1399795243e+00  3  3.2200000000e+01  1.4551977388e-13
-6.1846068856e-04  2.7029219341e+05 -4.4687926674e-03  2  1.6800000000e+01  1.4693204520e-13
 3.6260950855e+00  2.7041211084e+05  7.0739090858e+00  1  1.2100000000e+01  1.4699723285e-13
 3.0016395953e-03  2.7460123756e+05 -1.4433225321e-03  0  8.7600000000e+00  1.4927446088e-13
-1.3388408853e+01  2.7601304399e+05 -2.2531685018e+01  0  8.7600000000e+00  1.5004192517e-13
-7.2230889147e+00  2.7750692638e+05 -3.4697873325e+01  0  8.7600000000e+00  1.5085400632e-13
 1.0059779981e+02  2.7817030142e+05 -4.7837310258e+00  1  1.2100000000e+01  1.5121461995e-13
 2.0782032409e-03  2.7893927998e+05 -1.6381299992e-03  3  3.2200000000e+01  1.5163264014e-13
-2.0508970074e-03  2.7911871588e+05  5.7399719747e-04  2  1.6800000000e+01  1.5173018229e-13
-1.9339561709e+00  2.8171374140e+05 -6.9864467626e+01  0  8.7600000000e+00  1.5314084977e-13
-2.7115467924e+02  2.8340327158e+05  2.5650084258e+02  0  8.7600000000e+00  1.5405928594e-13
 2.8988920490e+00  2.8483286091e+05  1.5476175473e+01  2  1.6800000000e+01  1.5483641709e-13
-5.8017005104e+00  2.8485210164e+05 -2.5374045183e+00  0  8.7600000000e+00  1.5484687644e-13
-2.8291020486e-03  2.8880013688e+05  1.2818696705e-03  0  8.7600000000e+00  1.5699304605e-13
-6.6296873166e+00  2.8895040338e+05  1.0377555695e+01  0  8.7600000000e+00  1.5707473159e-13
 4.3835522185e-03  2.9044656309e+05  4.3621363348e-03  3  3.2200000000e+01  1.5788805070e-13
 4.3033081070e+00  2.9162659651e+05  5.7450961402e+00  0  8.7600000000e+00  1.5852952214e-13
-6.5609367646e+01  2.9190489660e+05 -9.3228626603e+01  3  3.2200000000e+01  1.5868080732e-13
 4.4253792378e-03  2.9594682675e+05 -2.6511498949e-03  0  8.7600000000e+00  1.6087801863e-13
 2.0523248172e-01  2.9664592702e+05  1.2945330681e+01  0  8.7600000000e+00  1.6125805266e-13
 2.1237167563e-03  3.0004787445e+05  3.3075230235e-03  1  1.2100000000e+01  1.6310736649e-13
-1.2245483247e+01  3.0321960690e+05  4.6984849658e+00  1  1.2100000000e+01  1.6483153444e-13
-3.4669970085e+01  3.0719779931e+05  3.0589099580e+01  1  1.2100000000e+01  1.6699409763e-13
-4.6054436614e-04  3.0727527142e+05 -3.6916168657e-04  2  1.6800000000e+01  1.6703621181e-13
-3.3955018813e+01  3.0838996361e+05  2.3824338353e+02  0  8.7600000000e+00  1.6764216348e-13
-2.3662300298e+01  3.1402483783e+05 -2.1319239196e+00  1  1.2100000000e+01  1.7070530630e-13
 5.3110611443e+01  3.1565815707e+05  1.0754454042e+00  2  1.6800000000e+01  1.7159318595e-13
 2.4445512177e+01  3.1654599944e+05 -3.6948518164e+00  1  1.2100000000e+01  1.7207582103e-13
 1.4267493916e+02  3.1838289655e+05  4.1557238058e+01  0  8.7600000000e+00  1.7307436651e-13
-1.7309045440e+00  3.1974237887e+05  2.9253929576e+01  1  1.2100000000e+01  1.7381338718e-13
-8.6491256739e+00  3.2021786128e+05  8.9119927930e-01  0  8.7600000000e+00  1.7407186154e-13
 1.2465904556e+00  3.2359939197e+05 -1.3626780070e+01  3  3.2200000000e+01  1.7591007676e-13
 2.0590813179e+01  3.2419543396e+05 -5.8225251467e+01  0  8.7600000000e+00  1.7623408785e-13
 1.2076141451e-01  3.2491039500e+05 -1.5636244989e+00  0  8.7600000000e+00  1.7662274386e-13
-4.5004661193e-03  3.2613742202e+05  6.6593350641e-04  4  4.0000000000e+01  1.7728976124e-13
 6.5030681920e+01  3.2680482118e+05 -2.5911262045e+00  0  8.7600000000e+00  1.7765256241e-13
-7.7384785204e+00  3.2719113888e+05  3.9095958647e+00  0  8.7600000000e+00  1.7786256644e-13
 8.8217721954e-01  3.2791262453e+05 -7.1588588348e+00  0  8.7600000000e+00  1.7825476926e-13
-5.5370998527e+01  3.2974980894e+05  6.1386789192e+01  2  1.6800000000e+01  1.7925347093e-13
 1.6901122348e+00  3.3066473454e+05 -2.9381023768e+00  1  1.2100000000e+01  1.7975082857e-13
-7.1948377199e+00  3.3813283879e+05  1.7637300726e+00  0  8.7600000000e+00  1.8381052344e-13
 4.6219628833e+01  3.3872205389e+05  1.1144295302e+01  1  1.2100000000e+01  1.8413082341e-13
 8.6482463438e+00  3.4416435952e+05  6.4951276508e+00  0  8.7600000000e+00  1.8708928509e-13
 1.5889606480e-01  3.4848324923e+05  1.9055615004e+00  1  1.2100000000e+01  1.8943705285e-13
-2.5152874266e+01  3.4981009384e+05 -3.1049201939e+01  2  1.6800000000e+01  1.9015833151e-13
 2.0052018739e+00  3.5181252122e+05 -6.6365059593e+00  0  8.7600000000e+00  1.9124686000e-13
-2.9714992767e+02  3.5520471454e+05  7.1172470116e+02  1  1.2100000000e+01  1.9309087146e-13
 2.8925083123e+01  3.5551015789e+05 -9.5572316362e+00  0  8.7600000000e+00  1.9325691182e-13
 2.3444421950e-03  3.5662640202e+05  3.0399705880e-03  2  1.6800000000e+01  1.9386370713e-13
 2.7031602905e+00  3.5758287256e+05 -1.2919535111e+00  1  1.2100000000e+01  1.9438364879e-13
 6.8699281852e+00  3.5965445959e+05 -2.6060546767e+01  0  8.7600000000e+00  1.9550977277e-13
-3.7177870145e+00  3.6266027366e+05  2.7983689352e+00  2  1.6800000000e+01  1.9714374674e-13
-4.7290422990e-01  3.6306871370e+05  6.9246128021e+00  1  1.2100000000e+01  1.9736577657e-13
-8.8445042426e+00  3.6321193947e+05 -1.9353186021e+00  1  1.2100000000e+01  1.9744363474e-13
 2.0473075250e+00  3.6491631104e+05 -9.8751541166e+01  0  8.7600000000e+00  1.9837013875e-13
 3.2071432369e+02  3.6791620669e+05 -1.7989122184e+01  2  1.6800000000e+01  2.0000089544e-13
-2.1315964033e+00  3.6887518486e+05  7.0576621889e+00  0  8.7600000000e+00  2.0052220026e-13
 2.7856718040e-03  3.6915759760e+05 -1.2139901641e-03  2  1.6800000000e+01  2.0067572109e-13
-6.3451991530e+00  3.7257613257e+05  8.8724633703e+00  2  1.6800000000e+01  2.0253405199e-13
-3.2767319291e+00  3.7284896937e+05  1.1713512241e+00  1  1.2100000000e+01  2.0268236730e-13
-2.2482119661e+02  3.7367753994e+05  7.9951704331e+01  2  1.6800000000e+01  2.0313278196e-13
 6.8274312539e+00  3.7401572018e+05 -1.4163412019e+01  1  1.2100000000e+01  2.0331661825e-13
 1.1130871353e+01  3.7613652594e+05  2.9338235920e+00  0  8.7600000000e+00  2.0446949775e-13
-5.0555916219e+00  3.8012754840e+05  1.3045716235e+00  3  3.2200000000e+01  2.0663903541e-13
 1.2867011057e+01  3.8049032033e+05  4.9628402886e+00  1  1.2100000000e+01  2.0683623985e-13
-1.3805842155e+02  3.8262099698e+05 -7.3893429479e+00  1  1.2100000000e+01  2.0799448521e-13
-5.2144549394e-01  3.8375206038e+05 -1.1220354014e+00  2  1.6800000000e+01  2.0860933633e-13
-3.5326878440e-03  3.8610842786e+05 -3.8845945331e-03  1  1.2100000000e+01  2.0989026823e-13
 2.1299111911e+02  3.8683558764e+05 -7.8518900578e+01  0  8.7600000000e+00  2.1028555554e-13
 8.0087747448e+01  3.8832740186e+05  9.6534841667e+00  2  1.6800000000e+01  2.1109651242e-13
 4.0315932216e+01  3.9091320122e+05  1.2398562386e+02  0  8.7600000000e+00  2.1250216452e-13
-5.9812137673e+01  3.9195434671e+05  5.5090065463e+00  2  1.6800000000e+01  2.1306813586e-13
 6.1041404526e+00  3.9489926789e+05  5.0827757466e+00  2  1.6800000000e+01  2.1466900819e-13
 2.5085848849e+01  3.9573828527e+05  4.7750818091e+01  0  8.7600000000e+00  2.1512510179e-13
 1.6557401779e+02  3.9679140529e+05 -1.3322328386e+02  0  8.7600000000e+00  2.1569758254e-13
 5.2380959238e+00  3.9840769332e+05 -2.7782040988e+01  0  8.7600000000e+00  2.1657620394e-13
-3.7257847653e+00  3.9921949753e+05  3.7995343546e+00  2  1.6800000000e+01  2.1701750434e-13
 2.3128962292e+01  4.0097369492e+05  1.4452362613e+02  0  8.7600000000e+00  2.1797109389e-13
 6.3766944316e+01  4.0134966270e+05  8.5410570595e+01  0  8.7600000000e+00  2.1817547165e-13
 5.3795981548e+01  4.0152370999e+05 -8.3975632377e+01  2  1.6800000000e+01  2.1827008454e-13
 5.5384426527e+00  4.0308982228e+05 -3.2352648485e+00  0  8.7600000000e+00  2.1912143019e-13
-7.4139264203e+00  4.0410011520e+05 -1.0750020192e+01  1  1.2100000000e+01  2.1967062993e-13
 1.6196826411e-03  4.0518290665e+05  2.0061482475e-03  1  1.2100000000e+01  2.2025924021e-13
 1.4922673887e+01  4.0570616381e+05 -8.8801960529e+01  2  1.6800000000e+01  2.2054368514e-13
-1.8213648389e+00  4.1309757522e+05  3.0286636902e+00  1  1.2100000000e+01  2.2456168944e-13
-9.1875625492e+00  4.1358217453e+05  7.4626421523e-01  1  1.2100000000e+01  2.2482511979e-13
-1.7971981332e+01  4.1555318363e+05  2.9983100362e+01  3  3.2200000000e+01  2.2589656916e-13
-2.6664039854e-03  4.1581555027e+05 -4.2517830707e-03  4  4.0000000000e+01  2.2603919284e-13
-6.2552187886e+00  4.1618054546e+05  1.0866210260e+01  2  1.6800000000e+01  2.2623760585e-13
-1.5055227649e+00  4.2001573365e+05  1.5253541831e+01  0  8.7600000000e+00  2.2832243131e-13
-2.4208859596e+02  4.2281364665e+05  7.2850045271e-01  0  8.7600000000e+00  2.2984338933e-13
 7.8341586714e+00  4.2468635241e+05 -9.1276571301e+00  2  1.6800000000e+01  2.3086140055e-13
 7.8407196061e+01  4.2893160205e+05 -1.8692035203e+02  0  8.7600000000e+00  2.3316913724e-13
-1.1679530020e+00  4.3310262502e+05  6.8398740432e-01  3  3.2200000000e+01  2.3543652399e-13
-9.8561215595e+01  4.3333051556e+05 -3.2268557879e+01  2  1.6800000000e+01  2.3556040630e-13
-7.7137436053e+01  4.3420960497e+05 -3.3700674356e+01  2  1.6800000000e+01  2.3603828324e-13
 2.8193011660e-04  4.3462811693e+05 -1.6005302670e-03  1  1.2100000000e+01  2.3626578821e-13
 2.7392666273e+01  4.3463692356e+05  1.1716978114e+01  2  1.6800000000e+01  2.3627057553e-13
-1.1219816520e-04  4.3604478327e+05  4.2854374085e-03  0  8.7600000000e+00  2.3703589437e-13
 6.9483108221e+00  4.3946436667e+05 -7.2156524488e+00  0  8.7600000000e+00  2.3889479520e-13
-2.6276115407e+01  4.3997303838e+05  2.1949369253e+02  0  8.7600000000e+00  2.3917131141e-13
-3.7561345895e+00  4.4095499885e+05 -1.4397660067e+01  1  1.2100000000e+01  2.3970510952e-13
-4.6534753077e-03  4.4243498383e+05 -9.5949648226e-04  3  3.2200000000e+01  2.4050963597e-13
-3.1116777094e+00  4.4404760247e+05  5.0664663308e-01  0  8.7600000000e+00  2.4138626268e-13
 1.4435900021e+01  4.4427518389e+05  8.1388833114e+00  3  3.2200000000e+01  2.4150997696e-13
 3.7426227139e-03  4.4480205035e+05  2.2599525877e-03  2  1.6800000000e+01  2.4179638392e-13
-2.0987347525e+01  4.4600192758e+05 -6.4584062939e+00  0  8.7600000000e+00  2.4244864255e-13
 4.4375918424e+00  4.4677188505e+05  1.1402716151e+01  1  1.2100000000e+01  2.4286719487e-13
 1.5557994631e+01  4.5199573151e+05  8.6831966847e+01  2  1.6800000000e+01  2.4570690117e-13
-1.9929622142e+02  4.5265776917e+05  2.7184455915e+02  1  1.2100000000e+01  2.4606678781e-13
 1.4134156196e+00  4.5496769712e+05  1.6786285533e+00  1  1.2100000000e+01  2.4732247497e-13
 1.5652627309e+01  4.5549363282e+05  7.2926186849e+00  1  1.2100000000e+01  2.4760837597e-13
 3.3448421618e+01  4.5625003582e+05 -4.0618067938e-02  1  1.2100000000e+01  2.4801956002e-13
-1.0287966190e+01  4.5916676567e+05  2.2035476468e+01  0  8.7600000000e+00  2.4960510742e-13
 1.7543859605e+01  4.5941623480e+05  1.5079272529e+01  3  3.2200000000e+01  2.4974071995e-13
 3.0231408393e-03  4.5986849535e+05 -7.1913686149e-05  2  1.6800000000e+01  2.4998657081e-13
-2.9295319795e+01  4.6106152171e+05 -3.9851301069e+01  0  8.7600000000e+00  2.5063510527e-13
 1.3458391576e+02  4.6419270619e+05 -1.2018123377e+02  1  1.2100000000e+01  2.5233723116e-13
-1.2766509806e+02  4.6447113919e+05 -2.1163815601e+01  1  1.2100000000e+01  2.5248858858e-13
 2.4457714836e+01  4.6574667038e+05  3.2604487792e+01  0  8.7600000000e+00  2.5318197304e-13
-1.2871008439e+02  4.6621452232e+05  8.2588469082e+01  0  8.7600000000e+00  2.5343629945e-13
-6.9332996453e+02  4.6838133708e+05 -2.4496433620e+01  1  1.2100000000e+01  2.5461418964e-13
 1.6972101904e+00  4.7310490882e+05  9.0496317434e-02  0  8.7600000000e+00  2.5718194437e-13
 2.4669948776e+00  4.7326625125e+05  2.8690780739e+01  0  8.7600000000e+00  2.5726965083e-13
 6.2648759411e+01  4.8122805080e+05  1.9373974877e+01  0  8.7600000000e+00  2.6159772068e-13
-4.2126614282e+02  4.8208514687e+05 -1.3401260036e+03  0  8.7600000000e+00  2.6206364193e-13
-2.8146255611e+00  4.8443147563e+05 -6.6138005581e-01  0  8.7600000000e+00  2.6333911674e-13
-2.5961270854e+02  4.8649389764e+05 -2.2010899937e+01  0  8.7600000000e+00  2.6446025857e-13
-1.1864218236e+00  4.8859497922e+05 -3.0968944524e+01  2  1.6800000000e+01  2.6560241591e-13
-4.0343704877e+01  4.8905714812e+05 -3.6614015476e+01  3  3.2200000000e+01  2.6585365300e-13
 2.0515886115e+02  4.8931946940e+05  6.8857467254e+02  0  8.7600000000e+00  2.6599625202e-13
-4.1747794380e+00  4.9063925308e+05 -6.1959454666e+00  2  1.6800000000e+01  2.6671369233e-13
-4.1799374370e+02  4.9149164592e+05  2.1619927222e+02  0  8.7600000000e+00  2.6717705689e-13
-3.1815157825e+00  4.9235301769e+05  3.4572873924e+00  3  3.2200000000e+01  2.6764530244e-13
-3.9650440628e+01  4.9354392863e+05  8.2313162094e+00  0  8.7600000000e+00  2.6829268695e-13
 2.8039466790e+00  4.9371996562e+05 -8.8819404321e-01  0  8.7600000000e+00  2.6838838145e-13
-2.5971670649e+00  4.9473382433e+05 -3.3799749571e+00  2  1.6800000000e+01  2.6893951957e-13
-4.2365655166e+01  4.9571527303e+05  8.0616865177e+00  1  1.2100000000e+01  2.6947303947e-13
-5.0198388420e+01  4.9675059059e+05 -3.2704617956e+01  1  1.2100000000e+01  2.7003584273e-13
-1.8107696637e+02  4.9989808443e+05  3.0234188412e+02  1  1.2100000000e+01  2.7174683446e-13
 5.1141018055e+01  5.0076009713e+05  1.1055098413e+02  1  1.2100000000e+01  2.7221542842e-13
 1.3466768974e-03  5.0086464322e+05  3.5986149211e-03  3  3.2200000000e+01  2.7227226014e-13
-8.1255921621e+02  5.0134426242e+05  8.4443045407e+02  0  8.7600000000e+00  2.7253298328e-13
 4.8023025626e+01  5.0210053556e+05 -3.0747481207e+00  1  1.2100000000e+01  2.7294409675e-13
 2.7331483777e+01  5.0311245421e+05  5.1190047747e+00  0  8.7600000000e+00  2.7349418025e-13
-2.8729624671e+00  5.0460199477e+05  1.7510830616e+01  0  8.7600000000e+00  2.7430390116e-13
 4.0035147244e+01  5.0579360334e+05 -4.2627808581e+01  1  1.2100000000e+01  2.7495166491e-13
 1.9209796129e-03  5.0860739193e+05 -4.0956453882e-03  4  4.0000000000e+01  2.7648125297e-13
-3.3414684758e+01  5.1001091519e+05 -1.3276408696e+01  1  1.2100000000e+01  2.7724421449e-13
 4.4879610741e-03  5.1128693569e+05 -8.3822761934e-04  3  3.2200000000e+01  2.7793786494e-13
 3.8144978597e+00  5.1163496332e+05 -3.5726172660e+01  2  1.6800000000e+01  2.7812705432e-13
-3.5190004263e-01  5.1272619480e+05  1.4014795300e+00  2  1.6800000000e+01  2.7872025263e-13
 1.2443902684e+02  5.1702444160e+05 -4.4699276600e+01  1  1.2100000000e+01  2.8105679882e-13
 1.3041313329e+01  5.1729783955e+05  5.0776676720e-01  3  3.2200000000e+01  2.8120541916e-13
-5.4042318046e+00  5.1793249941e+05 -2.0916235083e+01  1  1.2100000000e+01  2.8155042310e-13
-1.1350611063e+01  5.1977065285e+05 -1.2600089126e+01  0  8.7600000000e+00  2.8254965153e-13
 1.3399261119e-01  5.2007629971e+05  8.4990952646e-01  0  8.7600000000e+00  2.8271580253e-13
-3.0539848894e+00  5.2130178715e+05 -6.3716886028e+00  1  1.2100000000e+01  2.8338198299e-13
-6.7786994705e-02  5.2483683847e+05 -9.9243002607e+01  0  8.7600000000e+00  2.8530365269e-13
-1.3937934036e+00  5.2550342225e+05  2.6913914184e+00  0  8.7600000000e+00  2.8566601062e-13
 7.2802440925e+00  5.3401275490e+05  5.5501995446e+00  1  1.2100000000e+01  2.9029172190e-13
-1.9777692291e+00  5.3461044431e+05  3.4252292054e+00  0  8.7600000000e+00  2.9061662854e-13
-2.6125184942e-01  5.3800992686e+05 -7.7377991247e-02  0  8.7600000000e+00  2.9246460246e-13
 1.1157109042e+01  5.4099326573e+05  8.7250286639e+01  0  8.7600000000e+00  2.9408635881e-13
 2.9874840045e+00  5.4239909690e+05 -1.4397087539e-01  0  8.7600000000e+00  2.9485057492e-13
-3.0614236588e+00  5.4246367586e+05 -1.7475485560e+01  1  1.2100000000e+01  2.9488568033e-13
 6.7273741935e-02  5.4263951601e+05  7.9620298162e+00  0  8.7600000000e+00  2.9498126783e-13
-3.3415211617e+00  5.4341497051e+05  7.0249141977e+00  0  8.7600000000e+00  2.9540280836e-13
-2.0795695923e+00  5.4504624963e+05  6.2705945131e-01  0  8.7600000000e+00  2.9628957899e-13
-9.0602666535e+01  5.4575569311e+05 -9.2177624409e+01  1  1.2100000000e+01  2.9667523564e-13
 1.5375555621e+01  5.4619860728e+05 -1.2568311391e+01  0  8.7600000000e+00  2.9691600576e-13
-6.1946727257e+00  5.4886774703e+05  1.1163776566e+01  2  1.6800000000e+01  2.9836696206e-13
 1.9084017244e-03  5.4954200074e+05  4.5077815556e-03  2  1.6800000000e+01  2.9873348940e-13
-3.2995499638e+00  5.5203243146e+05  1.0527456142e+01  0  8.7600000000e+00  3.0008729867e-13
 5.2717634181e+00  5.5364724807e+05 -1.4946217707e+00  3  3.2200000000e+01  3.0096512020e-13
 3.7909258785e+01  5.5482198489e+05  6.5714019821e+01  2  1.6800000000e+01  3.0160371239e-13
 1.8102808829e+01  5.5715009257e+05  1.3160880794e+01  0  8.7600000000e+00  3.0286928214e-13
-1.7261892242e+00  5.5763473855e+05 -1.3523120068e+01  0  8.7600000000e+00  3.0313273786e-13
-2.2555570102e+00  5.5789419005e+05  2.8788204618e+00  1  1.2100000000e+01  3.0327377686e-13
 3.8107312809e+00  5.5930194420e+05 -4.0442258727e+00  3  3.2200000000e+01  3.0403903831e-13
 2.2846057579e-03  5.6130856162e+05 -2.6310264448e-03  3  3.2200000000e+01  3.0512984452e-13
-1.4883572997e+02  5.6532215030e+05 -2.3800534821e+01  2  1.6800000000e+01  3.0731164927e-13
 3.3854250113e-04  5.6639527973e+05 -1.1618343886e-04  1  1.2100000000e+01  3.0789500723e-13
-7.2851171011e+00  5.6815784606e+05  1.7965434783e+00  1  1.2100000000e+01  3.0885314617e-13
-2.2447142992e+00  5.7001640537e+05  6.6449057509e+00  0  8.7600000000e+00  3.0986346732e-13
-2.6950568881e-03  5.7214826280e+05  4.1788811512e-03  1  1.2100000000e+01  3.1102235455e-13
 2.4883331255e+01  5.7326428226e+05  6.9534530351e+01  3  3.2200000000e+01  3.1162902772e-13
-6.8131029682e+01  5.7462267082e+05 -6.4362125521e+01  1  1.2100000000e+01  3.1236745382e-13
-4.4975993342e+01  5.7740036601e+05  4.3097223155e+01  1  1.2100000000e+01  3.1387742135e-13
-1.0600363283e+01  5.7925731798e+05  5.1401950478e+01  1  1.2100000000e+01  3.1488686875e-13
 9.3756641782e+00  5.8051486867e+05 -1.4770828773e+01  2  1.6800000000e+01  3.1557047893e-13
-3.3768249211e+02  5.8282006093e+05  2.2232155196e+02  0  8.7600000000e+00  3.1682359175e-13
 4.6231155348e-01  5.8356374124e+05 -4.6019616461e+00  2  1.6800000000e+01  3.1722785969e-13
-3.1971975168e+00  5.8820744040e+05 -6.7703507019e-01  2  1.6800000000e+01  3.1975219532e-13
 3.0865558684e+01  5.8875079209e+05  1.8652686578e+00  0  8.7600000000e+00  3.2004756373e-13
-6.3715713886e+00  5.9368124187e+05 -2.4115685785e+01  3  3.2200000000e+01  3.2272777828e-13
 4.4555085429e-03  5.9376273687e+05  3.7320809386e-03  0  8.7600000000e+00  3.2277207933e-13
-1.6595606457e+01  5.9566268112e+05  3.1210086306e+00  1  1.2100000000e+01  3.2380489752e-13
-4.9433618768e+01  5.9575688988e+05  5.2138535354e+00  1  1.2100000000e+01  3.2385610982e-13
 2.8677507180e+00  5.9861080888e+05 -9.8985918763e+00  1  1.2100000000e+01  3.2540751296e-13
-4.9156643543e-03  5.9920438994e+05  2.4291972804e-03  3  3.2200000000e+01  3.2573018628e-13
-2.4813082849e-03  5.9985068512e+05 -3.3483444053e-03  0  8.7600000000e+00  3.2608151523e-13
 2.0571268977e+01  6.0104161643e+05 -6.5207205744e+00  0  8.7600000000e+00  3.2672891082e-13
 4.3755793848e-03  6.0139808803e+05  3.6272026848e-04  3  3.2200000000e+01  3.2692269037e-13
 6.2126892009e+01  6.0160226206e+05  4.9417870373e+00  1  1.2100000000e+01  3.2703368029e-13
-3.7604476273e-03  6.0195672967e+05 -1.8432718221e-03  2  1.6800000000e+01  3.2722637047e-13
 1.9381562531e+01  6.0242734813e+05 -8.1445083740e+01  0  8.7600000000e+00  3.2748220076e-13
-1.1589419788e+02  6.0736189886e+05 -1.6157011647e+01  1  1.2100000000e+01  3.3016464461e-13
-9.8016734992e+00  6.0775503868e+05  8.1014760274e+00  1  1.2100000000e+01  3.3037835717e-13
 1.3048546162e-04  6.0824136032e+05  3.0691534458e-03  2  1.6800000000e+01  3.3064272379e-13
 2.9602293373e+01  6.0936618577e+05  2.4791246175e-01  0  8.7600000000e+00  3.3125418394e-13
-9.4984617485e+00  6.1116922221e+05  3.7830098010e+02  1  1.2100000000e+01  3.3223432261e-13
-1.3336660970e+01  6.1267301981e+05  2.0979550910e+01  1  1.2100000000e+01  3.3305179371e-13
 5.0756450885e+01  6.1799436672e+05  8.7598523331e+01  0  8.7600000000e+00  3.3594450169e-13
 1.3727528164e+02  6.1883586450e+05 -1.1411615716e+02  1  1.2100000000e+01  3.3640194365e-13
 3.2619636451e-03  6.1907620370e+05  3.8229835028e-03  0  8.7600000000e+00  3.3653259311e-13
 2.4201156061e+01  6.1927628293e+05  6.4690584325e-01  2  1.6800000000e+01  3.3664135708e-13
 4.6549826506e+01  6.2003084664e+05  4.4545139057e+01  1  1.2100000000e+01  3.3705154128e-13
 1.1771566491e+01  6.2090568518e+05  1.0925860696e+01  0  8.7600000000e+00  3.3752710743e-13
-2.1706553678e+02  6.2141313564e+05  5.9325216910e+01  2  1.6800000000e+01  3.3780295977e-13
-9.4349612882e+00  6.2432350570e+05  8.4620056767e+00  0  8.7600000000e+00  3.3938504995e-13
-7.7233962171e+00  6.2437247951e+05  1.9231844867e+00  1  1.2100000000e+01  3.3941167233e-13
 8.0047568494e+00  6.2440490174e+05  1.1115143549e+01  0  8.7600000000e+00  3.3942929720e-13
 2.8837314518e-03  6.2499439050e+05 -3.1254902240e-03  1  1.2100000000e+01  3.3974974592e-13
-1.1676803712e+02  6.2775670413e+05 -4.8874935776e+02  2  1.6800000000e+01  3.4125135197e-13
 3.0506569178e-01  6.3300725898e+05  7.1850598524e-01  0  8.7600000000e+00  3.4410557707e-13
-1.1419556342e-04  6.3319164487e+05  7.1516563451e-04  2  1.6800000000e+01  3.4420581006e-13
-3.4851046242e+01  6.3334425677e+05  1.7801147702e+02  1  1.2100000000e+01  3.4428877057e-13
-1.0067048684e+02  6.3350100052e+05  6.0817222373e+00  0  8.7600000000e+00  3.4437397718e-13
-5.2977993878e+02  6.3382060808e+05 -1.1453285744e+01  0  8.7600000000e+00  3.4454771727e-13
 3.9778562018e+00  6.3515318494e+05 -6.4782398300e+00  0  8.7600000000e+00  3.4527211202e-13
 2.9029457522e+02  6.3628974593e+05  4.1319678638e+02  0  8.7600000000e+00  3.4588995166e-13
-1.7211694335e+01  6.3878125257e+05  7.5054747527e+00  0  8.7600000000e+00  3.4724434581e-13
 5.9098251839e-01  6.3951815709e+05  3.3867995005e+00  0  8.7600000000e+00  3.4764493040e-13
 4.7367979666e+00  6.3984705735e+05 -1.1256415242e+01  1  1.2100000000e+01  3.4782372206e-13
-4.4167497791e+01  6.4108284464e+05  1.5570930646e+01  0  8.7600000000e+00  3.4849550155e-13
 4.2145557870e+00  6.4126007849e+05  1.3758981699e+01  0  8.7600000000e+00  3.4859184666e-13
-4.6676688263e+02  6.4575148310e+05  3.1266822857e+02  0  8.7600000000e+00  3.5103339430e-13
-1.5287537554e+00  6.4686164170e+05 -4.3593031392e+00  2  1.6800000000e+01  3.5163688148e-13
-1.0034228277e+02  6.4749124956e+05 -4.2926017181e+02  1  1.2100000000e+01  3.5197913912e-13
 7.1902553510e+01  6.4762700098e+05 -2.8164153748e+01  0  8.7600000000e+00  3.5205293420e-13
-7.5429869671e+01  6.4876355170e+05  1.1895408526e+02  0  8.7600000000e+00  3.5267076826e-13
-5.0597507094e+01  6.4895740942e+05 -1.0100283189e+02  2  1.6800000000e+01  3.5277615018e-13
-3.2514589961e+01  6.5046954195e+05 -2.1387296348e+01  0  8.7600000000e+00  3.5359815219e-13
-1.2624896956e+01  6.5091401102e+05 -5.3260779312e+00  0  8.7600000000e+00  3.5383976756e-13
 6.5218285534e+00  6.5096385957e+05 -7.7842399808e+00  0  8.7600000000e+00  3.5386686546e-13
 5.2485855326e+00  6.5197616232e+05  2.3705753274e+01  2  1.6800000000e+01  3.5441715776e-13
 1.1178924410e+00  6.5416700909e+05  8.9956089668e-01  2  1.6800000000e+01  3.5560811186e-13
-2.1118084211e-04  6.5592074995e+05  6.8358658612e-04  3  3.2200000000e+01  3.5656145324e-13
 1.2746558217e+01  6.5739144778e+05  3.0781519596e+01  2  1.6800000000e+01  3.5736093116e-13
-1.8543326710e+00  6.5862801799e+05  5.8335701018e+01  0  8.7600000000e+00  3.5803313625e-13
 3.2292621016e+00  6.6384165683e+05  1.4662070485e+01  0  8.7600000000e+00  3.6086729365e-13
-2.2327292143e+01  6.6477583995e+05  1.0669757320e+01  1  1.2100000000e+01  3.6137511977e-13
 3.0376708368e+00  6.6811469387e+05  4.2961401444e+00  0  8.7600000000e+00  3.6319013569e-13
 6.6190294829e-01  6.7109189796e+05 -6.3358908039e-01  2  1.6800000000e+01  3.6480855715e-13
-4.4995312309e+01  6.7215412941e+05 -8.0845467931e+01  2  1.6800000000e+01  3.6538599092e-13
 2.7344007729e+02  6.7254423380e+05  1.8409746016e+02  0  8.7600000000e+00  3.6559805341e-13
-9.6024709100e-04  6.7335309538e+05  1.1271415773e-03  1  1.2100000000e+01  3.6603775418e-13
 6.8846868864e+01  6.7348136265e+05 -8.3074212957e+00  0  8.7600000000e+00  3.6610748084e-13
 9.0182680950e+01  6.7377088355e+05 -6.0098893366e+01  0  8.7600000000e+00  3.6626486570e-13
 4.7861475422e+00  6.7417447502e+05 -8.2160923663e+00  2  1.6800000000e+01  3.6648425983e-13
 3.8684888551e-03  6.7886960429e+05 -2.3078117786e-03  2  1.6800000000e+01  3.6903655309e-13
 3.9386493657e+00  6.7908826169e+05  5.8824967673e+00  2  1.6800000000e+01  3.6915541624e-13
-9.5308368047e+01  6.7950676542e+05 -2.6767391038e+01  1  1.2100000000e+01  3.6938291673e-13
 5.0513810842e-01  6.7960252608e+05  3.0151059262e+00  2  1.6800000000e+01  3.6943497266e-13
-7.1994701172e+01  6.8124902483e+05 -1.9432659415e+01  1  1.2100000000e+01  3.7033001674e-13
-1.7235080650e+01  6.8216944796e+05  2.2176262855e+00  0  8.7600000000e+00  3.7083036287e-13
 1.8293526801e+02  6.8255767016e+05  3.5635709255e+01  2  1.6800000000e+01  3.7104140219e-13
-9.1757132804e-02  6.8263298139e+05 -3.4883355917e+00  2  1.6800000000e+01  3.7108234172e-13
 9.0363414330e+00  6.8377373706e+05  4.7227970452e+00  2  1.6800000000e+01  3.7170246160e-13
-1.6437038354e-02  6.8826047174e+05 -1.4271663359e+00  1  1.2100000000e+01  3.7414147064e-13
-1.0573354956e+02  6.8942535512e+05 -4.5962590726e+01  0  8.7600000000e+00  3.7477470645e-13
-3.3932426014e+00  6.8988612487e+05  7.6858581977e+00  0  8.7600000000e+00  3.7502518295e-13
-3.8207709326e+01  6.9065542092e+05  1.0985561558e+01  0  8.7600000000e+00  3.7544337573e-13
 1.3514203879e+02  6.9129855927e+05 -3.6792683490e+02  0  8.7600000000e+00  3.7579298861e-13
-3.1861189581e+02  6.9200444812e+05 -7.3777416518e+02  1  1.2100000000e+01  3.7617671295e-13
 3.7970237433e+00  6.9434113295e+05  2.3752908908e+01  0  8.7600000000e+00  3.7744694527e-13
 2.6074362675e-03  6.9548544648e+05  3.1813474736e-03  3  3.2200000000e+01  3.7806899922e-13
 2.0793512171e+00  6.9815754042e+05  3.9018391885e+00  1  1.2100000000e+01  3.7952156144e-13
-1.3850002974e+02  7.0152112132e+05 -1.9986937750e+01  2  1.6800000000e+01  3.8135001906e-13
-6.6181168699e+00  7.0291994271e+05  2.7443518897e+00  0  8.7600000000e+00  3.8211042462e-13
-1.2872251644e+01  7.0595280458e+05  2.5347989578e+01  0  8.7600000000e+00  3.8375910190e-13
 6.2481419011e+01  7.0697920965e+05  1.5881800167e+01  2  1.6800000000e+01  3.8431706029e-13
-1.7712765452e+01  7.1142367119e+05 -3.2577804186e+00  1  1.2100000000e+01  3.8673308946e-13
 4.4224927862e+01  7.1301345219e+05  4.0488034991e+00  0  8.7600000000e+00  3.8759730152e-13
 3.3566517766e+00  7.1381277137e+05 -5.5144661570e+00  1  1.2100000000e+01  3.8803181500e-13
-2.6867594971e+02  7.1574869877e+05 -7.6517827630e+01  1  1.2100000000e+01  3.8908419379e-13
-1.1028910197e+02  7.1708005083e+05  7.4815529274e+01  2  1.6800000000e+01  3.8980792273e-13
 8.9296723023e+01  7.1750255166e+05  8.2957391695e+00  1  1.2100000000e+01  3.9003759607e-13
 3.4332946272e+00  7.1840042175e+05  1.9217903033e+00  1  1.2100000000e+01  3.9052568226e-13
-6.6024166245e+00  7.2093718327e+05  3.5665707167e+00  0  8.7600000000e+00  3.9190467718e-13
 8.0321280294e+01  7.2176159944e+05  1.1946206936e+02  1  1.2100000000e+01  3.9235283349e-13
-3.2873487067e-01  7.2176445918e+05 -2.2063047795e+01  0  8.7600000000e+00  3.9235438806e-13
-1.0930110543e-03  7.2303480756e+05 -2.3678884154e-04  3  3.2200000000e+01  3.9304495512e-13
-6.5677515404e+01  7.2374938812e+05  2.0961322480e+02  0  8.7600000000e+00  3.9343340431e-13
 1.0601852895e+01  7.2842827289e+05 -4.4310412347e+00  0  8.7600000000e+00  3.9597686699e-13
 7.2625477355e+00  7.3443797733e+05  1.3319240584e+01  0  8.7600000000e+00  3.9924376921e-13
 2.8994023115e-04  7.3462515344e+05  3.0254649222e-03  3  3.2200000000e+01  3.9934551898e-13
-2.1356563869e+01  7.3484845882e+05 -8.6161709524e+01  0  8.7600000000e+00  3.9946690878e-13
-1.4291897448e+01  7.3605356323e+05 -5.0696948480e+00  1  1.2100000000e+01  4.0012200893e-13
-6.9131343403e-01  7.3615795140e+05  1.5611876424e-01  1  1.2100000000e+01  4.0017875481e-13
 4.7323723110e+00  7.3713379071e+05 -2.0441287556e+01  0  8.7600000000e+00  4.0070922541e-13
-6.7060781938e+01  7.3786638616e+05 -9.9000007884e+01  0  8.7600000000e+00  4.0110746758e-13
 1.8937809692e+00  7.3863389065e+05 -3.6232286656e+00  2  1.6800000000e+01  4.0152468645e-13
-1.9207045602e+00  7.3934116807e+05 -4.6522284994e+00  1  1.2100000000e+01  4.0190916562e-13
-4.7021647134e+01  7.4043044455e+05 -5.0288702296e+01  1  1.2100000000e+01  4.0250130119e-13
-1.3577092336e+00  7.4484312651e+05 -3.1007994150e+00  1  1.2100000000e+01  4.0490005484e-13
-8.3538116910e+00  7.4567049980e+05  1.3372705613e+01  2  1.6800000000e+01  4.0534981866e-13
-1.0110525582e-03  7.4667565506e+05 -2.7603457299e-03  2  1.6800000000e+01  4.0589622555e-13
-4.1212704992e+01  7.5116315310e+05 -2.3093115990e+01  2  1.6800000000e+01  4.0833564956e-13
 1.8566226548e+02  7.5244419676e+05 -8.9296174872e+01  1  1.2100000000e+01  4.0903203062e-13
 1.9635647147e+01  7.5419506605e+05  6.3926081501e+01  1  1.2100000000e+01  4.0998381099e-13
 2.2403424775e+01  7.5550549003e+05 -9.2811678391e+00  2  1.6800000000e+01  4.1069616333e-13
-2.2137512572e+01  7.5816825783e+05 -3.7053478121e+00  3  3.2200000000e+01  4.1214365582e-13
-1.5493435425e+00  7.5865861498e+05  1.0175677079e+00  0  8.7600000000e+00  4.1241021616e-13
 8.8816815282e-01  7.6320835930e+05  4.9667779874e+00  0  8.7600000000e+00  4.1488347752e-13
-9.3589311957e+00  7.6333017295e+05 -3.5262635966e+01  0  8.7600000000e+00  4.1494969596e-13
-1.7325692937e+02  7.6336585130e+05  6.6140704745e+01  0  8.7600000000e+00  4.1496909087e-13
 2.0644843731e+02  7.6446180348e+05  5.3896478770e+01  1  1.2100000000e+01  4.1556485538e-13
-2.5160233745e+01  7.6509374922e+05  1.0589704164e+01  1  1.2100000000e+01  4.1590838391e-13
-1.6953416884e+00  7.6517185145e+05  2.9270222551e+00  1  1.2100000000e+01  4.1595084064e-13
 4.0690005442e+01  7.6641588641e+05  3.8113615917e+01  0  8.7600000000e+00  4.1662710360e-13
 2.2390364980e+00  7.6765691694e+05 -1.2123163557e+00  0  8.7600000000e+00  4.1730173335e-13
-6.0381497594e+00  7.6864116652e+05  2.7015607454e-02  2  1.6800000000e+01  4.1783677582e-13
 3.2320126364e+00  7.6945640943e+05 -1.5411292490e+00  0  8.7600000000e+00  4.1827994552e-13
 2.1510316600e+01  7.7203209735e+05  1.2009386453e+01  0  8.7600000000e+00  4.1968010098e-13
 2.8391470981e+01  7.7379247740e+05  3.1437385348e+01  0  8.7600000000e+00  4.2063705146e-13
 6.4257419045e+01  7.7540147345e+05  5.3143802426e+01  1  1.2100000000e+01  4.2151170891e-13
 8.0631413328e+01  7.7584283202e+05 -6.5428154826e+00  0  8.7600000000e+00  4.2175163340e-13
-1.3165249785e+02  7.7676341672e+05 -3.5406008876e+02  0  8.7600000000e+00  4.2225206736e-13
 2.4682989893e+01  7.7682514564e+05 -8.6977028873e+02  2  1.6800000000e+01  4.2228562347e-13
 6.0903700075e+01  7.7951749665e+05  7.0455899379e+01  0  8.7600000000e+00  4.2374919753e-13
 7.1372589602e-01  7.8004613789e+05  6.8886846681e-01  3  3.2200000000e+01  4.2403656926e-13
-1.2452781842e+01  7.8066998198e+05  2.7852744977e+00  0  8.7600000000e+00  4.2437569370e-13
 3.8576710594e+01  7.8105569627e+05  1.9122272239e+02  2  1.6800000000e+01  4.2458536972e-13
-1.3855047559e-01  7.8113505849e+05  9.6651898837e-01  3  3.2200000000e+01  4.2462851138e-13
-6.5756412931e+00  7.8116714598e+05  3.8061127539e+01  0  8.7600000000e+00  4.2464595427e-13
-2.2164034791e+01  7.8137896570e+05 -6.3005145478e+01  0  8.7600000000e+00  4.2476110042e-13
-8.1723404689e+01  7.8429271893e+05 -1.4286743902e+01  2  1.6800000000e+01  4.2634502971e-13
-1.7241888039e+00  7.8645567997e+05  3.8209692612e+00  2  1.6800000000e+01  4.2752082500e-13
-2.5346205690e+01  7.9242013454e+05  1.4550911493e+01  0  8.7600000000e+00  4.3076312919e-13
-3.0714095548e+01  7.9656644510e+05 -5.3118102601e+00  0  8.7600000000e+00  4.3301708215e-13
 7.1722462322e+01  8.0122776956e+05  1.3563962230e+02  1  1.2100000000e+01  4.3555099898e-13
 3.2235978180e+02  8.0269445492e+05  5.3676503195e+02  0  8.7600000000e+00  4.3634829570e-13
 3.7983636189e+01  8.0422887941e+05  2.6647023546e+01  1  1.2100000000e+01  4.3718241571e-13
-8.6974638813e-01  8.0889692500e+05  1.7906646587e+00  2  1.6800000000e+01  4.3971998617e-13
 1.9740867968e+01  8.0912950017e+05 -7.4609565862e+00  0  8.7600000000e+00  4.3984641508e-13
-6.3584222636e+01  8.1208294706e+05  6.2175976964e+01  0  8.7600000000e+00  4.4145192202e-13
-2.5287765901e+01  8.1323830373e+05 -4.8148461548e+02  0  8.7600000000e+00  4.4207997906e-13
-1.3387799313e+02  8.1401543984e+05 -9.2323130509e+01  1  1.2100000000e+01  4.4250243373e-13
-4.3299158863e+00  8.1516228932e+05 -9.6579840429e+00  0  8.7600000000e+00  4.4312586624e-13
-2.2971807497e+02  8.1565222628e+05  6.5652707492e+00  2  1.6800000000e+01  4.4339219816e-13
 5.9307417004e+01  8.1788932280e+05  6.1683964441e+01  3  3.2200000000e+01  4.4460829384e-13
-6.2423702545e+01  8.1866068290e+05  6.5479022084e+01  2  1.6800000000e+01  4.4502760864e-13
 1.0436113067e+01  8.2420195524e+05  5.8867701504e+00  0  8.7600000000e+00  4.4803986906e-13
-2.9495374006e-01  8.2550974694e+05  2.1116237951e-01  0  8.7600000000e+00  4.4875079048e-13
-6.3314216933e+01  8.2711277967e+05  2.0332501101e+01  1  1.2100000000e+01  4.4962220624e-13
 1.8890603535e+01  8.2721276535e+05  5.2373408921e+01  1  1.2100000000e+01  4.4967655891e-13
 4.3171906908e-01  8.2726499450e+05 -3.1068605997e+00  0  8.7600000000e+00  4.4970495090e-13
 1.7299059582e+01  8.2761385534e+05  2.4973323324e+01  3  3.2200000000e+01  4.4989459321e-13
-2.6114411225e+01  8.3194923960e+05  6.3339057245e+01  2  1.6800000000e+01  4.5225132749e-13
 1.9593647272e+01  8.3783894973e+05 -2.3591931686e+01  0  8.7600000000e+00  4.5545300026e-13
-3.5920556584e+01  8.3918328526e+05 -1.5079742553e+01  2  1.6800000000e+01  4.5618378707e-13
-3.1306822217e-03  8.4088943597e+05  2.6239003137e-03  0  8.7600000000e+00  4.5711125822e-13
-3.1868071395e+01  8.4096012155e+05  9.0041108030e+00  0  8.7600000000e+00  4.5714968322e-13
-5.4263840906e+00  8.4218947501e+05  8.1485844344e+00  0  8.7600000000e+00  4.5781796526e-13
-1.0742787044e-04  8.4330734194e+05  4.4597815301e-03  3  3.2200000000e+01  4.5842564272e-13
-4.6624983062e+00  8.4344495464e+05  1.5567681218e-01  1  1.2100000000e+01  4.5850044960e-13
 9.0314138786e+00  8.4509696679e+05 -1.9174529243e+00  0  8.7600000000e+00  4.5939849079e-13
-4.4518242541e-03  8.4541714201e+05 -1.8102386765e-03  3  3.2200000000e+01  4.5957253948e-13
-3.3420748504e+01  8.4705262058e+05 -5.3713895064e+01  0  8.7600000000e+00  4.6046159294e-13
-9.8292642073e+00  8.4811034723e+05  1.0777724753e+01  0  8.7600000000e+00  4.6103657788e-13
-4.3183559517e+01  8.4857888561e+05 -1.2261440409e+02  0  8.7600000000e+00  4.6129127743e-13
 3.2034555557e+00  8.4935238402e+05  1.4343424560e+01  2  1.6800000000e+01  4.6171175463e-13
-3.3106052380e+01  8.5072778937e+05 -9.2533375665e-01  1  1.2100000000e+01  4.6245943113e-13
 2.8391181522e+00  8.5207216202e+05  5.8590155607e+00  1  1.2100000000e+01  4.6319023812e-13
 1.3113472060e-01  8.5230443988e+05  1.1474076243e+00  0  8.7600000000e+00  4.6331650540e-13
-4.1821385706e-01  8.5430882560e+05  4.7848239850e+00  0  8.7600000000e+00  4.6440609844e-13
 2.7894215035e+00  8.5611213245e+05  1.0784092871e+01  2  1.6800000000e+01  4.6538638411e-13
 9.2941877566e-01  8.6011984199e+05  1.2201494270e+01  0  8.7600000000e+00  4.6756499294e-13
-4.4001383671e+00  8.6270648588e+05 -5.1656125345e-02  2  1.6800000000e+01  4.6897110413e-13
 2.9855137514e+01  8.6317243895e+05 -1.9287296554e+00  3  3.2200000000e+01  4.6922439830e-13
-3.7222655609e+01  8.6351772829e+05  2.1393077047e+01  2  1.6800000000e+01  4.6941209913e-13
-2.6553896806e-01  8.6467826184e+05 -1.0855788630e+00  0  8.7600000000e+00  4.7004297036e-13
-4.6814363215e-03  8.6782613104e+05 -9.0025628726e-04  3  3.2200000000e+01  4.7175416613e-13
 3.0831449275e+01  8.6895129255e+05 -6.1568727132e+01  1  1.2100000000e+01  4.7236580896e-13
-9.6905644135e+01  8.6986578402e+05 -1.7586002505e+02  0  8.7600000000e+00  4.7286293062e-13
-2.3691410089e+00  8.7247862874e+05 -2.4705931158e-01  1  1.2100000000e+01  4.7428328469e-13
 1.5644988244e+01  8.7611066782e+05  1.4146619970e+01  2  1.6800000000e+01  4.7625767738e-13
 1.8458572299e+02  8.7836208815e+05 -2.2174678591e+02  1  1.2100000000e+01  4.7748155954e-13
 2.7484596079e+01  8.7890262822e+05  3.9791117114e+01  0  8.7600000000e+00  4.7777539954e-13
 2.8328884088e+01  8.7999993673e+05  1.2744414737e+01  0  8.7600000000e+00  4.7837190136e-13
-3.1411935342e+00  8.8256180993e+05  1.1629195661e+00  0  8.7600000000e+00  4.7976454708e-13
-1.9413204861e+01  8.8307274165e+05 -9.2329840675e+00  0  8.7600000000e+00  4.8004229185e-13
-1.9540043759e+01  8.8639696545e+05  1.3286634107e+01  0  8.7600000000e+00  4.8184935478e-13
 1.0085030354e+00  8.8690838208e+05  1.1663826004e+02  0  8.7600000000e+00  4.8212736314e-13
 2.7325007029e+01  8.9130502900e+05  9.2318548051e+00  1  1.2100000000e+01  4.8451740007e-13
-2.7503571560e+01  8.9150716305e+05 -1.8155236700e+00  0  8.7600000000e+00  4.8462728105e-13
 7.3143175717e+00  8.9291385999e+05  9.4489882253e+00  1  1.2100000000e+01  4.8539196780e-13
-2.6480100889e+00  8.9410846881e+05 -8.9403666152e-01  0  8.7600000000e+00  4.8604136249e-13
-2.9272297778e+00  8.9465863769e+05 -3.7301477545e+00  0  8.7600000000e+00  4.8634043676e-13
-3.6812721557e+00  8.9485531675e+05 -1.2847301486e+00  2  1.6800000000e+01  4.8644735237e-13
 4.2178081631e+00  8.9644301367e+05  2.8568168598e+00  0  8.7600000000e+00  4.8731043152e-13
-6.0741998051e-04  8.9710078857e+05  1.0923876176e-03  3  3.2200000000e+01  4.8766800089e-13
 2.6419243903e+02  8.9814140698e+05  4.3020296055e+02  2  1.6800000000e+01  4.8823368572e-13
 4.5052965734e+01  8.9890966627e+05 -5.9062629674e+01  0  8.7600000000e+00  4.8865131490e-13
 5.7601169552e+00  9.0039742153e+05 -6.3695226706e+00  1  1.2100000000e+01  4.8946006532e-13
-1.4221692749e+01  9.0469149861e+05 -2.0049050303e+01  1  1.2100000000e+01  4.9179434482e-13
 1.2034396399e-01  9.0614151367e+05  1.3353054350e+00  0  8.7600000000e+00  4.9258257949e-13
 4.7326899299e+02  9.0797436422e+05  3.3339738530e+02  1  1.2100000000e+01  4.9357892525e-13
-3.9481514663e+01  9.0893487540e+05  3.8817350456e+01  2  1.6800000000e+01  4.9410106343e-13
 5.7164448456e+01  9.1074862195e+05 -3.4010983500e+01  1  1.2100000000e+01  4.9508702416e-13
-1.3325554625e+01  9.1166091753e+05 -1.4496217304e+01  0  8.7600000000e+00  4.9558295212e-13
-3.6019077847e+01  9.1370045994e+05  7.5523529813e+01  1  1.2100000000e+01  4.9669165649e-13
 2.4558104556e+00  9.1545705535e+05 -2.5728259330e+00  0  8.7600000000e+00  4.9764654961e-13
-5.0759543205e+01  9.1597073516e+05 -1.2829287325e+00  0  8.7600000000e+00  4.9792578826e-13
-6.5046576218e+00  9.1687332612e+05 -1.9144864022e+01  1  1.2100000000e+01  4.9841644074e-13
 1.0117494273e+01  9.1778715735e+05 -7.2241202209e+00  0  8.7600000000e+00  4.9891320348e-13
-3.1697677532e+00  9.1861204809e+05 -7.3118025420e+01  1  1.2100000000e+01  4.9936161778e-13
-2.1909024565e+00  9.2054909508e+05  2.9003559504e+00  0  8.7600000000e+00  5.0041460518e-13
-3.9000105741e+01  9.2062816721e+05 -4.6034497164e+01  0  8.7600000000e+00  5.0045758915e-13
-2.4131085036e-04  9.2304670727e+05  4.2885379350e-03  2  1.6800000000e+01  5.0177231834e-13
-2.5429260766e-03  9.2353954180e+05  1.0414308058e-03  3  3.2200000000e+01  5.0204022540e-13
-1.1744987756e+01  9.2377429397e+05  2.5881544109e+02  2  1.6800000000e+01  5.0216783773e-13
-8.4863516472e-01  9.2487822664e+05  4.2801805947e+00  2  1.6800000000e+01  5.0276794046e-13
 2.0315599603e+00  9.2610979744e+05 -1.3419626072e+01  0  8.7600000000e+00  5.0343742786e-13
 1.1774017529e+00  9.3041628626e+05  3.7223628701e+00  0  8.7600000000e+00  5.0577845444e-13
 5.9339494373e+00  9.3140980570e+05 -3.9715086631e+00  1  1.2100000000e+01  5.0631853605e-13
 3.3275535695e-03  9.3319423996e+05 -3.8071575522e-03  3  3.2200000000e+01  5.0728856250e-13
 3.1030194080e-03  9.3821318665e+05  2.4471902277e-03  3  3.2200000000e+01  5.1001688437e-13
-4.3905017527e+00  9.3971989453e+05  3.0097049188e+00  1  1.2100000000e+01  5.1083593750e-13
-1.5286765477e+01  9.4039602530e+05  1.2328434564e+01  2  1.6800000000e+01  5.1120348522e-13
-3.0779959869e+01  9.4189348962e+05 -6.1287511267e+00  1  1.2100000000e+01  5.1201751352e-13
-7.3843703174e-05  9.4390075846e+05 -1.0911192447e-03  1  1.2100000000e+01  5.1310867384e-13
-2.0408287664e+01  9.4442178762e+05  8.4700589277e+01  1  1.2100000000e+01  5.1339190762e-13
 1.5588537029e-03  9.4814418294e+05 -3.4581569738e-04  2  1.6800000000e+01  5.1541541836e-13
-5.9029621147e+00  9.4836090497e+05 -3.1051109701e+00  3  3.2200000000e+01  5.1553322943e-13
 4.1845660123e+01  9.5340397648e+05 -4.6849869342e+01  0  8.7600000000e+00  5.1827466566e-13
-6.3934458429e+01  9.5401588984e+05  1.5762608520e+02  0  8.7600000000e+00  5.1860730449e-13
-2.8742082637e+00  9.5440605103e+05 -2.1715268560e+00  2  1.6800000000e+01  5.1881939786e-13
-2.3006087701e+02  9.5592897053e+05  1.0473316758e+02  0  8.7600000000e+00  5.1964726371e-13
-1.1641060305e+02  9.5733959887e+05 -1.8655090643e+02  0  8.7600000000e+00  5.2041408759e-13
-3.5966765872e+01  9.5777359763e+05 -6.9702615598e+00  1  1.2100000000e+01  5.2065001126e-13
 2.4368633995e+01  9.5798103405e+05  3.4704622980e+01  0  8.7600000000e+00  5.2076277462e-13
-2.1244258700e-03  9.6029390043e+05  4.7744036046e-03  3  3.2200000000e+01  5.2202005913e-13
 3.4013820712e-03  9.6169279706e+05 -2.9715301320e-03  3  3.2200000000e+01  5.2278050559e-13
-2.5069282285e-03  9.6333739716e+05 -3.9427371318e-03  2  1.6800000000e+01  5.2367451756e-13
 3.5256440900e+02  9.6429535152e+05  6.3996742095e+01  0  8.7600000000e+00  5.2419526584e-13
-1.5966854192e+02  9.6479025412e+05  1.1260359198e+02  0  8.7600000000e+00  5.2446429711e-13
 4.4170255258e-03  9.6483870932e+05 -3.0519881696e-03  2  1.6800000000e+01  5.2449063757e-13
 4.1818821871e-01  9.6519839540e+05 -1.5433285659e+00  1  1.2100000000e+01  5.2468616453e-13
-1.5993092596e+00  9.6726816934e+05 -2.8689328546e-01  0  8.7600000000e+00  5.2581130290e-13
-7.2698470995e+00  9.7102182091e+05 -8.3074844085e-01  1  1.2100000000e+01  5.2785180469e-13
-5.3810594408e+00  9.7155717216e+05  1.2774022343e+01  0  8.7600000000e+00  5.2814282401e-13
 4.9272463873e+01  9.7449249519e+05  9.2765602852e+01  0  8.7600000000e+00  5.2973847874e-13
 1.0394911102e+00  9.7552533965e+05  1.4781178515e+01  1  1.2100000000e+01  5.3029993761e-13
-7.9610315753e+01  9.7632507679e+05  1.4962772279e+02  2  1.6800000000e+01  5.3073467830e-13
 3.2114444809e+02  9.7673434806e+05 -4.5695666818e-01  0  8.7600000000e+00  5.3095715999e-13
 3.5466612814e+01  9.7840336958e+05  1.1842724997e+02  0  8.7600000000e+00  5.3186444755e-13
-3.3273212691e+02  9.8010992556e+05 -3.8150186799e+02  2  1.6800000000e+01  5.3279213902e-13
-1.3761674262e+00  9.8075805650e+05  6.4300133804e+00  0  8.7600000000e+00  5.3314446589e-13
 9.8821899486e+00  9.8269691908e+05 -2.3221220561e+01  2  1.6800000000e+01  5.3419844027e-13
-1.3680178526e+01  9.8320922813e+05 -1.4243746597e+00  2  1.6800000000e+01  5.3447693375e-13
-1.4871416926e+01  9.8618808253e+05  7.0360418288e+01  0  8.7600000000e+00  5.3609625233e-13
 6.6947753128e+02  9.8788435997e+05 -1.0815127672e+03  0  8.7600000000e+00  5.3701835633e-13
-4.7651660488e-03  9.8821051321e+05  1.8542181127e-03  0  8.7600000000e+00  5.3719565469e-13
 3.8438201923e-03  9.8846198079e+05  3.0859722002e-03  1  1.2100000000e+01  5.3733235360e-13
-2.0006614262e+00  9.9083570009e+05 -8.7975105493e+00  1  1.2100000000e+01  5.3862271802e-13
-1.4854731989e+01  9.9272592160e+05  2.5954871482e+01  0  8.7600000000e+00  5.3965025089e-13
-5.3991639837e-01  9.9295903600e+05  4.8122444761e-01  2  1.6800000000e+01  5.3977697292e-13
 1.4168546596e+00  9.9533696820e+05 -2.7056253296e+00  0  8.7600000000e+00  5.4106962750e-13
-4.0652314429e-03  9.9550157381e+05 -4.3448616189e-03  2  1.6800000000e+01  5.4115910784e-13
 4.4241098157e+01  9.9777379271e+05 -3.0129032024e+02  1  1.2100000000e+01  5.4239429620e-13
-2.0568246031e+01  1.0012287661e+06 -4.3628127297e+01  0  8.7600000000e+00  5.4427243518e-13