 x                 y                 z               Event            Energy              Time
 2.3093477248e+00  2.7729943262e+03 -7.3439064600e+00  0  8.7600000000e+00  1.5074121178e-15
 3.2708585534e-03  3.4102411374e+03  3.3197063945e-03  1  1.2100000000e+01  1.8538223344e-15
 1.5768808013e+02  4.3685526453e+03  9.3876709249e+01  0  8.7600000000e+00  2.3747647561e-15
-2.1649314197e+00  4.8130727709e+03  9.1301990996e-01  0  8.7600000000e+00  2.6164078844e-15
 5.4485663112e+00  9.0108080326e+03  1.9121492427e+01  3  3.2200000000e+01  4.8983155468e-15
-2.1177923489e+01  9.1627530628e+03  8.8591019808e+00  2  1.6800000000e+01  4.9809135448e-15
 4.6792562867e+02  9.1689688573e+03  3.1824742019e+02  0  8.7600000000e+00  4.9842924785e-15
-1.0823275145e+02  9.2083402979e+03  2.4844493930e+01  0  8.7600000000e+00  5.0056949697e-15
-8.9057732107e+01  9.3008266498e+03 -3.7072805267e+01  0  8.7600000000e+00  5.0559709642e-15
-1.3297479783e+02  1.1908829576e+04  1.0843882676e+02  0  8.7600000000e+00  6.4736930190e-15
 6.8952018749e+01  1.2274307518e+04  2.2910203460e+02  0  8.7600000000e+00  6.6723684631e-15
-1.3518153476e+00  1.6815108710e+04 -1.6687279044e+00  1  1.2100000000e+01  9.1407682993e-15
 4.8159152611e+00  1.7516965336e+04  1.1087362770e+00  0  8.7600000000e+00  9.5223007000e-15
-1.4446006460e+01  1.7557675132e+04  3.8999199115e+02  1  1.2100000000e+01  9.5444307275e-15
 8.5975585458e+00  1.7974823577e+04 -9.9363888302e+00  2  1.6800000000e+01  9.7711944875e-15
-6.5996552100e+01  1.8489410760e+04  1.5938238503e+01  1  1.2100000000e+01  1.0050926382e-14
 6.5875745279e-01  1.8760020015e+04  6.6105661964e-01  3  3.2200000000e+01  1.0198030783e-14
-1.2818591707e+00  2.0073044370e+04  1.6723555644e+00  1  1.2100000000e+01  1.0911796695e-14
-2.9203657034e+01  2.1100759467e+04  2.1742183681e+01  0  8.7600000000e+00  1.1470467218e-14
-2.4119052109e+00  2.3683942131e+04  1.6837119950e+00  0  8.7600000000e+00  1.2874696868e-14
 1.6310197941e+01  2.4830100186e+04  9.8718124681e+00  0  8.7600000000e+00  1.3497753512e-14
-2.4614515475e+01  2.6325339511e+04 -2.7094450754e+01  0  8.7600000000e+00  1.4310572297e-14
-1.4669428550e+01  2.9064372138e+04  2.6367924612e+01  3  3.2200000000e+01  1.5799522683e-14
 2.8352302652e+02  3.1676767282e+04  2.0182744537e+02  0  8.7600000000e+00  1.7219632367e-14
 4.3053721261e-03  3.3012138561e+04  3.8932297630e-04  0  8.7600000000e+00  1.7945546167e-14
 1.8043137400e+01  3.3912471426e+04 -1.9219633241e+01  2  1.6800000000e+01  1.8434971139e-14
 3.2607342173e+00  3.6482371973e+04  1.2526974232e+00  0  8.7600000000e+00  1.9831980570e-14
-6.7984520796e+00  3.6951360183e+04 -4.4975105260e+01  1  1.2100000000e+01  2.0086924658e-14
 3.4470002503e+00  3.7497290431e+04  1.0537786200e+00  3  3.2200000000e+01  2.0383694783e-14
-3.7260444673e+00  3.7724400629e+04  9.5733482824e+00  2  1.6800000000e+01  2.0507152902e-14
 3.3512626301e-03  3.7839929136e+04  4.6710245449e-03  3  3.2200000000e+01  2.0569954715e-14
-9.9325616774e+01  3.9589455594e+04 -8.3984865866e+01  0  8.7600000000e+00  2.1521005122e-14
 1.0432017849e+02  3.9961769929e+04  3.6593635377e+01  0  8.7600000000e+00  2.1723396860e-14
-1.3999411085e+00  4.1180525273e+04 -8.4996114002e-01  1  1.2100000000e+01  2.2385917716e-14
-1.8988829633e+02  4.2704783175e+04  6.0236991927e+01  0  8.7600000000e+00  2.3214511129e-14
 4.2034485738e+01  4.4847448866e+04 -2.3561837524e+01  1  1.2100000000e+01  2.4379273781e-14
 1.7957037094e+01  4.6187315667e+04  7.8061803159e+00  0  8.7600000000e+00  2.5107631366e-14
 4.0231247461e+00  4.6895696278e+04  2.0505372540e-01  0  8.7600000000e+00  2.5492710235e-14
 1.2936047391e+00  4.7123546657e+04 -2.0136101619e+00  0  8.7600000000e+00  2.5616570720e-14
-3.2135605110e+02  4.9901444720e+04 -7.4429620312e+01  0  8.7600000000e+00  2.7126648531e-14
 2.9304080624e+01  5.3842420513e+04  7.7881187971e+01  1  1.2100000000e+01  2.9268980598e-14
-1.1696506021e+01  5.5761639314e+04  2.3502683950e+01  2  1.6800000000e+01  3.0312276522e-14
-9.6590803318e+00  5.7839324649e+04  9.9101825944e+00  2  1.6800000000e+01  3.1441715562e-14
 3.6603235187e-01  5.9752335476e+04 -7.5668525496e-01  1  1.2100000000e+01  3.2481636803e-14
-1.5155064972e+01  6.2271880870e+04 -5.3834729374e+00  2  1.6800000000e+01  3.3851272948e-14
 3.8269673601e+01  6.2937017845e+04  1.2650406682e+01  0  8.7600000000e+00  3.4212844383e-14
 3.2351956103e+01  6.3047902613e+04  9.0803745925e+00  0  8.7600000000e+00  3.4273121838e-14
-2.0184758207e+00  6.3949394347e+04 -3.9332243266e+00  1  1.2100000000e+01  3.4763176777e-14
 1.3355974451e+01  6.4841148062e+04 -4.9010864476e+01  1  1.2100000000e+01  3.5247938085e-14
-4.0904731485e-03  6.6297809028e+04  1.4177923493e-03  3  3.2200000000e+01  3.6039785500e-14
 1.3302843043e+02  6.9104675667e+04 -9.8191611116e+01  3  3.2200000000e+01  3.7565610759e-14
-4.4775692102e+01  6.9817814075e+04  2.1030095805e+01  2  1.6800000000e+01  3.7953275987e-14
-4.4725482316e+00  7.1141760312e+04 -2.1894309237e+00  0  8.7600000000e+00  3.8672979083e-14
 1.2037207201e+00  7.2537088312e+04 -4.5587758319e+00  1  1.2100000000e+01  3.9431485624e-14
 1.4996151047e+01  7.3588808056e+04  3.3241264166e+01  0  8.7600000000e+00  4.0003205181e-14
-3.9998990027e+01  7.4016106967e+04  8.5659929017e+01  1  1.2100000000e+01  4.0235486780e-14
 2.0112398998e+02  7.6269797107e+04  1.5945561808e+02  0  8.7600000000e+00  4.1460602819e-14
 2.2600483798e+00  7.7870480518e+04 -1.7223249221e+00  1  1.2100000000e+01  4.2330741481e-14
-1.6848884142e+02  7.8329158550e+04  9.1595216436e+01  1  1.2100000000e+01  4.2580080910e-14
-5.7486953491e-02  7.9398337176e+04  1.9673795874e+00  1  1.2100000000e+01  4.3161291193e-14
-2.3813153073e+02  8.0524470722e+04  8.1533260620e+00  0  8.7600000000e+00  4.3773462425e-14
-9.2217924360e+00  8.3756472178e+04 -1.2798961849e+00  3  3.2200000000e+01  4.5530392872e-14
 7.5502169626e-01  8.6068430460e+04 -6.1862979647e-01  3  3.2200000000e+01  4.6787183734e-14
 5.2007126896e-01  8.6244777860e+04 -1.4245729756e+00  3  3.2200000000e+01  4.6883046969e-14
 6.2350671220e+01  8.8981982286e+04 -2.8099035150e+01  0  8.7600000000e+00  4.8371003537e-14
-2.5786785255e-01  8.9437007072e+04  1.7688683846e+00  1  1.2100000000e+01  4.8618357046e-14
 2.5853877715e-01  9.0106122269e+04 -7.0401893572e-01  0  8.7600000000e+00  4.8982091059e-14
 7.2394648093e-01  9.0716098927e+04 -4.4460390550e-01  0  8.7600000000e+00  4.9313677099e-14
-8.3685573806e+00  9.1054463109e+04 -1.8363400578e+01  3  3.2200000000e+01  4.9497613382e-14
-8.6647585459e-01  9.5297837786e+04  1.0508961702e+01  1  1.2100000000e+01  5.1804330834e-14
-2.6769658863e+01  9.9628714368e+04  1.4954542180e+02  0  8.7600000000e+00  5.4158614714e-14
 1.1331994471e+01  1.0081885989e+05  3.3163416345e+00  0  8.7600000000e+00  5.4805583142e-14
 1.0341616151e+02  1.0243889186e+05  1.9425445709e+02  0  8.7600000000e+00  5.5686239765e-14
 1.5978865794e-03  1.0313745201e+05 -2.9416900523e+00  0  8.7600000000e+00  5.6065980186e-14
-1.1639850289e-03  1.0348446467e+05 -3.0963813831e-03  0  8.7600000000e+00  5.6254617824e-14
-8.8190511609e-04  1.0690293905e+05 -2.1792860549e-03  3  3.2200000000e+01  5.8112915784e-14
-1.3409998883e+01  1.0847514659e+05 -1.9853307555e+02  0  8.7600000000e+00  5.8967574835e-14
 4.0244931370e+00  1.0934023684e+05  7.3213894660e-01  1  1.2100000000e+01  5.9437841766e-14
 1.0030909448e+01  1.0950318635e+05  4.2550470405e+00  2  1.6800000000e+01  5.9526421848e-14
 7.5975901447e+01  1.1127740748e+05 -1.0268083303e+02  1  1.2100000000e+01  6.0490896388e-14
-9.3551814033e+00  1.1164443594e+05  1.5811317251e+00  1  1.2100000000e+01  6.0690414702e-14
-2.1225212562e+00  1.1301493171e+05  8.2455409405e-01  2  1.6800000000e+01  6.1435422328e-14
 2.2413374093e+01  1.1364527985e+05 -1.6466647712e+00  2  1.6800000000e+01  6.1778082397e-14
-1.4911098083e+02  1.1494270337e+05  1.7423313304e+02  0  8.7600000000e+00  6.2483367627e-14
 7.0558806905e-02  1.1554370124e+05  1.6475737963e+00  0  8.7600000000e+00  6.2810072757e-14
-1.1818561592e+00  1.1610452740e+05 -3.2950300608e+00  0  8.7600000000e+00  6.3114940365e-14
-2.0760687750e+01  1.1817034620e+05 -6.5302877401e+00  3  3.2200000000e+01  6.4237928702e-14
 2.7392755531e-03  1.1827418123e+05 -9.9577833712e-04  3  3.2200000000e+01  6.4294373893e-14
 3.8458330721e+01  1.1957815255e+05 -2.4873381126e+00  0  8.7600000000e+00  6.5003218532e-14
 2.2811857404e+01  1.2006757455e+05  7.7293050884e+01  0  8.7600000000e+00  6.5269270520e-14
 2.4882541733e+00  1.2115992152e+05  2.1749389047e+00  1  1.2100000000e+01  6.5863075216e-14
 3.9534880402e-03  1.2315001643e+05 -3.7265078857e-03  1  1.2100000000e+01  6.6944899710e-14
 2.8895722418e+01  1.2358973219e+05  1.2586903494e+01  2  1.6800000000e+01  6.7183931165e-14
-3.2989633370e-01  1.2869716527e+05 -3.1362606067e+00  2  1.6800000000e+01  6.9960354631e-14
-1.4180352941e-03  1.3224391023e+05 -2.9191883411e-03  0  8.7600000000e+00  7.1888381053e-14
-3.5227660160e+00  1.3346105174e+05  3.8275590207e+00  1  1.2100000000e+01  7.2550024623e-14
 8.4081944138e+00  1.3377610471e+05 -4.6631045871e+00  1  1.2100000000e+01  7.2721288824e-14
-3.5967247290e+00  1.3423903022e+05 -6.6178719175e-01  0  8.7600000000e+00  7.2972937205e-14
-2.7984486696e-03  1.3479730315e+05 -3.5267904766e-03  3  3.2200000000e+01  7.3276416863e-14
-2.4083820811e+00  1.3492597305e+05 -1.9221128076e+01  2  1.6800000000e+01  7.3346362399e-14
-4.7675410471e-03  1.3583644784e+05  1.9376217699e-03  1  1.2100000000e+01  7.3841300569e-14
 3.5061663672e+00  1.3635464632e+05 -1.5072579745e+00  0  8.7600000000e+00  7.4122995577e-14
-1.0271696836e+00  1.3718143149e+05  4.7345023879e-01  2  1.6800000000e+01  7.4572439693e-14
-4.3909127542e-03  1.3991827094e+05  1.9293405381e-03  3  3.2200000000e+01  7.6060197861e-14
-3.5735766536e-03  1.4036120375e+05 -1.1028177832e-03  0  8.7600000000e+00  7.6300978116e-14
-7.9256579960e+00  1.4667173451e+05 -1.8000102607e+01  0  8.7600000000e+00  7.9731410860e-14
-2.9546443867e+00  1.4753498020e+05  1.2572766853e+01  1  1.2100000000e+01  8.0200675080e-14
 4.9415180925e-03  1.4809168026e+05  2.0945806602e-03  2  1.6800000000e+01  8.0503299722e-14
 3.6171551834e-03  1.4817123417e+05  3.5271673037e-03  2  1.6800000000e+01  8.0546545582e-14
-1.0246705860e+00  1.4860427022e+05  3.5672512172e+00  0  8.7600000000e+00  8.0781945915e-14
 3.7358802416e+01  1.5111733153e+05  1.0685946495e+00  1  1.2100000000e+01  8.2148057282e-14
 1.2174661721e-01  1.5540707674e+05 -5.5714442833e-02  0  8.7600000000e+00  8.4479981966e-14
-1.3186814984e+00  1.5593010420e+05  3.3953640340e+01  2  1.6800000000e+01  8.4764302033e-14
 1.3199987988e-01  1.6084182653e+05 -2.1473032681e+00  0  8.7600000000e+00  8.7434336255e-14
 3.8552222649e+00  1.6250646584e+05  9.5036114194e-01  0  8.7600000000e+00  8.8339241634e-14
 1.0931839799e+01  1.6322689958e+05  7.8930557082e+00  2  1.6800000000e+01  8.8730872634e-14
-1.4268114835e+01  1.6405548930e+05 -9.8461656751e+00  1  1.2100000000e+01  8.9181297709e-14
-5.7324548705e+00  1.6640540141e+05 -5.0253812764e+00  1  1.2100000000e+01  9.0458720445e-14
 1.9367631027e+03  1.6867345334e+05 -8.3799960863e+01  0  8.7600000000e+00  9.1691643619e-14
-5.3424845595e+00  1.6871674267e+05 -1.9274935254e+01  3  3.2200000000e+01  9.1715175890e-14
 1.3591176851e+01  1.6974386585e+05  7.5806942790e+00  1  1.2100000000e+01  9.2273524648e-14
-3.6958653848e+00  1.7646165532e+05  2.8038246923e+00  1  1.2100000000e+01  9.5925345044e-14
-1.6328490143e+01  1.7725782178e+05 -2.8406723129e+01  0  8.7600000000e+00  9.6358144694e-14
 3.2302328764e+01  1.8386838349e+05 -3.0496680462e+01  1  1.2100000000e+01  9.9951675605e-14
-7.2076591544e+02  1.8571629574e+05  3.0558052701e+02  0  8.7600000000e+00  1.0095620897e-13
 1.4194635656e+02  1.8628970324e+05  6.0682069786e+01  0  8.7600000000e+00  1.0126791585e-13
-5.3682987412e+00  1.8638928376e+05  4.7021124974e+01  0  8.7600000000e+00  1.0132204827e-13
 1.1182249207e-01  1.8762661875e+05 -3.2313096061e-01  2  1.6800000000e+01  1.0199466910e-13
 5.8345718945e+00  1.9218305000e+05  1.2324215715e+01  0  8.7600000000e+00  1.0447156551e-13
 3.5550139721e+02  1.9312269790e+05 -7.7223677580e+02  1  1.2100000000e+01  1.0498236231e-13
 2.6936435193e+01  1.9323897301e+05 -1.6645541019e+01  1  1.2100000000e+01  1.0504556998e-13
 1.4884472340e+01  1.9919005489e+05  4.6387571455e+01  0  8.7600000000e+00  1.0828060470e-13
 1.1008738429e-03  1.9979781606e+05  2.3866773245e-03  3  3.2200000000e+01  1.0861098639e-13
-2.0448501897e+00  2.0136254498e+05 -2.3387653487e+00  1  1.2100000000e+01  1.0946158003e-13
-2.6061497890e+01  2.0160629994e+05  2.4237363714e+00  0  8.7600000000e+00  1.0959408632e-13
 7.4413120182e+01  2.0840902614e+05  4.5854447752e+01  0  8.7600000000e+00  1.1329207871e-13
 3.6264853933e+00  2.0852052984e+05 -5.8189093018e-01  0  8.7600000000e+00  1.1335269261e-13
-6.9164989345e+00  2.0940203989e+05  6.5324869496e+00  0  8.7600000000e+00  1.1383188542e-13
 2.5447646138e+02  2.0979201982e+05 -1.0030179444e+02  1  1.2100000000e+01  1.1404388026e-13
 1.3058609135e+01  2.1008374932e+05 -7.4069966389e+01  0  8.7600000000e+00  1.1420246572e-13
 9.8343143098e-01  2.1117906460e+05 -1.5412820961e+01  0  8.7600000000e+00  1.1479788400e-13
-5.2751238426e+00  2.1392626541e+05  8.2863185285e+00  1  1.2100000000e+01  1.1629127465e-13
 2.8857926409e-03  2.1435883764e+05  1.5169158748e-03  0  8.7600000000e+00  1.1652642285e-13
 5.1976714902e+00  2.1975462927e+05  1.8463354724e+01  0  8.7600000000e+00  1.1945959931e-13
 1.1083676816e+01  2.2061356401e+05  2.1455318061e+01  2  1.6800000000e+01  1.1992652007e-13
 1.7320987129e+02  2.2114429849e+05  1.0816671448e+02  1  1.2100000000e+01  1.2021502972e-13
-4.1690649706e+01  2.2354505650e+05 -8.3483389334e+01  0  8.7600000000e+00  1.2152009251e-13
 4.8051077033e-03  2.2382947804e+05 -5.5482993627e-04  3  3.2200000000e+01  1.2167470532e-13
-1.0590910867e+00  2.2403036591e+05 -4.5887150377e+00  0  8.7600000000e+00  1.2178390887e-13
 7.6538772640e+01  2.2515856341e+05 -4.5069087206e+01  0  8.7600000000e+00  1.2239720208e-13
-2.9259837247e+01  2.2655739711e+05  6.5925433390e+00  0  8.7600000000e+00  1.2315761434e-13
-2.4612835415e+01  2.2669719174e+05 -5.5374517174e+01  0  8.7600000000e+00  1.2323360732e-13
 1.0782620906e+01  2.2671146244e+05 -1.0500675483e+01  1  1.2100000000e+01  1.2324136494e-13
-2.9664994615e+01  2.2692369676e+05 -6.1366754460e+01  3  3.2200000000e+01  1.2335673646e-13
-4.6254334678e+00  2.2769469232e+05  3.4201280262e+01  0  8.7600000000e+00  1.2377585310e-13
-3.8112042389e+01  2.2854112313e+05  6.6549833212e+01  0  8.7600000000e+00  1.2423597667e-13
-3.3106508789e+00  2.2944314806e+05  1.2121735966e+00  0  8.7600000000e+00  1.2472632145e-13
 2.4836032422e+01  2.3192435691e+05  1.0968459710e+02  2  1.6800000000e+01  1.2607511768e-13
-7.9258772485e+00  2.3363729936e+05  4.9527077981e+00  0  8.7600000000e+00  1.2700628086e-13
 4.9732611561e-03  2.3381287153e+05 -4.3997493104e-03  0  8.7600000000e+00  1.2710172268e-13
-1.4803614440e+00  2.3413438944e+05  2.2086199252e+00  3  3.2200000000e+01  1.2727650125e-13
-1.6056292026e+01  2.3428210910e+05  2.2206454457e+01  0  8.7600000000e+00  1.2735680232e-13
-5.7096126905e+00  2.3578751739e+05  1.4027364273e+01  0  8.7600000000e+00  1.2817514900e-13
 2.1576133215e+00  2.3803152473e+05 -5.5271097604e+00  1  1.2100000000e+01  1.2939500142e-13
-1.8048764435e+00  2.3816388347e+05 -6.5274903957e+00  2  1.6800000000e+01  1.2946695223e-13
 2.6550328426e+00  2.3837330097e+05 -2.7687793038e+00  0  8.7600000000e+00  1.2958079252e-13
 1.3728974001e+02  2.3854971611e+05  7.5464815245e+01  0  8.7600000000e+00  1.2967669257e-13
 7.0705693170e+01  2.3905567571e+05  3.5672422824e+01  0  8.7600000000e+00  1.2995173448e-13
 6.1743330878e+00  2.4025772508e+05  5.4683214419e-01  0  8.7600000000e+00  1.3060517389e-13
-1.6287318331e+01  2.4104857401e+05 -3.4647216572e+01  2  1.6800000000e+01  1.3103508291e-13
-6.3934111786e+00  2.4266235768e+05  1.8313646232e+00  2  1.6800000000e+01  1.3191234293e-13
 2.5493960660e+02  2.4373867552e+05 -2.0270096181e+02  1  1.2100000000e+01  1.3249743412e-13
-4.5880472453e+00  2.4387070044e+05 -5.4685944564e+01  1  1.2100000000e+01  1.3256920345e-13
-1.8494874082e+01  2.4392129293e+05  8.1418877169e+00  1  1.2100000000e+01  1.3259670576e-13
 4.9963255621e+01  2.4725070481e+05  1.2931417619e+01  0  8.7600000000e+00  1.3440658895e-13
 8.1163009289e-01  2.4855817272e+05  2.4645258401e+00  1  1.2100000000e+01  1.3511733435e-13
 3.4133399783e-03  2.5094291187e+05 -1.9949851078e-03  2  1.6800000000e+01  1.3641368922e-13
 2.8529327609e-04  2.5272714746e+05  4.9240912264e-03  3  3.2200000000e+01  1.3738360767e-13
-7.9679032364e+00  2.5515158984e+05 -5.4226905814e-01  0  8.7600000000e+00  1.3870154539e-13
-7.9875813136e-04  2.5570550910e+05 -4.7279137372e-03  0  8.7600000000e+00  1.3900265837e-13
 7.9464116208e+00  2.6009070520e+05  8.3791633866e+00  0  8.7600000000e+00  1.4138647059e-13
-2.2052303351e+00  2.6013728782e+05  3.3339316682e+00  3  3.2200000000e+01  1.4141179311e-13
 1.2441214197e+00  2.6106860785e+05  2.8668004345e+00  0  8.7600000000e+00  1.4191806284e-13
-2.0461806222e-03  2.6114464775e+05 -1.5771745013e-04  0  8.7600000000e+00  1.4195939847e-13
 1.5873685027e+02  2.6651053543e+05 -5.1864352721e+02  1  1.2100000000e+01  1.4487631901e-13
-7.5718432933e-04  2.6696415082e+05  4.0029769572e-03  3  3.2200000000e+01  1.4512290637e-13
 6.5367214665e+02  2.6807048217e+05 -3.2830602464e+01  2  1.6800000000e+01  1.4572431304e-13
 6.2159270413e+01  2.6908005933e+05  2.5563491203e+00  2  1.6800000000e+01  1.4627312370e-13
-9.2984743795e+01  2.6983549169e+05  7.0098804062e+01  1  1.2100000000e+01  1.4668378010e-13
-2.7474417635e+01  2.7155258235e+05 -1.6265461061e+02  1  1.2100000000e+01  1.4761719827e-13
-2.7879997398e+01  2.7192372241e+05 -2.0365922704e+01  0  8.7600000000e+00  1.4781895166e-13
 6.9678319697e+00  2.7789377696e+05  1.6211921698e+01  0  8.7600000000e+00  1.5106430002e-13
 1.4571420164e+02  2.7801574791e+05  1.1597364529e+01  1  1.2100000000e+01  1.5113060397e-13
 2.8986441071e+00  2.7942774478e+05  4.2029552320e+00  0  8.7600000000e+00  1.5189817179e-13
 2.5541580874e+00  2.7971999410e+05 -1.0114087791e+00  0  8.7600000000e+00  1.5205703982e-13
 4.6488699202e+01  2.8151146786e+05 -4.2756956462e+00  2  1.6800000000e+01  1.5303089297e-13
-3.7764984963e+00  2.8334648516e+05  6.6740584747e+00  1  1.2100000000e+01  1.5402841658e-13
 9.7979356210e+01  2.8552065599e+05 -2.4520509557e+01  1  1.2100000000e+01  1.5521030557e-13
-2.4398733891e+00  2.8631454651e+05  5.1676671318e+00  2  1.6800000000e+01  1.5564186801e-13
 8.3718889508e+01  2.8711764379e+05 -2.8862617523e+01  2  1.6800000000e+01  1.5607843528e-13
 2.3489773140e+01  2.8724860170e+05  8.6373959275e+00  0  8.7600000000e+00  1.5614962458e-13
-1.9998800559e+01  2.8899955802e+05  5.8599190731e+01  0  8.7600000000e+00  1.5710145227e-13
-1.9662795947e-03  2.9368571783e+05  2.7388522531e-03  4  4.0000000000e+01  1.5964886971e-13
 3.8841593558e+00  2.9383803782e+05 -3.6233066193e+00  1  1.2100000000e+01  1.5973167153e-13
 2.6444326111e+02  3.0438497829e+05 -2.6591543782e+02  1  1.2100000000e+01  1.6546503554e-13
-2.1954380640e+00  3.0525305656e+05  3.1599469137e+01  0  8.7600000000e+00  1.6593692677e-13
-7.8833230268e+00  3.0734038336e+05 -1.3446370103e+02  2  1.6800000000e+01  1.6707160696e-13
-2.8380244817e+02  3.0964847993e+05  1.2527661727e+02  2  1.6800000000e+01  1.6832629857e-13
 1.2339517275e+02  3.1327023293e+05  9.3530216010e+01  2  1.6800000000e+01  1.7029509970e-13
-4.4244386127e+01  3.1468030629e+05  3.7556955883e+01  2  1.6800000000e+01  1.7106162189e-13
-2.4174468568e+01  3.1841152219e+05  3.5428829266e+01  1  1.2100000000e+01  1.7308992754e-13
-1.5725544360e+02  3.2571898193e+05 -7.2817942989e+00  1  1.2100000000e+01  1.7706229534e-13
 9.5661541930e-01  3.2662745016e+05  1.4757127929e+00  0  8.7600000000e+00  1.7755614273e-13
-1.8190787377e+01  3.2947138215e+05 -2.5938634136e+01  0  8.7600000000e+00  1.7910211688e-13
-1.7579852619e+01  3.3126828685e+05  1.2456243400e+01  2  1.6800000000e+01  1.8007892231e-13
-2.9116388240e+00  3.3469533456e+05 -2.7117740582e+00  0  8.7600000000e+00  1.8194188077e-13
-1.0237487978e+02  3.3651804295e+05 -8.8565687021e+01  0  8.7600000000e+00  1.8293271321e-13
-1.8988438679e+01  3.3744266991e+05 -1.9422462535e+01  0  8.7600000000e+00  1.8343534455e-13
-3.0091466481e+00  3.4010078103e+05  3.0741546526e+00  0  8.7600000000e+00  1.8488030565e-13
-3.0518754479e+00  3.4258407460e+05 -8.6847452463e+01  0  8.7600000000e+00  1.8623023514e-13
-1.0070578150e+02  3.4334488820e+05  8.2648653285e+01  1  1.2100000000e+01  1.8664381681e-13
-4.9083426105e+01  3.4445719382e+05 -1.4850462020e+01  0  8.7600000000e+00  1.8724847112e-13
 1.8898172150e-03  3.4536178300e+05  2.1579322578e-03  2  1.6800000000e+01  1.8774020985e-13
 7.4576225691e+01  3.4558159297e+05  1.2382385215e+02  2  1.6800000000e+01  1.8785969953e-13
 6.4951173103e-01  3.4757769745e+05 -3.7796633782e-01  0  8.7600000000e+00  1.8894479086e-13
 6.7502524108e+00  3.5266165435e+05  1.6754831372e+01  2  1.6800000000e+01  1.9170845256e-13
-6.6334886676e+00  3.5375603196e+05  4.1317753227e+01  0  8.7600000000e+00  1.9230336113e-13
-2.3777356855e+02  3.5441395015e+05  1.7586396268e+03  2  1.6800000000e+01  1.9266100839e-13
-5.2581148407e+00  3.5473448432e+05  1.7915081291e+01  1  1.2100000000e+01  1.9283525221e-13
 5.1165497734e+02  3.5739060041e+05  2.0397044991e+02  1  1.2100000000e+01  1.9427912879e-13
-2.7120831751e+01  3.6663276030e+05  3.4304472929e+00  2  1.6800000000e+01  1.9930320824e-13
-9.4793891976e-01  3.6974641988e+05 -1.7124904500e+00  2  1.6800000000e+01  2.0099580752e-13
 6.2422258683e+00  3.7035500255e+05 -9.5123347640e+00  1  1.2100000000e+01  2.0132663577e-13
 1.2945397124e+01  3.7487471160e+05  2.4490719622e+00  2  1.6800000000e+01  2.0378356983e-13
-5.7378942102e+01  3.7652225322e+05 -1.0627462965e+02  2  1.6800000000e+01  2.0467918082e-13
-8.0616112830e+00  3.7922559399e+05  1.0927625486e+01  3  3.2200000000e+01  2.0614872896e-13
-1.4275887070e+01  3.7967785376e+05  9.4737312367e+00  2  1.6800000000e+01  2.0639457939e-13
-7.3701915277e+02  3.8149256146e+05  1.6219553013e+03  0  8.7600000000e+00  2.0738106261e-13
 2.0737067037e+00  3.8156177103e+05 -2.1785607182e+00  1  1.2100000000e+01  2.0741868524e-13
-1.6325428368e-03  3.8256405429e+05  1.8525423328e-03  2  1.6800000000e+01  2.0796353091e-13
 4.6890879086e-01  3.8376704846e+05 -5.3211893277e+00  0  8.7600000000e+00  2.0861748392e-13
-5.0083196357e+00  3.8517086080e+05  2.6200222018e+00  0  8.7600000000e+00  2.0938060259e-13
-1.3441810962e+02  3.8580595573e+05 -4.6520782520e+02  0  8.7600000000e+00  2.0972584303e-13
-1.9488902792e+01  3.8592868595e+05  4.0509042527e+01  0  8.7600000000e+00  2.0979255973e-13
-3.8325379987e+00  3.8721185113e+05  6.2306804524e+00  1  1.2100000000e+01  2.1049009406e-13
-2.3672721795e+01  3.8868092185e+05  6.8144908671e+00  1  1.2100000000e+01  2.1128868747e-13
 9.4443727230e+01  3.8956602458e+05  3.1276871970e+02  0  8.7600000000e+00  2.1176983327e-13
-4.3210131253e-03  3.9002894194e+05 -3.2675964936e-03  0  8.7600000000e+00  2.1202147722e-13
 3.6041762118e+00  3.9037571779e+05 -7.5485591916e-01  1  1.2100000000e+01  2.1220998612e-13
-5.6367415135e+00  3.9079039867e+05  3.5369778363e+00  2  1.6800000000e+01  2.1243540850e-13
-1.7735100628e+00  3.9513153535e+05  2.4007699498e+00  2  1.6800000000e+01  2.1479526982e-13
-2.5050068047e+01  3.9789497341e+05  1.7194815916e+01  3  3.2200000000e+01  2.1629748710e-13
 3.2523714225e+01  4.0080060390e+05  5.8699179394e+01  2  1.6800000000e+01  2.1787700084e-13
-3.4940313307e+00  4.0199845680e+05  4.0846486467e+00  1  1.2100000000e+01  2.1852815903e-13
-5.3734056097e+00  4.0364016801e+05 -5.4474908610e+00  0  8.7600000000e+00  2.1942060059e-13
 1.2806778724e+00  4.0711593723e+05  2.8149923302e+01  2  1.6800000000e+01  2.2131004428e-13
 2.5116479124e+01  4.0769101189e+05  1.8816769414e+02  2  1.6800000000e+01  2.2162265744e-13
-1.4118295329e+01  4.0821727658e+05 -2.9679131113e+00  2  1.6800000000e+01  2.2190873727e-13
 1.5057320690e-03  4.1052157345e+05 -3.1611158551e-03  0  8.7600000000e+00  2.2316136336e-13
-1.5360052727e+01  4.1131051174e+05  1.7453734878e+00  3  3.2200000000e+01  2.2359023374e-13
 1.1258241144e-03  4.1276474149e+05  1.7258901553e-03  2  1.6800000000e+01  2.2438075954e-13
-2.8813261696e-01  4.1276496628e+05 -3.3761151634e-01  0  8.7600000000e+00  2.2438088174e-13
-8.0554703234e+00  4.1281464783e+05  3.6833261534e+00  0  8.7600000000e+00  2.2440788885e-13
 5.5149960747e+00  4.1636584466e+05 -5.9187699026e-02  0  8.7600000000e+00  2.2633833533e-13
 1.1690933760e+01  4.1789010670e+05  4.0567968653e+00  0  8.7600000000e+00  2.2716693099e-13
-2.9641600689e-03  4.2221836696e+05  1.3617224136e-03  1  1.2100000000e+01  2.2951979262e-13
 4.4733207030e+00  4.2267883201e+05 -2.2641974490e+01  2  1.6800000000e+01  2.2977010349e-13
-3.5313943068e-03  4.2388238615e+05 -2.1441146858e-03  2  1.6800000000e+01  2.3042436090e-13
-5.0444761865e+00  4.2474944183e+05  6.8434720107e+00  2  1.6800000000e+01  2.3089569624e-13
-3.5927195660e+01  4.2497399078e+05  2.5075299322e+01  0  8.7600000000e+00  2.3101776206e-13
 8.1260255507e+01  4.2592565865e+05  2.0210700004e+00  2  1.6800000000e+01  2.3153509297e-13
-6.5064456891e+00  4.2716311512e+05 -1.0700529707e+01  3  3.2200000000e+01  2.3220777984e-13
-4.2129448462e+00  4.3152695021e+05 -8.0753464397e+00  0  8.7600000000e+00  2.3457998011e-13
 3.8644761354e-03  4.3446051387e+05  2.5040772057e-04  3  3.2200000000e+01  2.3617467844e-13
 2.1744633138e+00  4.3619668628e+05 -6.3742931899e+00  0  8.7600000000e+00  2.3711846952e-13
-3.6313401161e+00  4.3701440615e+05 -2.1778495471e+00  2  1.6800000000e+01  2.3756298570e-13
 1.4784374759e+02  4.3801846417e+05 -2.5979987068e+02  0  8.7600000000e+00  2.3810879613e-13
-5.0805086828e+00  4.4157016171e+05  9.7285135116e-01  2  1.6800000000e+01  2.4003951480e-13
-2.7084762979e+02  4.4159798766e+05 -2.2860209028e+01  0  8.7600000000e+00  2.4005464111e-13
-1.3974404318e-03  4.4350883884e+05  3.2186623235e-03  0  8.7600000000e+00  2.4109338836e-13
 2.0843084173e-01  4.4604900187e+05 -7.7695666617e+00  2  1.6800000000e+01  2.4247423234e-13
-5.7573699889e+01  4.4732135579e+05  1.2208100491e+02  1  1.2100000000e+01  2.4316588963e-13
-2.8068062881e+02  4.5397216756e+05  1.9573590861e+02  1  1.2100000000e+01  2.4678130065e-13
 1.5847542793e+01  4.5512161650e+05 -9.2659263844e+00  1  1.2100000000e+01  2.4740614623e-13
 3.2450305247e+00  4.5527431432e+05  1.4615710610e+01  1  1.2100000000e+01  2.4748915345e-13
-2.4723041073e+00  4.5594020220e+05  5.0762715173e+01  1  1.2100000000e+01  2.4785113308e-13
 5.4831142208e+00  4.5799801205e+05  4.2693279659e+01  2  1.6800000000e+01  2.4896976772e-13
 1.5286628809e+01  4.5860392817e+05  1.3914404223e+01  0  8.7600000000e+00  2.4929914643e-13
 8.2198549087e+02  4.5944138243e+05  4.3219592984e+02  1  1.2100000000e+01  2.4975439031e-13
-2.4076036030e+01  4.6361557252e+05 -5.6338268236e+02  1  1.2100000000e+01  2.5202349872e-13
 1.1346170214e+02  4.6540619925e+05  8.5499295432e+01  1  1.2100000000e+01  2.5299689141e-13
-2.7079675128e+00  4.7226498209e+05  1.8804442154e+00  0  8.7600000000e+00  2.5672535644e-13
 1.0215553084e+01  4.7372627923e+05  9.5524980650e+00  0  8.7600000000e+00  2.5751972410e-13
-3.9423283976e-03  4.7635440085e+05  1.2866211432e-03  2  1.6800000000e+01  2.5894838277e-13
-6.1419691660e+00  4.7701549425e+05 -5.3749542068e+00  2  1.6800000000e+01  2.5930775610e-13
 2.3417074121e+00  4.7811129407e+05 -1.6117961752e+01  1  1.2100000000e+01  2.5990343778e-13
 6.9722126209e+01  4.7946793563e+05  5.2945443513e+01  1  1.2100000000e+01  2.6064091420e-13
-3.7762540800e+00  4.8100559356e+05 -8.0456200337e+01  1  1.2100000000e+01  2.6147679193e-13
 2.4687418613e+01  4.8174852638e+05  9.5853677950e-01  0  8.7600000000e+00  2.6188065353e-13
-6.7198210378e+00  4.8205174858e+05 -6.8500982133e+01  0  8.7600000000e+00  2.6204548648e-13
-3.6299964376e+00  4.8549414475e+05  2.7753557028e+00  2  1.6800000000e+01  2.6391678843e-13
 4.1855507318e+00  4.8600219029e+05  2.8855397778e+00  2  1.6800000000e+01  2.6419296426e-13
 4.2415544946e-03  4.8881737638e+05 -2.1936093584e-03  3  3.2200000000e+01  2.6572331201e-13
 6.4114385490e+00  4.9041710491e+05 -3.3088850018e+00  0  8.7600000000e+00  2.6659293159e-13
-2.5324234880e+02  4.9157409649e+05 -3.2468571016e+01  2  1.6800000000e+01  2.6722187738e-13
-1.2400920564e-01  4.9271345493e+05 -2.1049952862e+02  0  8.7600000000e+00  2.6784123773e-13
-1.0809071663e+00  4.9425675339e+05  2.1184986364e+00  0  8.7600000000e+00  2.6868018167e-13
 2.0075139203e-03  4.9708497609e+05  2.8645872385e-04  0  8.7600000000e+00  2.7021761619e-13
-1.1106918521e+01  4.9989886568e+05 -1.1210035574e+01  2  1.6800000000e+01  2.7174725915e-13
 3.9370648221e+00  5.0019845997e+05 -4.7588378285e+00  2  1.6800000000e+01  2.7191011995e-13
 4.6084602584e+00  5.0031437937e+05  1.4184794900e+00  1  1.2100000000e+01  2.7197313425e-13
 1.7612730570e+01  5.0092181601e+05  6.3641105919e+01  0  8.7600000000e+00  2.7230333953e-13
-9.2636215518e+00  5.0143629340e+05 -1.5299003451e+01  1  1.2100000000e+01  2.7258301174e-13
-3.0299009197e+00  5.0983820231e+05  2.5360069173e+00  2  1.6800000000e+01  2.7715032700e-13
 1.5738434446e+00  5.1178904562e+05  7.4585003437e+01  0  8.7600000000e+00  2.7821081415e-13
-1.0391652223e+02  5.1235888296e+05  1.5174447468e+02  0  8.7600000000e+00  2.7852058027e-13
-3.6631417839e+02  5.1248911071e+05  1.4124343702e+02  1  1.2100000000e+01  2.7859137266e-13
-2.8169978048e+00  5.1298772914e+05  1.6323414193e+00  2  1.6800000000e+01  2.7886242387e-13
 4.5916271590e+01  5.1374680675e+05 -4.9856094019e+01  2  1.6800000000e+01  2.7927506185e-13
-2.1366558872e+02  5.1597618955e+05 -1.9470678467e+02  1  1.2100000000e+01  2.8048696431e-13
-3.4851554726e+01  5.1859467403e+05  2.2221908506e+01  0  8.7600000000e+00  2.8191038419e-13
 4.5117716815e-03  5.2068915948e+05 -6.5334917775e-04  2  1.6800000000e+01  2.8304895584e-13
 4.7824643174e+00  5.2078922939e+05  1.2453184030e+00  1  1.2100000000e+01  2.8310335430e-13
-4.0953347113e+00  5.2215364626e+05 -1.6121136800e+01  0  8.7600000000e+00  2.8384505741e-13
-8.3963045191e-04  5.2258168541e+05 -1.6690052518e-03  2  1.6800000000e+01  2.8407774140e-13
 4.7194072269e+01  5.2262652532e+05  2.4328929926e+01  1  1.2100000000e+01  2.8410211658e-13
-4.9047562731e-01  5.2723698523e+05 -4.2151769222e-01  2  1.6800000000e+01  2.8660838320e-13
 1.1427636656e+02  5.2797957300e+05 -6.7223817714e+01  1  1.2100000000e+01  2.8701205724e-13
-9.7126702125e-04  5.3050932561e+05 -4.0848261114e-03  3  3.2200000000e+01  2.8838724207e-13
-2.2005032101e+01  5.3105887978e+05  1.6466404032e+01  0  8.7600000000e+00  2.8868598218e-13
-9.4920155884e+01  5.3227845204e+05 -7.7445343315e+01  0  8.7600000000e+00  2.8934894711e-13
 2.4201502089e+02  5.3329167648e+05 -1.4564510579e+01  2  1.6800000000e+01  2.8989974045e-13
-1.4814739337e+02  5.3556158791e+05 -6.4341504143e+02  0  8.7600000000e+00  2.9113367445e-13
-7.8549734416e+01  5.3708416616e+05 -1.4430596742e+02  0  8.7600000000e+00  2.9196135480e-13
-1.2650553659e+01  5.3754116522e+05  4.8773996327e+00  0  8.7600000000e+00  2.9220978153e-13
 1.4188430754e+00  5.4225656880e+05 -2.5292823552e+01  1  1.2100000000e+01  2.9477309601e-13
-3.6724537512e-03  5.4483893982e+05 -2.9301959034e-03  2  1.6800000000e+01  2.9617688444e-13
 2.7678248342e+01  5.4711752458e+05  1.2794970181e+01  0  8.7600000000e+00  2.9741553331e-13
 3.7104130216e+00  5.4726768355e+05 -5.1669929998e+00  0  8.7600000000e+00  2.9749716040e-13
-5.2210960034e-01  5.4781926760e+05 -1.2075723359e+01  1  1.2100000000e+01  2.9779700396e-13
-4.3912870641e+01  5.5128389107e+05  7.0440349055e+01  2  1.6800000000e+01  2.9968038877e-13
 6.6118889952e+00  5.5203989987e+05  3.4750755527e+01  1  1.2100000000e+01  3.0009135853e-13
 3.5554780119e+02  5.5260767954e+05  1.4920597485e+02  2  1.6800000000e+01  3.0040000610e-13
-2.9371199374e+01  5.5773732101e+05  4.1739079766e+01  0  8.7600000000e+00  3.0318850215e-13
 2.1974520093e-03  5.5854630418e+05  2.5759199995e-03  2  1.6800000000e+01  3.0362826902e-13
 4.5474554512e+01  5.5992582482e+05  2.4181203151e+01  0  8.7600000000e+00  3.0437818261e-13
 7.4666446330e+00  5.6085327864e+05  3.4235327476e+00  0  8.7600000000e+00  3.0488235065e-13
 7.3885234087e-01  5.6157376812e+05 -8.3469187677e+00  0  8.7600000000e+00  3.0527401196e-13
-3.1467747133e-01  5.6300807175e+05 -1.7971061156e+01  0  8.7600000000e+00  3.0605370582e-13
-3.2095574228e+00  5.6556364881e+05  5.9845114229e+00  0  8.7600000000e+00  3.0744292894e-13
-4.6894084803e+01  5.6645875034e+05 -8.1024601793e+01  0  8.7600000000e+00  3.0792951014e-13
-1.1720226221e+00  5.6845849294e+05  3.9196282085e+00  0  8.7600000000e+00  3.0901657916e-13
-4.7823699481e+00  5.7311868810e+05 -1.0749113864e+00  3  3.2200000000e+01  3.1154988209e-13
-2.8224238316e+00  5.7362154281e+05  2.4551424638e+00  1  1.2100000000e+01  3.1182323616e-13
 2.9481271081e+00  5.7370588046e+05 -1.0584220295e+00  1  1.2100000000e+01  3.1186908248e-13
-2.3703858507e+00  5.7568162528e+05 -4.5006717667e+00  0  8.7600000000e+00  3.1294310620e-13
 3.4874323283e-03  5.7676311320e+05  3.2751413986e-03  2  1.6800000000e+01  3.1353100787e-13
-4.6985145610e-03  5.8376398692e+05  2.0657727947e-03  1  1.2100000000e+01  3.1733671414e-13
 7.8549860525e-01  5.8430331226e+05  1.9483666180e+01  0  8.7600000000e+00  3.1762989381e-13
-5.5663975680e-04  5.8472071917e+05  4.5556074472e-03  1  1.2100000000e+01  3.1785679807e-13
 1.0024024910e+02  5.9023588564e+05  2.7559698441e+02  2  1.6800000000e+01  3.2085486723e-13
 1.0602647795e+02  5.9080095467e+05 -5.1171129846e+01  1  1.2100000000e+01  3.2116204128e-13
 1.3475724561e+01  5.9304625119e+05 -3.8987785991e+01  0  8.7600000000e+00  3.2238259451e-13
-8.5658557465e+01  5.9472570490e+05 -7.7621538659e+00  0  8.7600000000e+00  3.2329555306e-13
 1.3662069238e+01  5.9481546188e+05 -4.7778304264e+00  0  8.7600000000e+00  3.2334434535e-13
-2.5549076398e+00  5.9547489685e+05  3.1555420899e+00  0  8.7600000000e+00  3.2370281716e-13
-5.6413557319e+01  5.9673412249e+05 -7.4864112480e+01  1  1.2100000000e+01  3.2438733784e-13
-3.9056350146e-03  5.9915570263e+05 -2.0076903501e-03  0  8.7600000000e+00  3.2570371964e-13
 3.8009728526e+00  5.9916119024e+05 -8.2218041916e-01  0  8.7600000000e+00  3.2570670273e-13
 2.1975857317e+01  6.0027312375e+05  1.5795046587e+01  0  8.7600000000e+00  3.2631115475e-13
-3.2517135089e-03  6.0075779282e+05 -1.5489433643e-03  3  3.2200000000e+01  3.2657462303e-13
-3.5701866919e+02  6.0234525338e+05 -2.3819169167e+03  0  8.7600000000e+00  3.2743757369e-13
 3.5150711031e+00  6.0247870199e+05 -1.7530832108e+00  2  1.6800000000e+01  3.2751011695e-13
 1.3520394877e+02  6.0274231114e+05  2.9978051860e+01  0  8.7600000000e+00  3.2765341606e-13
-1.9487968197e+01  6.0526569493e+05  4.0506881713e+00  0  8.7600000000e+00  3.2902513878e-13
-3.2918805724e+01  6.0549849775e+05  1.4680328125e+02  3  3.2200000000e+01  3.2915169143e-13
-2.3154966083e+00  6.0699758005e+05  2.4121032403e-01  3  3.2200000000e+01  3.2996659928e-13
-1.2820948841e+02  6.0795349627e+05  7.5449204298e+01  2  1.6800000000e+01  3.3048623961e-13
-8.1521070478e+01  6.1136844496e+05  1.8751128127e+02  1  1.2100000000e+01  3.3234262099e-13
-3.0911240764e-03  6.1281541232e+05 -2.5223527046e-03  0  8.7600000000e+00  3.3312919892e-13
 3.5663422077e+00  6.1470073406e+05 -7.6272234128e-01  1  1.2100000000e+01  3.3415406824e-13
 3.1286776821e+00  6.1540191508e+05 -3.4943236777e+00  0  8.7600000000e+00  3.3453523338e-13
-3.1819054709e-03  6.1652317095e+05  1.7147510344e-03  1  1.2100000000e+01  3.3514475309e-13
 2.5608624026e+02  6.1874803414e+05  6.1682604077e+01  0  8.7600000000e+00  3.3635419867e-13
 5.6258173699e+00  6.1980225304e+05 -4.3330483826e+00  0  8.7600000000e+00  3.3692727678e-13
-4.2263683713e+00  6.2043048764e+05  9.1102962777e-01  0  8.7600000000e+00  3.3726878792e-13
-4.4416121106e+01  6.2506273225e+05 -1.8638562191e+02  1  1.2100000000e+01  3.3978689681e-13
-1.7936523314e-04  6.2594330997e+05 -4.5914733175e-03  0  8.7600000000e+00  3.4026558279e-13
-1.7763634730e+01  6.2671402852e+05 -1.4332718978e+01  0  8.7600000000e+00  3.4068454884e-13
 3.3453702633e+00  6.2780594838e+05  2.8212159638e+01  3  3.2200000000e+01  3.4127812136e-13
 3.8694957963e+01  6.2848735437e+05 -8.2942115347e+01  0  8.7600000000e+00  3.4164853671e-13
 5.4982994658e+00  6.3001772285e+05 -2.9814438211e+01  2  1.6800000000e+01  3.4248045186e-13
-1.3579930191e+02  6.3060079519e+05  7.1111719186e+01  1  1.2100000000e+01  3.4279741259e-13
-2.8710179568e+02  6.3062975055e+05  2.6993833113e+02  1  1.2100000000e+01  3.4281315285e-13
-5.3279919964e+01  6.3127891670e+05 -2.5254797130e+02  0  8.7600000000e+00  3.4316604248e-13
 3.9601904946e+01  6.3131312693e+05 -2.2096278602e+02  2  1.6800000000e+01  3.4318463931e-13
 7.9448929401e+00  6.3338058582e+05 -4.6100939774e+00  3  3.2200000000e+01  3.4430851921e-13
-8.1886282734e+00  6.3697814570e+05 -1.6564179336e+01  0  8.7600000000e+00  3.4626416885e-13
 1.9711763706e+02  6.4170305574e+05  2.9147531859e+02  3  3.2200000000e+01  3.4883265108e-13
 2.1754871185e+00  6.4924228309e+05  4.2472660400e+00  2  1.6800000000e+01  3.5293100878e-13
 1.1079525278e-03  6.5217582560e+05  1.3581339299e-03  2  1.6800000000e+01  3.5452569561e-13
-1.6172897740e+01  6.5245233485e+05 -2.9130223654e+01  2  1.6800000000e+01  3.5467600728e-13
-3.8430393575e-03  6.5413815578e+05  3.7518565095e-05  1  1.2100000000e+01  3.5559242708e-13
-7.0741142561e-01  6.5488459594e+05  1.6468804826e+00  0  8.7600000000e+00  3.5599819528e-13
-1.5952627641e+01  6.5496155430e+05 -1.2001638953e+01  2  1.6800000000e+01  3.5604003019e-13
-1.0641375337e+02  6.5575144376e+05  4.4489247383e+00  0  8.7600000000e+00  3.5646941764e-13
-5.0708455290e+01  6.5593891777e+05 -1.1216110343e+02  2  1.6800000000e+01  3.5657132935e-13
 2.8539966489e+01  6.6029008344e+05 -2.4436354836e+02  2  1.6800000000e+01  3.5893664246e-13
-1.4470855011e+02  6.6508197898e+05 -4.6256453913e+01  0  8.7600000000e+00  3.6154153831e-13
-2.1511450781e+00  6.6766056187e+05  2.3107003961e+00  2  1.6800000000e+01  3.6294326751e-13
 6.6217064976e+01  6.7796673167e+05  2.7767059768e+01  0  8.7600000000e+00  3.6854574750e-13
 5.7452354840e-04  6.7883243565e+05 -3.9827220836e-03  1  1.2100000000e+01  3.6901634806e-13
-1.2238631559e+01  6.7991292834e+05 -9.6575798500e+01  0  8.7600000000e+00  3.6960370872e-13
-8.4484961645e+00  6.8059574141e+05 -2.3788823427e+00  3  3.2200000000e+01  3.6997488896e-13
 2.8128107435e-01  6.8127332561e+05  1.0533825715e+00  2  1.6800000000e+01  3.7034322676e-13
-6.4265407826e+00  6.8226578588e+05 -1.6292560522e+01  2  1.6800000000e+01  3.7088273260e-13
-4.7442021278e+00  6.8431600159e+05 -1.6755287076e+00  1  1.2100000000e+01  3.7199723903e-13
-9.5964433721e-01  6.8833058422e+05 -3.5355187570e-01  0  8.7600000000e+00  3.7417958410e-13
 1.3756422388e+01  6.9045411908e+05  2.4772711200e+01  0  8.7600000000e+00  3.7533394715e-13
 8.1073530072e+00  6.9117780949e+05  1.5798696926e+01  0  8.7600000000e+00  3.7572734849e-13
 3.5120188221e+00  6.9262361535e+05 -9.8054421972e-01  0  8.7600000000e+00  3.7651329502e-13
-1.8758288863e+01  6.9276212303e+05  6.2822423335e-01  1  1.2100000000e+01  3.7658858842e-13
-7.8742562028e+00  6.9363079500e+05  9.9598038046e+00  0  8.7600000000e+00  3.7706080238e-13
-2.8001279120e+01  6.9428616218e+05 -1.0158040914e+01  0  8.7600000000e+00  3.7741706291e-13
 2.3899415356e-03  6.9489023941e+05 -2.2526110696e-03  3  3.2200000000e+01  3.7774544200e-13
 3.2145321906e+01  7.0030727204e+05  2.9581354958e+01  1  1.2100000000e+01  3.8069016516e-13
-3.3601557421e+01  7.0123308178e+05 -4.9193586379e+00  1  1.2100000000e+01  3.8119343948e-13
 3.4431621865e+00  7.0168324875e+05  1.8552145158e+00  0  8.7600000000e+00  3.8143815226e-13
-5.5510257767e+01  7.0375223295e+05 -3.7120718085e+01  0  8.7600000000e+00  3.8256286132e-13
-3.5341135786e+01  7.0401553947e+05 -1.0598342277e+02  1  1.2100000000e+01  3.8270599592e-13
-4.3419323026e-01  7.0670446566e+05 -4.7033646302e+00  0  8.7600000000e+00  3.8416770823e-13
-5.3883165101e+02  7.1299151145e+05  3.4126795964e+02  0  8.7600000000e+00  3.8758537444e-13
 9.5235996686e+00  7.1507128978e+05  1.5696394832e+01  0  8.7600000000e+00  3.8871595124e-13
-8.9171991321e+00  7.1641319706e+05  3.6553974006e+00  1  1.2100000000e+01  3.8944541804e-13
 5.8715188981e+01  7.2258493868e+05 -2.3486519235e+01  1  1.2100000000e+01  3.9280040438e-13
-5.6284246612e+01  7.2334480805e+05  7.0252556102e+01  0  8.7600000000e+00  3.9321347277e-13
-7.2112300885e+00  7.2418522437e+05 -3.5976930437e+01  2  1.6800000000e+01  3.9367032684e-13
 3.6575336725e-04  7.2635524515e+05 -2.7831566649e-03  4  4.0000000000e+01  3.9484995985e-13
-9.7705293047e+00  7.2657580409e+05  2.7949369879e+00  3  3.2200000000e+01  3.9496985667e-13
 3.4859323355e-03  7.2862995060e+05 -1.9352375236e-03  2  1.6800000000e+01  3.9608649990e-13
 3.6417892611e+01  7.2988245093e+05  3.8172901286e+01  1  1.2100000000e+01  3.9676736468e-13
 9.5923864420e+00  7.3029881739e+05  1.0824906616e+01  2  1.6800000000e+01  3.9699370335e-13
-5.3986174792e+01  7.3349204515e+05 -1.1469313141e+02  1  1.2100000000e+01  3.9872955624e-13
-1.4814282938e+00  7.3695467140e+05 -1.3826038739e-01  2  1.6800000000e+01  4.0061185536e-13
-1.4700985663e-01  7.3731427576e+05 -2.2526921486e+00  0  8.7600000000e+00  4.0080733790e-13
-2.5390105378e+01  7.3772154878e+05  3.9579441019e+02  0  8.7600000000e+00  4.0102873333e-13
-1.2842162323e+01  7.3976336477e+05 -1.2331045325e+00  2  1.6800000000e+01  4.0213867363e-13
-7.8712808924e+00  7.4004111459e+05 -4.1521567681e+00  0  8.7600000000e+00  4.0228965968e-13
-1.2824406985e+02  7.4010224821e+05 -5.2136622243e+00  2  1.6800000000e+01  4.0232289219e-13
-5.3981660651e+00  7.4074424688e+05  1.0520476882e+01  0  8.7600000000e+00  4.0267188554e-13
 4.4629407904e-03  7.4081619620e+05 -1.3541350683e-03  2  1.6800000000e+01  4.0271099751e-13
 1.3928235668e+00  7.4449214550e+05  9.5398123334e-01  2  1.6800000000e+01  4.0470925999e-13
 2.5654611867e+00  7.4658296825e+05  2.0432822378e+00  1  1.2100000000e+01  4.0584584059e-13
 1.8424112984e-01  7.5075593230e+05 -5.7246692862e+00  2  1.6800000000e+01  4.0811428251e-13
 1.0519071091e-03  7.5811205053e+05 -5.9721700642e-04  1  1.2100000000e+01  4.1211310128e-13
-6.9729096923e+01  7.5837297778e+05  8.8500877952e+01  1  1.2100000000e+01  4.1225494250e-13
-3.4276301590e+01  7.6326777516e+05  3.7831308563e+01  0  8.7600000000e+00  4.1491577624e-13
 2.1502998742e+00  7.6630062965e+05 -3.7809784050e+00  0  8.7600000000e+00  4.1656444951e-13
 2.5737730775e-03  7.7028982838e+05 -2.5958866149e-03  0  8.7600000000e+00  4.1873299578e-13
-3.1310732026e+00  7.7467249037e+05  1.8344325910e+00  1  1.2100000000e+01  4.2111543044e-13
-3.3860086638e+02  7.7547156884e+05 -5.8936365311e+01  0  8.7600000000e+00  4.2154981307e-13
-1.5560364445e+01  7.7679591299e+05 -1.2575375496e+01  1  1.2100000000e+01  4.2226973248e-13
 1.5769323092e+01  7.7719408689e+05 -4.2455911222e+01  0  8.7600000000e+00  4.2248618158e-13
-1.0942513663e+01  7.7864425579e+05  1.6930545695e+01  1  1.2100000000e+01  4.2327449989e-13
 9.3366309345e-04  7.7873987710e+05  2.0756116822e-03  0  8.7600000000e+00  4.2332648006e-13
 4.8055423702e-03  7.7996231973e+05 -3.2493838147e-03  3  3.2200000000e+01  4.2399100534e-13
 4.5737526298e+01  7.8091850017e+05  8.2553956772e+00  0  8.7600000000e+00  4.2451078930e-13
-2.3937744868e-03  7.8160817441e+05 -2.1677995786e-03  4  4.0000000000e+01  4.2488569930e-13
 1.3069115006e-01  7.8401438417e+05 -1.1685993401e+00  0  8.7600000000e+00  4.2619372569e-13
-5.9015050217e+00  7.8653634559e+05 -4.9530951048e+00  0  8.7600000000e+00  4.2756467520e-13
-3.2108600972e+01  7.8774358950e+05  2.7576805258e+01  2  1.6800000000e+01  4.2822093839e-13
-9.6586528891e-01  7.8808955458e+05  1.1203143264e+00  0  8.7600000000e+00  4.2840900655e-13
-4.2075173972e-03  7.8846614300e+05  4.2551049074e-03  2  1.6800000000e+01  4.2861372170e-13
-4.4518206313e-03  7.8940587327e+05 -1.7493495237e-03  0  8.7600000000e+00  4.2912456328e-13
-6.7810356512e+02  7.8970202281e+05 -3.7409591813e+02  2  1.6800000000e+01  4.2928555150e-13
 9.1671221711e+01  7.9109161886e+05  1.2840462362e+02  0  8.7600000000e+00  4.3004094212e-13
-1.3174445677e-03  7.9297392092e+05 -2.2908496099e-03  3  3.2200000000e+01  4.3106416994e-13
 1.6869280735e+00  7.9305377779e+05  2.3987861973e+00  0  8.7600000000e+00  4.3110758049e-13
-1.8696377476e+01  7.9374545382e+05 -1.7303566248e+02  0  8.7600000000e+00  4.3148357868e-13
 3.2602642262e+01  7.9464658976e+05  3.2858305124e+01  2  1.6800000000e+01  4.3197344020e-13
 9.0584444402e+00  7.9600888400e+05 -9.2150116816e+01  1  1.2100000000e+01  4.3271398944e-13
 3.0765185325e+01  7.9623037926e+05 -2.7587593216e+02  0  8.7600000000e+00  4.3283439526e-13
-4.3182104221e+00  7.9686534755e+05  1.6010257123e+01  0  8.7600000000e+00  4.3317956686e-13
 2.8174466295e-01  7.9829531000e+05  2.7972217552e+00  0  8.7600000000e+00  4.3395690084e-13
-3.4954232333e+01  8.0048868751e+05 -1.0086545473e+02  1  1.2100000000e+01  4.3514923067e-13
-2.3093936161e-03  8.0064770963e+05 -3.9785053157e-03  1  1.2100000000e+01  4.3523567580e-13
 1.0200983866e+02  8.0151001710e+05  1.2479295630e+02  2  1.6800000000e+01  4.3570443000e-13
 3.2611587822e-03  8.0156500192e+05  2.9565208372e-04  3  3.2200000000e+01  4.3573431999e-13
-1.2359716843e+00  8.0239692283e+05  1.3502186741e+00  0  8.7600000000e+00  4.3618655592e-13
 1.3127764611e+02  8.0249627846e+05 -1.8379178470e+02  2  1.6800000000e+01  4.3624056609e-13
-9.7542884107e-04  8.0267197948e+05 -4.0325317853e-03  3  3.2200000000e+01  4.3633607795e-13
-5.4642923709e+01  8.0552932645e+05 -1.3205435524e+02  0  8.7600000000e+00  4.3788934454e-13
-4.7617160109e-03  8.0569927941e+05 -1.6099468114e-04  3  3.2200000000e+01  4.3798173173e-13
-9.8722319397e+01  8.0686218531e+05  1.5467098671e+01  1  1.2100000000e+01  4.3861389258e-13
-7.4980760874e+00  8.0690851369e+05  1.2527920504e+01  3  3.2200000000e+01  4.3863907689e-13
-7.4890302376e+01  8.0744502622e+05 -6.1193652033e+01  1  1.2100000000e+01  4.3893072750e-13
 3.8239207832e+01  8.0747734153e+05 -4.1567174127e+00  1  1.2100000000e+01  4.3894829425e-13
-4.7915505185e+01  8.1012167229e+05 -1.0111683628e+02  1  1.2100000000e+01  4.4038576428e-13
-4.8188391801e+00  8.1462570994e+05 -1.1236041752e+01  1  1.2100000000e+01  4.4283417929e-13
 1.2400198087e+02  8.1566763136e+05 -2.4744262712e+02  0  8.7600000000e+00  4.4340057243e-13
 5.7345717417e+00  8.1571009773e+05  9.8365319686e+00  1  1.2100000000e+01  4.4342365734e-13
 4.1623940967e-03  8.2647713092e+05 -2.6424170181e-03  2  1.6800000000e+01  4.4927666474e-13
 2.6985796395e+02  8.2709046144e+05 -4.7938401139e+02  0  8.7600000000e+00  4.4961007395e-13
-1.1028237995e-03  8.2713751611e+05  4.8404014017e-03  0  8.7600000000e+00  4.4963565308e-13
 2.8231059977e+00  8.2732250013e+05  1.7127185243e+00  0  8.7600000000e+00  4.4973621122e-13
 1.4440487683e+02  8.2809980756e+05 -2.1172270646e+02  0  8.7600000000e+00  4.5015875902e-13
-5.2576795492e+00  8.2906900238e+05 -9.2490452954e+00  0  8.7600000000e+00  4.5068561765e-13
-3.8395159996e+00  8.3022203113e+05 -4.1488539099e+01  1  1.2100000000e+01  4.5131240924e-13
-1.3229170194e+01  8.3309156672e+05 -3.0783547884e+01  2  1.6800000000e+01  4.5287230162e-13
 3.6059592092e+01  8.3388313133e+05 -3.0324750175e+01  2  1.6800000000e+01  4.5330259968e-13
 1.8375380444e+01  8.3410875328e+05 -1.4159027348e+01  0  8.7600000000e+00  4.5342524879e-13
 1.9709925598e+02  8.3427247837e+05  1.3704699043e+02  0  8.7600000000e+00  4.5351425048e-13
-1.2025296602e+01  8.3565790950e+05 -5.5727750545e+01  1  1.2100000000e+01  4.5426737703e-13
 2.6263578504e-03  8.4228692605e+05  1.1963924236e-03  3  3.2200000000e+01  4.5787094008e-13
-2.2325371472e-03  8.4551459861e+05 -2.2518335223e-03  3  3.2200000000e+01  4.5962551732e-13
 1.5578349404e+00  8.4721842644e+05  1.9984185968e+00  0  8.7600000000e+00  4.6055172575e-13
-1.7480430371e+00  8.4904115963e+05  1.0373525532e+01  0  8.7600000000e+00  4.6154257166e-13
 1.0876649757e+00  8.5226858790e+05 -2.7544488808e+00  0  8.7600000000e+00  4.6329701610e-13
 3.2718034465e+00  8.5236395112e+05  1.7765232916e+00  0  8.7600000000e+00  4.6334885597e-13
-2.0860787042e+01  8.5544588091e+05 -3.1123115298e+01  1  1.2100000000e+01  4.6502420679e-13
-5.5341000684e+00  8.5648343961e+05  2.4236662138e+00  0  8.7600000000e+00  4.6558822834e-13
 4.5204316658e+00  8.5888523602e+05  4.2323221292e+00  1  1.2100000000e+01  4.6689385561e-13
 3.4339899656e-03  8.5909296716e+05 -4.9306488502e-03  0  8.7600000000e+00  4.6700677919e-13
-1.6176724172e+01  8.6057849860e+05 -2.3855831971e+00  2  1.6800000000e+01  4.6781432072e-13
 5.8477393612e-04  8.6387104170e+05 -1.7044557057e-03  3  3.2200000000e+01  4.6960416188e-13
-7.7232316199e+00  8.6485079615e+05 -1.2147510680e+01  1  1.2100000000e+01  4.7013676078e-13
 8.7634946357e+00  8.6579277262e+05 -3.4985539142e+00  0  8.7600000000e+00  4.7064882340e-13
-4.0321823667e+01  8.6771609594e+05  1.9117515493e+01  0  8.7600000000e+00  4.7169435056e-13
 3.2129545082e-03  8.7465814985e+05  1.2641998712e-04  1  1.2100000000e+01  4.7546808212e-13
 2.7836475720e+01  8.7487290053e+05 -1.6937133476e+01  1  1.2100000000e+01  4.7558482154e-13
-8.6475598996e+00  8.7705083133e+05 -3.7762181333e+00  0  8.7600000000e+00  4.7676875447e-13
 2.2195316908e+01  8.7765535568e+05 -3.2061841031e+01  0  8.7600000000e+00  4.7709737661e-13
 2.9493840119e+01  8.8662221212e+05  6.7028676595e+01  0  8.7600000000e+00  4.8197179988e-13
-9.3741807157e+00  8.8731126918e+05 -1.1513786871e+01  1  1.2100000000e+01  4.8234637437e-13
 3.3776811193e+00  8.8971977619e+05 -1.2877224316e+01  3  3.2200000000e+01  4.8365564956e-13
-2.8077927429e+00  8.9031922718e+05  1.8495042970e+00  0  8.7600000000e+00  4.8398151379e-13
 3.6025422522e+00  8.9114853985e+05  1.3753304298e+01  2  1.6800000000e+01  4.8443233187e-13
-2.7036238286e+02  8.9172449556e+05 -4.0845392637e+02  2  1.6800000000e+01  4.8474542397e-13
 2.0157489234e-01  8.9268840563e+05  2.4760656359e+00  0  8.7600000000e+00  4.8526940979e-13
-1.8009773887e+02  8.9331878483e+05 -3.7184843505e+01  1  1.2100000000e+01  4.8561208675e-13
 9.9622599183e+00  8.9380282162e+05 -8.0875915331e+00  0  8.7600000000e+00  4.8587521131e-13
 4.3473412260e+01  8.9433159562e+05 -2.0145572322e+01  2  1.6800000000e+01  4.8616265522e-13
 5.2447139230e+01  8.9607521055e+05  5.6689813098e+01  1  1.2100000000e+01  4.8711049210e-13
 4.9130368256e-01  8.9741012247e+05  1.4982176005e+00  0  8.7600000000e+00  4.8783615619e-13
-1.0990900003e+02  9.0003741586e+05  1.7493793198e+01  0  8.7600000000e+00  4.8926436462e-13
-1.8719286977e+01  9.0033545462e+05 -7.1771550559e+01  0  8.7600000000e+00  4.8942637983e-13
-1.7605997178e+01  9.0221913477e+05  4.8788380691e+01  1  1.2100000000e+01  4.9045035678e-13
-1.2791245183e+02  9.0439858066e+05  1.1782545116e+02  0  8.7600000000e+00  4.9163511331e-13
-7.8110729995e+01  9.0459729084e+05  7.0100858038e+00  0  8.7600000000e+00  4.9174313306e-13
 1.2867275944e+02  9.0529667919e+05  2.2038251508e+02  0  8.7600000000e+00  4.9212332369e-13
 1.5170618377e+00  9.0814746600e+05 -4.2736971220e+00  0  8.7600000000e+00  4.9367302415e-13
-1.2229395359e+01  9.0855717874e+05 -4.4429897172e+01  0  8.7600000000e+00  4.9389574583e-13
-2.3332321665e-01  9.0885183076e+05  5.5488638298e+00  1  1.2100000000e+01  4.9405591999e-13
-6.5670347585e-01  9.0890124784e+05 -1.8647344431e+00  0  8.7600000000e+00  4.9408278333e-13
 3.2349865682e+02  9.1188596372e+05 -1.6781432677e+02  0  8.7600000000e+00  4.9570528823e-13
 4.7407235716e-03  9.1270386231e+05 -2.6589317935e-03  1  1.2100000000e+01  4.9614990157e-13
 1.1225701879e+01  9.1346215254e+05  3.9645822444e+00  0  8.7600000000e+00  4.9656211153e-13
 1.4837805006e+01  9.1372983917e+05  2.5282103917e+01  0  8.7600000000e+00  4.9670762717e-13
 2.4354209421e+02  9.1420958299e+05  1.0265848959e+02  0  8.7600000000e+00  4.9696841806e-13
-1.3134604854e+01  9.1634293784e+05 -2.2526508801e+01  1  1.2100000000e+01  4.9812811930e-13
 1.3333468774e-03  9.1684211477e+05 -4.3903149918e-04  3  3.2200000000e+01  4.9839947411e-13
 1.4039677970e+00  9.1956489083e+05  1.8499214272e+00  1  1.2100000000e+01  4.9987958736e-13
-2.0307142388e+01  9.1969061187e+05  3.4559139650e+01  2  1.6800000000e+01  4.9994792987e-13
 5.2938977612e+00  9.2056328959e+05 -6.3756227827e+00  0  8.7600000000e+00  5.0042232139e-13
-5.5511086257e-01  9.2087177692e+05 -5.1763868796e+00  1  1.2100000000e+01  5.0059001648e-13
 4.0105838924e+01  9.2436742737e+05  7.8974425340e+01  1  1.2100000000e+01  5.0249026770e-13
 1.1975933361e-03  9.2483291887e+05 -2.0488004093e-03  3  3.2200000000e+01  5.0274331096e-13
-8.3449426988e+00  9.2534094175e+05 -3.5907675603e+00  3  3.2200000000e+01  5.0301947447e-13
 5.8391323356e+01  9.2832213383e+05 -3.2028076896e+01  0  8.7600000000e+00  5.0464006381e-13
-1.3834547941e+00  9.3553283231e+05 -2.8693847759e+00  1  1.2100000000e+01  5.0855983176e-13
 1.7837135072e+01  9.3596417016e+05  1.4934910117e+00  0  8.7600000000e+00  5.0879430894e-13
-6.8740995317e+00  9.3706593812e+05 -1.7437491851e+01  2  1.6800000000e+01  5.0939323493e-13
-4.1884795852e-03  9.3911350968e+05  4.2236116245e-03  3  3.2200000000e+01  5.1050630399e-13
 6.2130760428e+00  9.4146482840e+05  8.4708261125e+01  2  1.6800000000e+01  5.1178449136e-13
-6.7059261512e+00  9.4264234347e+05 -1.0351041811e+01  0  8.7600000000e+00  5.1242459382e-13
-2.1437584356e+00  9.4271725690e+05 -1.8548604958e+00  0  8.7600000000e+00  5.1246531709e-13
-5.0754897839e+00  9.4450603296e+05 -5.8175140742e+00  2  1.6800000000e+01  5.1343770376e-13
-5.3128864718e+00  9.4474528337e+05 -5.6470598433e+00  1  1.2100000000e+01  5.1356776136e-13
-6.2875220469e+01  9.4487137889e+05  5.7703008099e+02  1  1.2100000000e+01  5.1363630744e-13
-3.1737221456e-01  9.4829451042e+05  5.0076377081e-01  0  8.7600000000e+00  5.1549713705e-13
-9.0622340193e+01  9.4899304308e+05 -1.0418963908e+02  1  1.2100000000e+01  5.1587686253e-13
-3.7594261899e-03  9.5210996348e+05 -4.6759743242e-03  0  8.7600000000e+00  5.1757123440e-13
 5.3925126429e+00  9.5240451001e+05 -4.0697398214e+01  1  1.2100000000e+01  5.1773135121e-13
-5.1193043271e+00  9.5327132115e+05  3.6686941022e+00  0  8.7600000000e+00  5.1820255362e-13
-6.4332360957e+01  9.5430908532e+05  1.5473028516e+01  0  8.7600000000e+00  5.1876668687e-13
 2.5037965191e+01  9.5490692041e+05 -5.2852449970e+00  0  8.7600000000e+00  5.1909167270e-13
-1.4206396970e+02  9.5738842939e+05 -1.1306419713e+02  0  8.7600000000e+00  5.2044063208e-13
-7.3080433574e+01  9.5764650101e+05 -5.4206076067e+01  0  8.7600000000e+00  5.2058092097e-13
-3.8685371752e+01  9.6232016826e+05  2.5418283990e+01  0  8.7600000000e+00  5.2312154738e-13
-3.8460056702e+01  9.6263854848e+05  8.0896765065e+00  0  8.7600000000e+00  5.2329462030e-13
-2.4174666403e+00  9.6331164896e+05  2.0571867349e+00  0  8.7600000000e+00  5.2366052073e-13
 4.0169232096e+02  9.6393497696e+05  6.4299053190e+02  0  8.7600000000e+00  5.2399936462e-13
 1.0168513108e+02  9.6419851498e+05  1.2184110937e+02  0  8.7600000000e+00  5.2414262506e-13
 1.3776802063e+01  9.6578725158e+05 -2.1404808416e+00  0  8.7600000000e+00  5.2500626938e-13
 3.7069174555e-01  9.6744049060e+05  2.0484140977e+00  2  1.6800000000e+01  5.2590497751e-13
 1.8172285081e+00  9.7007052234e+05 -1.0694663885e+01  1  1.2100000000e+01  5.2733467453e-13
 6.9590796554e+00  9.7079028703e+05 -1.3235743739e+00  1  1.2100000000e+01  5.2772594183e-13
-9.3963651511e+00  9.7310967177e+05 -2.1435710610e+01  0  8.7600000000e+00  5.2898676975e-13
-9.6309153893e+02  9.7523449385e+05  1.1618986526e+02  2  1.6800000000e+01  5.3014183253e-13
 8.9953325964e-04  9.7557504828e+05 -1.5445053049e-03  3  3.2200000000e+01  5.3032695945e-13
 6.2270377382e+01  9.7694137187e+05 -1.6474833945e+01  1  1.2100000000e+01  5.3106969906e-13
 7.8576150412e+00  9.7844826248e+05  9.1819508704e+00  3  3.2200000000e+01  5.3188885153e-13
 2.2501869842e+01  9.8005621433e+05  1.5431967135e+00  3  3.2200000000e+01  5.3276294135e-13
 1.4993403696e-03  9.8275957594e+05 -5.8640815578e-04  3  3.2200000000e+01  5.3423250081e-13
 5.1518758016e+01  9.8282783956e+05  7.1509045543e+01  1  1.2100000000e+01  5.3426960922e-13
 2.2415305959e-01  9.8506522195e+05 -5.3286807666e-01  0  8.7600000000e+00  5.3548586030e-13
-2.2959062149e+01  9.8706756028e+05 -4.8419665604e+02  0  8.7600000000e+00  5.3657434037e-13
 3.0928368362e+01  9.8779604877e+05  1.4682394886e+00  1  1.2100000000e+01  5.3697034997e-13
 2.9745636857e+02  9.8875602193e+05  1.2887876658e+02  1  1.2100000000e+01  5.3749219568e-13
-1.5978810882e+00  9.8968241235e+05 -3.0040695884e+00  3  3.2200000000e+01  5.3799578565e-13
-1.7583577842e+00  9.9079349137e+05 -4.7141622683e+00  2  1.6800000000e+01  5.3859977317e-13
 4.8409386961e+00  9.9095490469e+05  1.4784787081e+01  1  1.2100000000e+01  5.3868751818e-13
-1.9118074983e-01  9.9521620416e+05 -8.8525851843e-01  1  1.2100000000e+01  5.4100397963e-13
-1.0998878293e+01  9.9681239625e+05  2.7376537282e+01  2  1.6800000000e+01  5.4187167679e-13
 1.1230916221e+02  1.0004138081e+06 -1.1170999504e+02  2  1.6800000000e+01  5.4382942040e-13