 x                 y                 z               Event            Energy              Time
 4.8092093783e-03  1.6444840959e+03 -1.6179781159e-03  3  3.2200000000e+01  1.0827223751e-15
-6.1129831436e+00  2.9075795671e+03 -3.2316130199e+00  1  1.2100000000e+01  1.9143398604e-15
-3.3581931555e-03  3.2494170615e+03 -1.1523652431e-03  0  8.7600000000e+00  2.1394044291e-15
-7.6912345324e+00  9.3757727995e+03  2.6106998081e+00  2  1.6800000000e+01  6.1729748672e-15
 9.3856014993e+00  9.4618751566e+03  9.9894316173e-01  0  8.7600000000e+00  6.2296643474e-15
-1.7847719377e+01  9.9144657877e+03  1.2954513584e+01  1  1.2100000000e+01  6.5276483804e-15
 3.5713792177e+00  1.0198915463e+04 -3.4777170401e+00  1  1.2100000000e+01  6.7149290166e-15
 9.2085390026e-01  1.0274627040e+04 -8.7341783473e-02  0  8.7600000000e+00  6.7647772449e-15
 5.3554161448e-01  1.1538485004e+04  1.5228705304e+00  0  8.7600000000e+00  7.5968967525e-15
 1.5430650731e+01  1.1620022333e+04 -5.9317340151e+00  1  1.2100000000e+01  7.6505806347e-15
 7.6740862073e+00  1.3746822608e+04  2.2069099897e+01  3  3.2200000000e+01  9.0508582363e-15
 1.5863153028e+01  1.3776867570e+04 -3.1228342659e+01  0  8.7600000000e+00  9.0706397302e-15
-9.0282709202e-01  1.4958556546e+04  1.1573185339e+00  1  1.2100000000e+01  9.8486594744e-15
-1.3932818695e+02  1.4997012487e+04 -3.0813302041e+01  1  1.2100000000e+01  9.8739787266e-15
 2.7209651136e+00  1.5563745480e+04  1.4984471534e+00  2  1.6800000000e+01  1.0247113677e-14
 2.1973586582e-03  1.5675246637e+04  1.0069677541e-03  3  3.2200000000e+01  1.0320525635e-14
 5.9340286246e-01  1.7358221239e+04  1.7372310181e-01  0  8.7600000000e+00  1.1428590020e-14
-7.8271172289e+00  1.7825828780e+04 -3.0822360015e+00  0  8.7600000000e+00  1.1736461132e-14
 4.1070432677e-03  2.0014672424e+04 -2.9237990398e-03  3  3.2200000000e+01  1.3177587863e-14
 4.0378792726e+00  2.0161583287e+04  2.0315860119e+01  1  1.2100000000e+01  1.3274313444e-14
-2.9046125491e-04  2.1327993597e+04 -1.7823112229e-03  1  1.2100000000e+01  1.4042273769e-14
 1.6943545925e+02  2.2017327836e+04 -5.5865639067e+02  0  8.7600000000e+00  1.4496128936e-14
-4.2401107953e+00  2.2203720565e+04  4.4962057357e+00  0  8.7600000000e+00  1.4618849234e-14
-1.3370947053e+01  2.5872387756e+04  1.0287124475e+02  0  8.7600000000e+00  1.7034286430e-14
 1.1188035778e+02  2.8275975823e+04 -8.3983575525e+00  1  1.2100000000e+01  1.8616800111e-14
 4.6952770509e-03  2.8503850483e+04  3.5213949292e-03  0  8.7600000000e+00  1.8766831963e-14
 4.0534664441e+01  2.8531754366e+04  1.1284059258e+01  0  8.7600000000e+00  1.8785203779e-14
 4.0845743935e-03  2.9110784824e+04 -5.5816841571e-04  3  3.2200000000e+01  1.9166435336e-14
-3.1676154404e+00  2.9513446731e+04 -5.2759924187e-01  1  1.2100000000e+01  1.9431546477e-14
 3.6792465978e+01  2.9899181797e+04 -5.4904141829e+01  0  8.7600000000e+00  1.9685513048e-14
-1.1365627666e-03  3.0464031245e+04 -2.2104177564e-03  3  3.2200000000e+01  2.0057407880e-14
-4.9123253929e-04  3.0718549643e+04  3.8547121495e-03  1  1.2100000000e+01  2.0224981871e-14
-7.0844664594e+00  3.0894411866e+04 -3.1195872707e+01  2  1.6800000000e+01  2.0340768923e-14
-1.3233532850e+01  3.1985459464e+04  1.2366548582e+01  3  3.2200000000e+01  2.1059110711e-14
 3.3908368264e+01  3.3444334653e+04 -7.1483364102e+00  1  1.2100000000e+01  2.2019628854e-14
 8.3589804998e-01  3.4385759624e+04 -1.0465265810e+00  0  8.7600000000e+00  2.2639459647e-14
 4.3946602859e+01  3.5812848322e+04 -5.6152568899e+01  0  8.7600000000e+00  2.3579049679e-14
 2.3855074032e+01  3.7003821438e+04 -7.6318610324e+00  0  8.7600000000e+00  2.4363182066e-14
-3.8529029111e-03  3.7677806424e+04  4.2607736584e-03  3  3.2200000000e+01  2.4806931341e-14
 8.2287686682e-04  3.7836868893e+04  9.1500717724e-05  1  1.2100000000e+01  2.4911657495e-14
 2.0504467390e+00  3.7959600480e+04 -2.5724452764e+00  0  8.7600000000e+00  2.4992463528e-14
 8.2158463027e+00  3.9926459505e+04 -8.5088881841e-01  0  8.7600000000e+00  2.6287436388e-14
 7.0243782925e+00  4.4627482337e+04 -7.2365862681e+00  0  8.7600000000e+00  2.9382572802e-14
-2.1474372210e-03  4.5417697811e+04 -1.9773729038e-03  3  3.2200000000e+01  2.9902847809e-14
 1.2138140294e+02  4.6370795560e+04  4.8074694179e+01  0  8.7600000000e+00  3.0530363916e-14
 1.3007784487e+01  4.6526790827e+04 -1.2562818184e+00  1  1.2100000000e+01  3.0633070635e-14
-3.5009399060e+00  4.6920207129e+04  2.6416553510e+00  1  1.2100000000e+01  3.0892094504e-14
-1.3289156221e+01  4.8446344446e+04  8.2994983667e+00  1  1.2100000000e+01  3.1896897788e-14
 2.7476521891e+01  4.8451488034e+04 -2.5896950426e+01  2  1.6800000000e+01  3.1900284308e-14
 7.9639973630e-01  5.1216894881e+04  4.7050571067e+00  1  1.2100000000e+01  3.3721018164e-14
-2.5655574733e+00  5.3311906208e+04  5.1812527950e+00  3  3.2200000000e+01  3.5100366037e-14
-6.2326726096e+00  5.5517430338e+04  5.1550212419e+00  1  1.2100000000e+01  3.6552475139e-14
-1.0681550951e+01  5.5674723728e+04  2.1767066229e-01  1  1.2100000000e+01  3.6656036538e-14
 1.1774362555e+01  5.6057741143e+04  1.9092183966e+00  2  1.6800000000e+01  3.6908213818e-14
 1.1800745995e+02  5.9125556065e+04 -2.8597196288e+01  0  8.7600000000e+00  3.8928052055e-14
 2.6652896223e+01  6.0616612674e+04 -2.4632367001e+01  0  8.7600000000e+00  3.9909758329e-14
 1.8197097425e+00  6.5032032128e+04  2.3272645766e+00  1  1.2100000000e+01  4.2816854512e-14
 5.5982307183e+00  6.6421555562e+04 -7.4786135291e+01  0  8.7600000000e+00  4.3731711710e-14
-3.7063947035e-03  6.6988486867e+04 -3.3757809915e-03  2  1.6800000000e+01  4.4104977229e-14
-2.5962542149e+01  6.6997953198e+04  8.2701134801e+01  2  1.6800000000e+01  4.4111209827e-14
 2.9689963546e+00  6.7208438883e+04 -1.3602432159e+00  0  8.7600000000e+00  4.4249792839e-14
 3.2488766398e-03  6.7805623972e+04  3.8696844079e-03  2  1.6800000000e+01  4.4642977340e-14
-2.2141565509e-03  6.8727213595e+04 -3.3291513232e-03  3  3.2200000000e+01  4.5249748612e-14
 4.3903270330e+00  6.9883528950e+04 -7.9435298898e-01  1  1.2100000000e+01  4.6011062455e-14
 1.4073449589e+00  7.1765976401e+04 -1.9013059679e+00  2  1.6800000000e+01  4.7250459041e-14
-9.2571924307e-01  7.2966539703e+04 -2.5017147954e+00  1  1.2100000000e+01  4.8040905573e-14
 9.0631546474e-01  7.3692155047e+04 -8.1113178574e-01  2  1.6800000000e+01  4.8518648089e-14
 4.4965935887e+01  7.4927324846e+04 -1.5628297242e+02  1  1.2100000000e+01  4.9331879413e-14
 4.9976670949e-01  7.5178955858e+04  3.7036214036e+00  1  1.2100000000e+01  4.9497552360e-14
-5.0411840995e+00  7.6184262605e+04  3.5231834894e+00  1  1.2100000000e+01  5.0159442682e-14
 4.7899945865e+00  7.9355647297e+04  1.2925727183e+00  0  8.7600000000e+00  5.2247470882e-14
 2.1124197024e+00  8.0919940201e+04 -4.8776187466e+00  2  1.6800000000e+01  5.3277395667e-14
-8.4441005043e+00  8.1594057582e+04  3.3824997433e+01  2  1.6800000000e+01  5.3721232110e-14
-4.0938200092e+00  8.2123875209e+04  2.0446945874e+00  0  8.7600000000e+00  5.4070062117e-14
-1.3436495498e+00  8.2507370868e+04 -3.7652238025e+00  0  8.7600000000e+00  5.4322554270e-14
-8.5799209619e+01  8.3661481920e+04  4.3936724128e+02  0  8.7600000000e+00  5.5082416809e-14
 1.4860038233e+01  8.3764779409e+04 -1.9736485576e+00  1  1.2100000000e+01  5.5150427501e-14
-1.6308745885e+01  8.4547606164e+04  9.8898222331e+01  2  1.6800000000e+01  5.5665837803e-14
 2.7431283746e+00  8.5149643869e+04 -3.6180386500e+00  1  1.2100000000e+01  5.6062217248e-14
 7.5022169534e+01  8.6298226402e+04 -1.4741907401e+02  0  8.7600000000e+00  5.6818439830e-14
-2.8495659858e+01  8.8107861540e+04 -1.9670933984e+01  2  1.6800000000e+01  5.8009897053e-14
-3.6235860236e+00  8.9570509130e+04  4.5685628374e-01  0  8.7600000000e+00  5.8972898931e-14
 4.5908381049e-01  8.9798089300e+04  2.4735976596e-01  0  8.7600000000e+00  5.9122736891e-14
-3.4578270016e+00  9.2539509065e+04  4.1939560717e+00  1  1.2100000000e+01  6.0927677739e-14
-1.0983708958e+01  9.4325331309e+04  4.0202659000e+01  2  1.6800000000e+01  6.2103456639e-14
 3.5251701775e+01  9.9376409000e+04 -8.4627109805e-01  2  1.6800000000e+01  6.5429067904e-14
-2.0099292993e+00  1.0228734772e+05 -3.6873072122e+00  0  8.7600000000e+00  6.7345619416e-14
-3.0881695670e+00  1.0326730615e+05 -1.0762799111e+00  0  8.7600000000e+00  6.7990820500e-14
-1.2718608671e+01  1.0342967878e+05  1.9602067432e+01  0  8.7600000000e+00  6.8097726052e-14
 2.5354640673e+01  1.0750990587e+05  5.1693987747e+01  2  1.6800000000e+01  7.0784132800e-14
 2.2756785708e+00  1.0767213396e+05 -1.4792497179e-01  0  8.7600000000e+00  7.0890943185e-14
 4.7862081097e+01  1.0787117570e+05  5.1121841704e+01  0  8.7600000000e+00  7.1021991548e-14
 1.6400996838e+01  1.0854675491e+05 -6.5958410179e+01  0  8.7600000000e+00  7.1466790454e-14
-2.7501955393e+00  1.0861550538e+05  4.3797302865e+00  1  1.2100000000e+01  7.1512055510e-14
 4.8754573847e+01  1.0942645479e+05  1.2181799124e+02  1  1.2100000000e+01  7.2045981666e-14
-1.1340204898e+01  1.0950627766e+05 -8.4430981703e+00  1  1.2100000000e+01  7.2098536756e-14
 5.5206620527e+00  1.1241655197e+05 -7.2915639996e+01  0  8.7600000000e+00  7.4014650825e-14
 1.2218791954e+00  1.1282175974e+05 -4.8764128105e+00  1  1.2100000000e+01  7.4281438151e-14
-3.0462893322e-03  1.1328402527e+05  1.0151931671e-03  0  8.7600000000e+00  7.4585792106e-14
 2.8200299657e+00  1.1501563448e+05  2.6510170215e+01  1  1.2100000000e+01  7.5725877339e-14
 2.6287848476e+01  1.1619086635e+05  3.7784182414e+01  2  1.6800000000e+01  7.6499645747e-14
-4.4862928157e+00  1.1644337783e+05 -1.4219075650e+01  0  8.7600000000e+00  7.6665898390e-14
 5.2029371566e-01  1.1767647826e+05  7.0165604510e-01  1  1.2100000000e+01  7.7477767250e-14
 3.5183937883e+01  1.1828393228e+05  4.7458961160e+01  0  8.7600000000e+00  7.7877712781e-14
 2.3515602841e-03  1.1938828813e+05  2.6736945602e-03  1  1.2100000000e+01  7.8604816672e-14
-3.2155275197e-03  1.2153411178e+05 -3.3710233301e-03  0  8.7600000000e+00  8.0017619194e-14
-2.4362728231e+00  1.2353366234e+05 -2.4030750365e+00  1  1.2100000000e+01  8.1334116045e-14
 3.2108913633e-03  1.2404024402e+05 -4.5488568626e-03  1  1.2100000000e+01  8.1667647586e-14
 1.5744815970e+01  1.2414351810e+05 -7.3957319833e+01  2  1.6800000000e+01  8.1735642872e-14
 6.5810512715e+00  1.2548228140e+05  1.1902083195e+01  0  8.7600000000e+00  8.2617079776e-14
-2.6372898964e-03  1.2694471029e+05 -4.9312894419e-03  3  3.2200000000e+01  8.3579937662e-14
 2.6878370123e+01  1.2738447564e+05 -2.3797913949e+01  1  1.2100000000e+01  8.3869477583e-14
 3.0551872681e+00  1.2855293257e+05  8.0234664246e+01  3  3.2200000000e+01  8.4638785392e-14
 8.0542532300e-01  1.3032951147e+05  1.2332972843e+00  1  1.2100000000e+01  8.5808478511e-14
-9.3865880381e+01  1.3186885936e+05 -3.7814791365e+02  0  8.7600000000e+00  8.6821979587e-14
 1.5147264534e+01  1.3280979415e+05  5.3971308139e+00  1  1.2100000000e+01  8.7441487642e-14
-2.4825059710e+00  1.3488529575e+05 -1.9605226878e+00  1  1.2100000000e+01  8.8807990387e-14
 9.5487398575e+00  1.3499624731e+05  1.9809333609e+01  0  8.7600000000e+00  8.8881040488e-14
 1.9460192936e+01  1.3508322377e+05 -1.4246804284e+01  1  1.2100000000e+01  8.8938305477e-14
-7.5605577211e+00  1.3596680419e+05  1.4099845131e+00  1  1.2100000000e+01  8.9520051623e-14
 1.2215140495e+00  1.3922043835e+05  8.2020899307e+00  1  1.2100000000e+01  9.1662232576e-14
 3.3967986598e+00  1.3970128748e+05 -7.4088825089e-02  3  3.2200000000e+01  9.1978821900e-14
-2.5158736117e+00  1.4060294678e+05  1.0268234518e+00  2  1.6800000000e+01  9.2572471119e-14
 2.7379303560e+02  1.4259435746e+05  1.3329661629e+02  2  1.6800000000e+01  9.3883608704e-14
-1.5791374107e+01  1.4276251104e+05 -2.5025421640e+01  0  8.7600000000e+00  9.3994320413e-14
-1.9858260934e+00  1.4280801471e+05  1.0536997285e+00  0  8.7600000000e+00  9.4024279864e-14
-3.2964890376e+00  1.4412371608e+05  5.9309779414e+00  0  8.7600000000e+00  9.4890532880e-14
-1.8164919931e-04  1.4437509772e+05 -2.9780927338e-03  0  8.7600000000e+00  9.5056041643e-14
-1.3533521211e+02  1.4562916077e+05 -2.6429933187e+00  2  1.6800000000e+01  9.5881712214e-14
 8.4384240677e+01  1.4676791373e+05  8.0941425417e+01  2  1.6800000000e+01  9.6631463045e-14
 2.1061958974e+01  1.4961455140e+05 -4.2596457241e+00  1  1.2100000000e+01  9.8505678977e-14
 4.2556096721e+00  1.5011862049e+05 -1.0259951225e+01  0  8.7600000000e+00  9.8837556242e-14
 3.6975136786e+01  1.5053909764e+05  1.5115701143e+00  0  8.7600000000e+00  9.9114396878e-14
 5.5698052614e+00  1.5086854073e+05 -8.8955458434e+00  1  1.2100000000e+01  9.9331301011e-14
 7.9704766300e+00  1.5155666222e+05  9.5805205813e-01  2  1.6800000000e+01  9.9784357710e-14
 1.0782604700e+02  1.5247129295e+05  1.4726010952e+01  2  1.6800000000e+01  1.0038654727e-13
 1.5544419391e+00  1.5474863074e+05 -2.5061169623e+00  0  8.7600000000e+00  1.0188593823e-13
-2.5229392088e+00  1.5554955893e+05 -1.7420022644e+00  0  8.7600000000e+00  1.0241326645e-13
 3.3115690905e+01  1.5609048134e+05 -1.4849106984e+02  2  1.6800000000e+01  1.0276940780e-13
 4.3061542937e+00  1.5645829465e+05  8.2060703479e-01  0  8.7600000000e+00  1.0301157476e-13
-5.2654050877e+00  1.5647434956e+05 -8.1068561634e+00  2  1.6800000000e+01  1.0302214525e-13
 1.2702898152e+02  1.5723913559e+05  5.1859957344e+02  0  8.7600000000e+00  1.0352567760e-13
 7.1893320840e+01  1.5853316849e+05  1.9190306868e+02  0  8.7600000000e+00  1.0437766418e-13
-2.8045763112e-03  1.5869036205e+05  3.4859381749e-03  3  3.2200000000e+01  1.0448115985e-13
-1.5590608191e+00  1.5874176267e+05  5.2852795224e-01  1  1.2100000000e+01  1.0451500183e-13
 6.8142930398e-01  1.5907478470e+05 -2.4748641228e+01  0  8.7600000000e+00  1.0473426233e-13
 5.0853445675e+01  1.6087274344e+05  7.8900182830e+01  2  1.6800000000e+01  1.0591803186e-13
-4.2662957080e+00  1.6216547460e+05  1.4146283475e+02  0  8.7600000000e+00  1.0676916137e-13
-1.5206361922e+00  1.6378085827e+05  1.9313824492e+00  0  8.7600000000e+00  1.0783272414e-13
 4.0258320083e+01  1.6382475962e+05  2.3992712170e+01  1  1.2100000000e+01  1.0786162862e-13
 5.9057417706e-01  1.6575509720e+05 -2.0051223099e+00  2  1.6800000000e+01  1.0913255590e-13
 1.3929868577e+02  1.6599327333e+05 -8.5062319210e+01  0  8.7600000000e+00  1.0928937020e-13
 4.8310511168e+02  1.6663368618e+05 -3.3891123498e+01  2  1.6800000000e+01  1.0971101570e-13
-2.3479552221e+00  1.6819869087e+05 -3.0306316931e+00  3  3.2200000000e+01  1.1074140912e-13
 1.3204203880e+01  1.6832489082e+05 -3.2979418621e+00  2  1.6800000000e+01  1.1082449871e-13
 8.5586306663e+01  1.6936444613e+05  9.0096888956e+01  0  8.7600000000e+00  1.1150893817e-13
 5.7784173922e+00  1.7013070498e+05 -6.6984619078e+00  2  1.6800000000e+01  1.1201344022e-13
 5.6969172115e+01  1.7017189963e+05  1.1723299991e+01  0  8.7600000000e+00  1.1204056263e-13
 9.7922043708e+00  1.7095978786e+05  1.4227619505e+00  2  1.6800000000e+01  1.1255930539e-13
 1.1669992684e+01  1.7096852153e+05 -2.6006946869e+01  0  8.7600000000e+00  1.1256505560e-13
-1.3271658005e+01  1.7110057346e+05  1.1404688498e+01  0  8.7600000000e+00  1.1265199811e-13
 1.1303642203e+00  1.7132029728e+05 -1.3527906592e+00  2  1.6800000000e+01  1.1279666348e-13
 4.2791734145e+00  1.7169784124e+05 -7.7741152355e+00  1  1.2100000000e+01  1.1304523706e-13
-1.8370948531e-03  1.7316328338e+05  3.9468041057e-03  0  8.7600000000e+00  1.1401007886e-13
 8.8567986985e-01  1.7342174588e+05  1.3310238549e+00  0  8.7600000000e+00  1.1418024963e-13
-1.7206716370e+02  1.7514562688e+05 -1.2312673004e+01  0  8.7600000000e+00  1.1531524664e-13
 1.1894329522e+01  1.7702797754e+05 -3.2549449805e+01  3  3.2200000000e+01  1.1655457950e-13
 3.9366052574e-03  1.7793824409e+05  2.5245614292e-03  1  1.2100000000e+01  1.1715389570e-13
-1.0194993720e+02  1.7922119707e+05  2.0669286753e+01  0  8.7600000000e+00  1.1799858730e-13
 9.1826939779e+00  1.8006401942e+05  1.2266722734e+01  0  8.7600000000e+00  1.1855349849e-13
 5.7252450819e+01  1.8016341341e+05 -9.8717704956e+00  0  8.7600000000e+00  1.1861893913e-13
 1.3424984969e+02  1.8065945316e+05 -3.7537149635e+01  0  8.7600000000e+00  1.1894552990e-13
 2.0372888707e+01  1.8400299566e+05  3.6661722566e+01  0  8.7600000000e+00  1.2114690618e-13
 1.7158174322e+00  1.8455264538e+05 -2.7058302289e+02  2  1.6800000000e+01  1.2150879357e-13
 8.6162532224e+01  1.8913640794e+05 -3.3522693672e+02  0  8.7600000000e+00  1.2452672624e-13
-1.4494100563e+01  1.8986683885e+05  1.3881839244e+02  0  8.7600000000e+00  1.2500763931e-13
-7.8248343714e+00  1.9169688980e+05 -6.6902410238e+00  0  8.7600000000e+00  1.2621253823e-13
-4.0814412996e+01  1.9374989598e+05  6.7073348318e+01  0  8.7600000000e+00  1.2756423006e-13
-2.2465420437e+00  1.9383392329e+05 -3.2142570974e+00  0  8.7600000000e+00  1.2761955334e-13
 2.8507162429e+00  1.9676575300e+05  3.5920481737e+00  1  1.2100000000e+01  1.2954985941e-13
 7.2840261791e+00  1.9710970198e+05  1.2626411964e+01  1  1.2100000000e+01  1.2977631417e-13
 2.9991869702e+00  1.9763179032e+05  6.0969639588e+00  3  3.2200000000e+01  1.3012005524e-13
 1.2317656482e+00  1.9772973554e+05  2.0287387406e+00  1  1.2100000000e+01  1.3018454202e-13
-7.5607782724e+00  1.9839453605e+05 -5.1242619121e+00  1  1.2100000000e+01  1.3062224427e-13
 8.9697209356e+00  1.9958173064e+05  6.2094310065e+01  0  8.7600000000e+00  1.3140388889e-13
 1.3140455630e+02  1.9959199889e+05  4.1939105540e+01  0  8.7600000000e+00  1.3141064947e-13
 3.0394014218e-04  1.9984007440e+05 -1.6780303683e-03  1  1.2100000000e+01  1.3157398148e-13
-3.7282792772e+00  2.0079663355e+05  9.1716419612e-01  2  1.6800000000e+01  1.3220377657e-13
 2.6185496344e+00  2.0104067552e+05  6.1183529950e+00  1  1.2100000000e+01  1.3236445292e-13
-5.3445890152e+01  2.0374459067e+05  1.9839755535e+01  1  1.2100000000e+01  1.3414470086e-13
-1.4705445446e+01  2.0381140812e+05  6.6500273812e+01  1  1.2100000000e+01  1.3418869323e-13
-1.7322050980e+01  2.0466137459e+05 -1.3832433468e+01  2  1.6800000000e+01  1.3474830808e-13
 7.4589524364e+01  2.0487194096e+05  1.3278465720e+02  0  8.7600000000e+00  1.3488694421e-13
 3.3623161886e+00  2.0498893647e+05 -1.2717141023e+00  2  1.6800000000e+01  1.3496397363e-13
-2.6563992853e-03  2.0615756858e+05  3.8972126222e-03  2  1.6800000000e+01  1.3573339678e-13
 4.5254087329e-04  2.0655652052e+05 -4.1455425318e-03  4  4.0000000000e+01  1.3599606530e-13
 4.1192212028e+01  2.0835567226e+05  8.3777119164e+00  0  8.7600000000e+00  1.3718062029e-13
-4.1333320919e-03  2.0882603182e+05  1.0875312454e-03  3  3.2200000000e+01  1.3749030332e-13
 3.7783599266e+01  2.1173042995e+05 -1.0991986616e+02  0  8.7600000000e+00  1.3940254853e-13
 3.8593548772e-01  2.1178528105e+05 -2.9300400555e+00  0  8.7600000000e+00  1.3943866230e-13
 3.1936039383e-01  2.1304494643e+05  6.5595734813e+00  0  8.7600000000e+00  1.4026802143e-13
-1.8623593295e-03  2.1362724682e+05 -6.7325138285e-04  3  3.2200000000e+01  1.4065140589e-13
 6.3257248030e+00  2.1408344555e+05 -1.4662711206e+01  1  1.2100000000e+01  1.4095176548e-13
 4.0902318130e+01  2.1453344678e+05  4.3622480240e+00  2  1.6800000000e+01  1.4124804467e-13
 3.4832856311e+00  2.1466304754e+05 -1.0508585165e+00  0  8.7600000000e+00  1.4133337333e-13
 1.1904617668e+01  2.1573467138e+05  3.5895225189e+01  0  8.7600000000e+00  1.4203892659e-13
 4.6640083658e-03  2.1961212595e+05 -2.0113962083e-03  2  1.6800000000e+01  1.4459182864e-13
-5.2483310698e+00  2.1983805197e+05  5.4074974481e+00  2  1.6800000000e+01  1.4474057752e-13
 5.5627600488e+00  2.2135987894e+05  5.9700586569e+00  0  8.7600000000e+00  1.4574254288e-13
 6.4616257823e+00  2.2151241075e+05 -7.7725782843e-01  1  1.2100000000e+01  1.4584296928e-13
-9.9652555532e+00  2.2218694149e+05 -2.8240113109e+01  0  8.7600000000e+00  1.4628707787e-13
-5.9517543682e+01  2.2220990577e+05 -8.9078616298e+01  0  8.7600000000e+00  1.4630219747e-13
 1.6761291475e+00  2.2221055534e+05  2.0201211299e+00  3  3.2200000000e+01  1.4630262515e-13
-1.1907801203e+01  2.2326872617e+05 -7.3666053253e+00  0  8.7600000000e+00  1.4699932099e-13
 5.0366009794e+00  2.2331690952e+05  1.2097676089e+00  0  8.7600000000e+00  1.4703104473e-13
-1.7385447705e+01  2.2439399266e+05  4.2621782303e+01  0  8.7600000000e+00  1.4774019237e-13
-1.1427576303e+01  2.2493790004e+05 -2.9850693340e+01  0  8.7600000000e+00  1.4809829902e-13
-4.6734879804e+00  2.2788060733e+05 -5.6236279250e+00  0  8.7600000000e+00  1.5003576685e-13
-1.5507589816e+02  2.2801986546e+05  1.4036727524e+02  0  8.7600000000e+00  1.5012745390e-13
 1.4810375911e+02  2.2911923577e+05  1.5547593030e+02  0  8.7600000000e+00  1.5085127533e-13
 2.3967434704e+00  2.3262236144e+05 -1.4645689161e+00  1  1.2100000000e+01  1.5315772059e-13
 7.2420579246e+01  2.3324243963e+05 -9.0238039022e+01  0  8.7600000000e+00  1.5356597782e-13
 1.6800130785e+02  2.3325645808e+05  2.9522962595e+02  0  8.7600000000e+00  1.5357520752e-13
-3.9639398421e-01  2.3351666273e+05 -5.2514032667e-02  0  8.7600000000e+00  1.5374652532e-13
-6.7519167993e+00  2.3441988339e+05 -1.1698362492e+01  0  8.7600000000e+00  1.5434120253e-13
 4.4639268049e-03  2.3452371590e+05 -4.7821894799e-03  0  8.7600000000e+00  1.5440956548e-13
-2.3303411241e+01  2.3638105953e+05  8.1900180118e+01  0  8.7600000000e+00  1.5563243380e-13
-4.2585891435e-03  2.3660562407e+05 -4.1077351333e-03  0  8.7600000000e+00  1.5578028628e-13
 1.0686063026e+01  2.3774270690e+05  2.7910453513e+01  2  1.6800000000e+01  1.5652893750e-13
-1.7691638142e+01  2.3944364417e+05 -5.4690320157e+00  2  1.6800000000e+01  1.5764882844e-13
 4.0784965543e+01  2.4326124968e+05  2.0979771751e+01  2  1.6800000000e+01  1.6016232609e-13
-7.0331371562e+00  2.4371010618e+05 -2.6272115704e+00  0  8.7600000000e+00  1.6045785158e-13
 1.2518079231e+01  2.4406007078e+05 -6.1903157931e+01  3  3.2200000000e+01  1.6068826701e-13
-4.4279145095e+00  2.4504753405e+05  2.6375605396e+00  0  8.7600000000e+00  1.6133840925e-13
 4.6647175360e+01  2.4765484353e+05 -8.8300772966e+00  2  1.6800000000e+01  1.6305505238e-13
-1.0998370015e+00  2.4843345756e+05  7.2015515000e-01  0  8.7600000000e+00  1.6356768903e-13
 5.2626420001e+01  2.5113743944e+05  1.7473228107e+02  0  8.7600000000e+00  1.6534798091e-13
-2.7303265866e+00  2.5410674094e+05  7.7704839229e+00  0  8.7600000000e+00  1.6730295827e-13
-1.2555581152e+01  2.5548869288e+05 -4.2251118875e+01  2  1.6800000000e+01  1.6821283042e-13
 9.6839560837e+00  2.5567216545e+05 -8.8736326248e+01  2  1.6800000000e+01  1.6833362810e-13
 8.0957883395e-02  2.5678227436e+05  4.0936892766e+00  1  1.2100000000e+01  1.6906451979e-13
-1.8607356347e-01  2.5764904902e+05 -1.0366567808e+00  1  1.2100000000e+01  1.6963520109e-13
 2.2912034982e+00  2.5838192735e+05  3.6015470005e+00  1  1.2100000000e+01  1.7011772552e-13
-3.6446850226e+01  2.5920386574e+05  1.2624882747e+01  2  1.6800000000e+01  1.7065888678e-13
 3.2364214603e+01  2.5948950145e+05  7.2854457412e+00  0  8.7600000000e+00  1.7084694830e-13
-1.0657122069e+01  2.5974872742e+05  9.1739969654e-01  0  8.7600000000e+00  1.7101762174e-13
-2.7396386993e+01  2.6020812234e+05 -5.5810181266e+00  0  8.7600000000e+00  1.7132008570e-13
 1.2258816108e+01  2.6075741402e+05  1.3123794704e+02  0  8.7600000000e+00  1.7168173734e-13
 1.2956143852e-03  2.6224843308e+05 -4.6090282172e-03  3  3.2200000000e+01  1.7266341890e-13
-3.9372464916e-03  2.6318802661e+05 -3.3017849542e-03  0  8.7600000000e+00  1.7328204388e-13
 1.0862113911e+00  2.6656309148e+05  1.0363193544e+00  1  1.2100000000e+01  1.7550417436e-13
-1.5833008465e+02  2.6743542700e+05  5.5347951132e-01  0  8.7600000000e+00  1.7607851692e-13
 8.5625332394e-01  2.6785072449e+05  1.6752768784e+00  0  8.7600000000e+00  1.7635194728e-13
-2.8668817864e+01  2.6894822929e+05 -1.7470409469e+01  2  1.6800000000e+01  1.7707454046e-13
-7.6987224716e+00  2.6967115321e+05 -1.8963129769e+01  2  1.6800000000e+01  1.7755051096e-13
 8.4488959744e+00  2.7081205824e+05 -3.5820428980e-01  1  1.2100000000e+01  1.7830167870e-13
 1.3375578260e+01  2.7089428131e+05 -2.8579400545e+01  1  1.2100000000e+01  1.7835581407e-13
 4.6470639664e-01  2.7160803643e+05  4.1098971387e+00  1  1.2100000000e+01  1.7882574786e-13
-3.0997248078e-03  2.7164419132e+05  2.9251549197e-03  1  1.2100000000e+01  1.7884955210e-13
-1.0190291618e+01  2.7257405436e+05 -3.9756743991e-01  2  1.6800000000e+01  1.7946177057e-13
 1.6772281448e+00  2.7363056293e+05  5.5549309349e+00  3  3.2200000000e+01  1.8015737198e-13
-1.0040070388e+01  2.7365434257e+05 -8.2307776881e+01  0  8.7600000000e+00  1.8017302841e-13
 5.2186908152e+01  2.7479272229e+05 -8.6612615281e-01  2  1.6800000000e+01  1.8092253350e-13
 8.5065801307e-01  2.7642683243e+05 -3.7856173595e+00  1  1.2100000000e+01  1.8199842570e-13
 3.0787354187e-03  2.7766968547e+05  4.3061813243e-03  0  8.7600000000e+00  1.8281671564e-13
-1.3893976311e+01  2.7874349977e+05 -1.2284825207e+01  3  3.2200000000e+01  1.8352371109e-13
 2.9896856385e+01  2.7905688919e+05  9.7083369670e+01  0  8.7600000000e+00  1.8373004555e-13
 7.4365524862e+02  2.8059061804e+05  5.0960614974e+02  0  8.7600000000e+00  1.8473984707e-13
 7.6575161878e+00  2.8189107938e+05 -8.6080800727e+00  2  1.6800000000e+01  1.8559606611e-13
-3.1521883900e+01  2.8267145114e+05  7.5571132419e+00  2  1.6800000000e+01  1.8610986005e-13
-2.8071959498e+00  2.8289493223e+05 -3.4403290938e+00  0  8.7600000000e+00  1.8625699919e-13
 3.4578413230e+01  2.8294509254e+05 -2.5597560510e+01  2  1.6800000000e+01  1.8629002456e-13
 1.3510095089e+01  2.8466254949e+05 -5.9307958171e+01  0  8.7600000000e+00  1.8742079199e-13
 3.9895178932e-03  2.8509411318e+05  1.8272305358e-03  3  3.2200000000e+01  1.8770493197e-13
-2.8301198206e+01  2.8571044442e+05 -3.6084650511e+00  1  1.2100000000e+01  1.8811072222e-13
-5.0640781362e+01  2.8838600990e+05  1.6641181504e+02  1  1.2100000000e+01  1.8987230485e-13
-6.4747737646e+00  2.8878279197e+05  2.0833009155e+00  2  1.6800000000e+01  1.9013354472e-13
-3.3293747354e+00  2.9025794632e+05 -6.4270822621e-01  0  8.7600000000e+00  1.9110478101e-13
-7.8903821294e-01  2.9268660149e+05 -8.6239506832e-01  0  8.7600000000e+00  1.9270379878e-13
 2.6361574198e-04  2.9367392521e+05  5.8977550622e-04  0  8.7600000000e+00  1.9335384914e-13
 1.3402711330e-01  2.9439278491e+05 -2.9997635696e+00  0  8.7600000000e+00  1.9382714377e-13
-6.6307049795e+00  2.9807790434e+05  6.9677386058e+00  2  1.6800000000e+01  1.9625341306e-13
-4.5158326232e+01  3.0007446112e+05 -3.5878390608e+01  0  8.7600000000e+00  1.9756793881e-13
 4.7783802186e+00  3.0159200181e+05  5.7338606498e+00  2  1.6800000000e+01  1.9856708211e-13
 4.5549758070e+00  3.0230662599e+05 -3.4655299785e+01  0  8.7600000000e+00  1.9903758808e-13
-3.7935108514e+01  3.0310000570e+05  1.2205377873e+01  2  1.6800000000e+01  1.9955994641e-13
-2.4430066502e+00  3.0356161698e+05 -7.0707497712e+01  0  8.7600000000e+00  1.9986386961e-13
-4.0235733743e+00  3.0384050819e+05  5.6939633373e+00  0  8.7600000000e+00  2.0004749057e-13
-1.3327970667e+01  3.0546719734e+05  1.8243780742e+01  0  8.7600000000e+00  2.0111849682e-13
-2.8444412148e+01  3.0638571944e+05 -3.2636421192e+01  1  1.2100000000e+01  2.0172324844e-13
-6.3387685016e+00  3.0844164601e+05  1.1560544122e+00  0  8.7600000000e+00  2.0307686305e-13
 1.0459228137e+00  3.0877113915e+05 -2.3786795457e+00  3  3.2200000000e+01  2.0329380015e-13
 3.3453764822e-01  3.0914106015e+05 -1.4680130488e+00  0  8.7600000000e+00  2.0353735479e-13
 2.0834146787e+00  3.0995810088e+05  4.4269291181e-01  0  8.7600000000e+00  2.0407529145e-13
-4.9228466160e+01  3.1433615650e+05  1.1266927862e+00  0  8.7600000000e+00  2.0695778742e-13
 1.5561343440e+00  3.1718673267e+05  7.4095536525e-01  2  1.6800000000e+01  2.0883459645e-13
-1.4598009795e+02  3.1739966684e+05  1.2118593507e+01  1  1.2100000000e+01  2.0897479154e-13
-7.5359629633e+00  3.2076227236e+05  1.5611408903e+01  3  3.2200000000e+01  2.1118871884e-13
 8.9427564782e-01  3.2140017136e+05  4.8087874827e+00  0  8.7600000000e+00  2.1160870923e-13
 3.0469078854e+01  3.2234111849e+05 -2.2563685692e+01  1  1.2100000000e+01  2.1222822541e-13
 3.1684979083e+00  3.2263175396e+05  4.1162938248e+00  0  8.7600000000e+00  2.1241957876e-13
-5.9891728308e+01  3.2372246700e+05  2.0151890397e+00  2  1.6800000000e+01  2.1313770027e-13
-1.4684052907e+00  3.2449187423e+05  3.0279719383e+00  0  8.7600000000e+00  2.1364427521e-13
 1.3057886599e+00  3.2691761324e+05 -1.2484159760e+00  1  1.2100000000e+01  2.1524137299e-13
-1.6292940904e+01  3.2736987477e+05  4.8911903172e+00  0  8.7600000000e+00  2.1553914034e-13
 1.2207359818e+01  3.2752439486e+05 -1.1767719429e+01  0  8.7600000000e+00  2.1564087581e-13
-3.6022550957e+00  3.2790181066e+05  4.7355143642e+00  0  8.7600000000e+00  2.1588936501e-13
-4.2387831670e+00  3.2799756869e+05 -2.0917503539e+00  2  1.6800000000e+01  2.1595241175e-13
 6.6688791899e+00  3.2868575676e+05 -1.6449608776e+01  0  8.7600000000e+00  2.1640551228e-13
-2.6332630529e+00  3.2999479452e+05 -1.5819052605e+00  0  8.7600000000e+00  2.1726737800e-13
 4.2272311971e+00  3.3023081198e+05  5.5345447448e+00  1  1.2100000000e+01  2.1742277105e-13
 5.6903471896e+00  3.3594856052e+05 -4.1601920121e+00  2  1.6800000000e+01  2.2118731598e-13
-2.7497057639e+00  3.3636270964e+05  9.9835785751e+00  0  8.7600000000e+00  2.2145999026e-13
-1.6710824129e+01  3.3670882049e+05  1.7464639619e+01  0  8.7600000000e+00  2.2168786840e-13
-1.0535433603e+01  3.3688076960e+05  3.2851439308e-01  0  8.7600000000e+00  2.2180107907e-13
-9.6268905229e+01  3.3704264883e+05  1.6035985946e+01  0  8.7600000000e+00  2.2190765976e-13
-1.9509967248e+01  3.3827846638e+05  1.0942911376e+01  0  8.7600000000e+00  2.2272131757e-13
-3.7620727903e+01  3.3996307848e+05 -9.5984089691e+01  0  8.7600000000e+00  2.2383046007e-13
 3.0771039472e+01  3.4058030077e+05 -2.5825750048e+01  1  1.2100000000e+01  2.2423683699e-13
-9.2366146995e+00  3.4180490632e+05 -7.8306853066e+01  0  8.7600000000e+00  2.2504311285e-13
 2.9954677682e+02  3.4225131329e+05 -2.7137828685e+02  2  1.6800000000e+01  2.2533702559e-13
 2.3569329723e-03  3.4245732090e+05  2.9724647468e-03  2  1.6800000000e+01  2.2547266025e-13
-5.1074046465e+00  3.4334836798e+05  6.4917805106e-01  2  1.6800000000e+01  2.2605932242e-13
 3.2699052002e+01  3.4384017091e+05  3.3368564622e+01  0  8.7600000000e+00  2.2638312369e-13
-1.3828731730e+02  3.4557026701e+05  9.2124427931e+01  0  8.7600000000e+00  2.2752221270e-13
-9.1336383359e-01  3.4728777313e+05  8.8137328291e-01  1  1.2100000000e+01  2.2865301251e-13
-2.0663810476e+01  3.4968966547e+05 -8.5313182273e+00  1  1.2100000000e+01  2.3023440973e-13
-5.4326185603e+00  3.5137060585e+05 -1.6751214945e+00  1  1.2100000000e+01  2.3134113479e-13
 1.6807909856e+01  3.5209604302e+05  6.0271440594e+00  0  8.7600000000e+00  2.3181876000e-13
 4.0524292505e+00  3.5210787596e+05  2.9582537453e+00  1  1.2100000000e+01  2.3182655077e-13
 8.0426308496e+00  3.5289454643e+05 -6.2600682995e+00  0  8.7600000000e+00  2.3234449175e-13
-1.7850008219e-03  3.5409157032e+05 -5.0881436351e-04  0  8.7600000000e+00  2.3313260795e-13
 3.1559114903e+01  3.5477319648e+05 -2.4404526019e+02  0  8.7600000000e+00  2.3358138814e-13
-1.6430075404e-03  3.5721559222e+05 -4.0277322331e-03  2  1.6800000000e+01  2.3518945266e-13
 1.5788820312e+01  3.5827091925e+05  1.0405260315e+01  2  1.6800000000e+01  2.3588427615e-13
-1.8027163455e+00  3.5836795147e+05  1.2541528172e+00  3  3.2200000000e+01  2.3594816181e-13
 4.3101072557e+00  3.6124243931e+05 -2.2613838909e+00  0  8.7600000000e+00  2.3784071420e-13
-3.6358885069e+00  3.6131612456e+05 -3.1328768604e+01  2  1.6800000000e+01  2.3788922830e-13
-2.5741472045e+02  3.6137886195e+05  1.8151325315e+02  0  8.7600000000e+00  2.3793053438e-13
-1.3770872343e+00  3.6148125215e+05 -3.1790992618e+01  1  1.2100000000e+01  2.3799794771e-13
-2.2238665789e+01  3.6162589790e+05 -3.9388364048e+01  0  8.7600000000e+00  2.3809318195e-13
-5.9725918954e-01  3.6229550392e+05 -3.3226274354e-02  2  1.6800000000e+01  2.3853404813e-13
 4.0525759242e+00  3.6330711747e+05  3.5429807351e+00  3  3.2200000000e+01  2.3920009083e-13
-2.5390282309e+00  3.6532733492e+05  3.7445874035e-01  0  8.7600000000e+00  2.4053019468e-13
 7.5345503090e+01  3.6890025409e+05  1.1253784128e+01  0  8.7600000000e+00  2.4288259173e-13
-7.9130705086e+01  3.6959526368e+05 -6.8138143178e+01  0  8.7600000000e+00  2.4334018352e-13
-4.3305302377e-01  3.6989618416e+05 -2.1005653921e+00  0  8.7600000000e+00  2.4353830848e-13
-2.3088802085e+01  3.7127361721e+05 -1.2853880901e+01  1  1.2100000000e+01  2.4444520542e-13
-1.0914808703e+00  3.7325238231e+05  4.2113527659e-01  0  8.7600000000e+00  2.4574801719e-13
-4.0956411087e-03  3.7379440092e+05  4.5598854076e-03  3  3.2200000000e+01  2.4610488028e-13
-6.9878558349e+00  3.7487822856e+05  1.8410585747e+01  2  1.6800000000e+01  2.4681846848e-13
-4.3541982180e+01  3.7585364732e+05  1.4546598793e+01  0  8.7600000000e+00  2.4746068066e-13
 4.7766803930e-01  3.7602268810e+05  1.4879065483e+00  0  8.7600000000e+00  2.4757197649e-13
-2.0059545836e-03  3.7712685095e+05 -4.0786873033e-03  1  1.2100000000e+01  2.4829895332e-13
 2.6626961232e+00  3.7724365855e+05  1.4673776107e+00  1  1.2100000000e+01  2.4837585902e-13
-2.4651784221e+02  3.7883189666e+05 -3.8331957334e+02  2  1.6800000000e+01  2.4942154924e-13
-4.9750606785e-04  3.7953922433e+05 -1.5844824242e-03  3  3.2200000000e+01  2.4988725122e-13
-7.0213593452e+01  3.7976494629e+05 -3.1464994439e+01  1  1.2100000000e+01  2.5003586574e-13
-1.7079707694e+01  3.8019619238e+05  4.4337870063e+01  0  8.7600000000e+00  2.5031979660e-13
 1.4588085360e+02  3.8062502342e+05 -3.7718460431e+01  0  8.7600000000e+00  2.5060213741e-13
-4.3115413762e+01  3.8305695710e+05 -2.0660521251e+01  1  1.2100000000e+01  2.5220331374e-13
-4.0669261214e+00  3.8413107680e+05 -2.9225675479e+00  0  8.7600000000e+00  2.5291051026e-13
 1.4770074603e+02  3.8422059357e+05  2.8339523125e+01  1  1.2100000000e+01  2.5296944778e-13
-3.9610408963e-04  3.8440007887e+05  2.6785655123e-03  2  1.6800000000e+01  2.5308762025e-13
-7.0204308563e+00  3.8534097404e+05  8.5752545611e+00  3  3.2200000000e+01  2.5370710222e-13
-3.9204121134e+00  3.8639106393e+05  2.3785248275e+00  1  1.2100000000e+01  2.5439847761e-13
 4.7355232977e+00  3.8856008947e+05 -8.2575991850e-01  1  1.2100000000e+01  2.5582655616e-13
-1.3494354190e-03  3.8915416870e+05  3.8912750333e-05  2  1.6800000000e+01  2.5621769578e-13
 6.0699683609e+02  3.8954214871e+05 -6.5763488144e+02  0  8.7600000000e+00  2.5647314042e-13
-5.2270584515e+00  3.8977877512e+05  5.0226542187e+00  0  8.7600000000e+00  2.5662893439e-13
 1.7547871084e+00  3.9094277698e+05 -5.4876990037e+00  0  8.7600000000e+00  2.5739530900e-13
 5.2309969688e+00  3.9357623507e+05 -3.7300716606e+00  0  8.7600000000e+00  2.5912916827e-13
-5.1765251505e+00  3.9463276444e+05  1.4303972788e+00  2  1.6800000000e+01  2.5982478338e-13
 6.1727300286e+00  3.9499414806e+05 -1.3684807546e+01  0  8.7600000000e+00  2.6006271705e-13
-8.7977016664e+00  3.9504758233e+05  7.0935797342e+00  0  8.7600000000e+00  2.6009789798e-13
-1.5735629947e+01  3.9507849370e+05 -1.0505415094e+02  3  3.2200000000e+01  2.6011824991e-13
 4.7172694143e+00  3.9540314071e+05  1.1002161295e+01  1  1.2100000000e+01  2.6033199633e-13
 4.0065948474e-03  3.9547930606e+05 -1.1603993253e-03  2  1.6800000000e+01  2.6038214332e-13
 1.1809203741e+01  3.9754480712e+05 -6.4053724239e+00  0  8.7600000000e+00  2.6174206174e-13
-1.3865766549e+02  3.9771793508e+05  3.8317681070e+02  0  8.7600000000e+00  2.6185604856e-13
-2.8314597569e-03  3.9895840305e+05  1.6558664183e-03  3  3.2200000000e+01  2.6267276818e-13
 3.1564823109e+00  3.9965467744e+05  3.8683453809e+01  1  1.2100000000e+01  2.6313119272e-13
 2.6776978560e+00  3.9990755320e+05 -5.7897236302e+00  1  1.2100000000e+01  2.6329768521e-13
-1.2369807071e+01  4.0056389735e+05  5.5126881271e+00  1  1.2100000000e+01  2.6372981982e-13
 1.4799394506e+01  4.0139620395e+05  1.5396126533e+01  1  1.2100000000e+01  2.6427780747e-13
-4.5881676357e+00  4.0171865463e+05 -2.2840615110e-01  2  1.6800000000e+01  2.6449010783e-13
 3.7322263802e+02  4.0184633493e+05  6.2220368991e+02  0  8.7600000000e+00  2.6457417208e-13
 4.3021502830e+01  4.0294228155e+05 -9.0703534501e+01  0  8.7600000000e+00  2.6529573936e-13
 4.7055505765e+01  4.0436673312e+05 -3.0805093049e+01  3  3.2200000000e+01  2.6623359312e-13
 1.4689302777e-04  4.0488959953e+05 -1.1688822257e-03  3  3.2200000000e+01  2.6657784647e-13
 4.5964323448e-03  4.0648640149e+05  2.2384190547e-03  3  3.2200000000e+01  2.6762917510e-13
-2.3373680119e-01  4.0798990090e+05 -1.4170982743e+00  0  8.7600000000e+00  2.6861907367e-13
 1.1942336811e+01  4.0818294092e+05 -3.1956071031e+00  2  1.6800000000e+01  2.6874617052e-13
-8.2543144716e+00  4.0854268486e+05 -3.4176046853e+00  2  1.6800000000e+01  2.6898302462e-13
 1.1090515489e-03  4.0968286596e+05 -1.7061718980e-04  0  8.7600000000e+00  2.6973371573e-13
 6.8552318224e+00  4.0977603370e+05 -5.7809966753e+00  0  8.7600000000e+00  2.6979505704e-13
 8.6217380050e+00  4.1358014802e+05 -1.7816199716e+01  1  1.2100000000e+01  2.7229967214e-13
 2.8534982712e+02  4.1433970988e+05 -3.4244573245e+01  1  1.2100000000e+01  2.7279976491e-13
 1.3263430425e+02  4.1669433532e+05 -2.0134501823e+02  0  8.7600000000e+00  2.7435004178e-13
-4.3951835666e+01  4.1732820776e+05  4.3827043145e+01  1  1.2100000000e+01  2.7476738110e-13
-4.5319761287e+00  4.1824627188e+05  3.1970797950e+00  1  1.2100000000e+01  2.7537183119e-13
 2.5027220483e+01  4.1897955145e+05  5.4096676382e+01  0  8.7600000000e+00  2.7585461981e-13
 9.5801062174e+00  4.1993599805e+05 -5.2438083154e+01  1  1.2100000000e+01  2.7648434078e-13
-2.9083602451e-02  4.2226729769e+05 -4.6892197684e+00  1  1.2100000000e+01  2.7801926003e-13
-1.0513682134e+00  4.2366527160e+05  4.7212965346e-01  0  8.7600000000e+00  2.7893968099e-13
 4.7087585036e+01  4.2468669950e+05 -1.8722281101e+01  0  8.7600000000e+00  2.7961218542e-13
 1.0839030615e+01  4.2814582522e+05  8.4213068984e+00  0  8.7600000000e+00  2.8188966127e-13
 1.1948923111e+02  4.2817988980e+05 -1.9740374024e+00  0  8.7600000000e+00  2.8191208927e-13
 1.5600367962e+01  4.2840199039e+05 -6.5735078857e+00  0  8.7600000000e+00  2.8205831949e-13
-2.5292449351e+00  4.2926343461e+05  1.8336855114e+01  1  1.2100000000e+01  2.8262549124e-13
-7.1810982915e+00  4.2969362445e+05 -3.1749227834e+01  0  8.7600000000e+00  2.8290872668e-13
-4.1288094152e+00  4.3257032766e+05  2.1529300915e+01  3  3.2200000000e+01  2.8480273765e-13
 2.4368909734e-03  4.3424892471e+05 -3.1734092711e-03  2  1.6800000000e+01  2.8590791988e-13
 4.5103800388e-03  4.3493963471e+05 -4.0426885006e-03  2  1.6800000000e+01  2.8636268084e-13
 4.5343700515e-03  4.3670223214e+05 -8.4254477445e-04  2  1.6800000000e+01  2.8752316861e-13
-1.2443983760e-01  4.3963109435e+05  2.8665111714e-01  0  8.7600000000e+00  2.8945152088e-13
-5.0068265831e+00  4.4151629173e+05 -3.1027945737e+00  2  1.6800000000e+01  2.9069272801e-13
 1.2460081605e+00  4.4225755981e+05  4.2668579744e+00  1  1.2100000000e+01  2.9118077623e-13
 5.2034559744e+02  4.4238721438e+05 -1.5158670860e+02  1  1.2100000000e+01  2.9126614033e-13
 4.5581619679e+01  4.4279918919e+05 -2.2616232977e+01  3  3.2200000000e+01  2.9153738306e-13
-6.5002420715e-04  4.4531164516e+05 -4.9568495014e-03  3  3.2200000000e+01  2.9319157497e-13
 1.0605648324e+02  4.4546437654e+05 -2.4649371975e+02  1  1.2100000000e+01  2.9329213276e-13
 2.3042916098e-04  4.4626134564e+05  2.8229086184e-03  2  1.6800000000e+01  2.9381685433e-13
-1.7693778345e+00  4.4745818532e+05 -5.2319217223e-01  1  1.2100000000e+01  2.9460484924e-13
-2.5460437028e-01  4.4764805399e+05 -1.4389829322e-01  2  1.6800000000e+01  2.9472985808e-13
 1.1205960759e+01  4.4963811992e+05 -4.8381482954e+00  2  1.6800000000e+01  2.9604011029e-13
-1.0197727467e+00  4.5051770689e+05  8.9404017458e-01  0  8.7600000000e+00  2.9661922717e-13
 4.7319497259e+00  4.5125831897e+05  6.0304735614e+01  0  8.7600000000e+00  2.9710684347e-13
 1.0185994360e+00  4.5198087836e+05  5.7864472264e-01  2  1.6800000000e+01  2.9758257396e-13
-8.0060520773e+00  4.5234631885e+05 -2.5384456046e+00  0  8.7600000000e+00  2.9782317866e-13
 4.0304760080e+02  4.5292887838e+05 -2.3584719713e+01  0  8.7600000000e+00  2.9820673375e-13
 6.9713510791e+00  4.5587265402e+05 -5.0781377069e-01  0  8.7600000000e+00  3.0014490497e-13
 1.5463005732e+00  4.5595819924e+05  8.7577418763e-02  0  8.7600000000e+00  3.0020122763e-13
 4.6251495320e-03  4.5725085412e+05  4.8881851090e-03  2  1.6800000000e+01  3.0105230693e-13
-4.2728737133e-03  4.5910369636e+05 -4.1884993711e-03  3  3.2200000000e+01  3.0227221155e-13
-1.7035790565e+02  4.6063129660e+05  2.3471608478e+02  0  8.7600000000e+00  3.0327797802e-13
-3.4685424551e+00  4.6086806159e+05  1.0653784792e+01  0  8.7600000000e+00  3.0343386323e-13
 5.4025281635e+00  4.6204289932e+05 -1.5968629972e+00  3  3.2200000000e+01  3.0420737214e-13
 2.7814980418e+01  4.6223132693e+05 -1.3184867658e+01  0  8.7600000000e+00  3.0433143219e-13
-1.6403667748e+01  4.6489594831e+05  1.0188359794e+01  3  3.2200000000e+01  3.0608580926e-13
-4.4840837734e-01  4.6508987489e+05  1.7951276722e-01  0  8.7600000000e+00  3.0621348982e-13
-2.5461412742e+02  4.6520762976e+05  3.1374996067e+01  0  8.7600000000e+00  3.0629101920e-13
 3.8910691947e-03  4.6646593167e+05 -2.8000443931e-03  1  1.2100000000e+01  3.0711948062e-13
-6.4979443047e+00  4.6759661201e+05 -1.0779760389e+01  0  8.7600000000e+00  3.0786391647e-13
-3.4611439116e-04  4.6812826723e+05  2.8554278323e-03  3  3.2200000000e+01  3.0821395634e-13
 5.3266324156e+00  4.6873340129e+05 -5.6759131929e+00  2  1.6800000000e+01  3.0861237441e-13
-1.9623237487e+01  4.6951470556e+05 -4.2107451632e+01  1  1.2100000000e+01  3.0912678232e-13
-3.3741256960e+00  4.6971229312e+05 -1.0671532757e+01  0  8.7600000000e+00  3.0925687325e-13
-1.1232537804e+02  4.7035107332e+05  1.8127829899e+02  0  8.7600000000e+00  3.0967744382e-13
 1.6033848564e+02  4.7126909704e+05 -7.0118901728e+01  2  1.6800000000e+01  3.1028186731e-13
 3.3946683104e+00  4.7133589547e+05  1.5789152894e+01  2  1.6800000000e+01  3.1032584716e-13
 1.5946059312e+01  4.7242681832e+05 -1.8649712006e+00  1  1.2100000000e+01  3.1104410681e-13
 8.3693717465e+00  4.7263573622e+05  3.2328612972e+01  0  8.7600000000e+00  3.1118165760e-13
-2.7154172327e+01  4.7304709773e+05 -5.8398440902e+01  2  1.6800000000e+01  3.1145249653e-13
 7.0753655958e-01  4.7333194660e+05  1.3472190033e+00  0  8.7600000000e+00  3.1164003999e-13
-1.5043420184e+01  4.7626892198e+05  1.2825349491e+01  2  1.6800000000e+01  3.1357373395e-13
 2.2640913844e+00  4.7764951050e+05  1.0988558286e+01  0  8.7600000000e+00  3.1448270844e-13
-1.9891314647e+01  4.7865224663e+05 -1.2513003213e+01  0  8.7600000000e+00  3.1514290627e-13
 8.2219552029e+00  4.7976907405e+05  7.9271842447e+01  2  1.6800000000e+01  3.1587822141e-13
 1.3591542603e+01  4.8050613961e+05  2.1125264739e+01  1  1.2100000000e+01  3.1636350270e-13
 1.1545288346e+01  4.8082151006e+05  2.4833938213e+01  0  8.7600000000e+00  3.1657114146e-13
-4.6790875210e+00  4.8234030809e+05  3.4131484266e+00  0  8.7600000000e+00  3.1757111259e-13
 1.1755770520e-03  4.8260085166e+05 -2.0764867110e-03  3  3.2200000000e+01  3.1774265353e-13
-2.7651047926e+00  4.8318438969e+05 -6.6591018467e-02  0  8.7600000000e+00  3.1812685285e-13
 4.8498043141e+00  4.8907432501e+05  1.6882774202e+00  0  8.7600000000e+00  3.2200476494e-13
-3.3303625970e+01  4.8977111206e+05  1.2701905104e+01  0  8.7600000000e+00  3.2246352702e-13
 3.0228749168e+01  4.9114410655e+05  4.7394892360e+01  0  8.7600000000e+00  3.2336750162e-13
 4.8784889071e-04  4.9132378909e+05 -7.2369389037e-04  3  3.2200000000e+01  3.2348580395e-13
 1.1688577282e+01  4.9238089522e+05  1.5164124207e+01  0  8.7600000000e+00  3.2418179880e-13
-1.1866664182e+02  4.9258382842e+05  6.5911765683e+01  2  1.6800000000e+01  3.2431540928e-13
 6.1023826543e+01  4.9320652568e+05  2.6947772128e+01  1  1.2100000000e+01  3.2472539090e-13
 7.5579996461e+00  4.9420137945e+05 -8.7350178102e+01  0  8.7600000000e+00  3.2538039903e-13
-6.5324129364e+00  4.9502133694e+05  4.2738441843e+00  0  8.7600000000e+00  3.2592025607e-13
 2.4169227984e+01  4.9505515535e+05  1.2199809263e+02  1  1.2100000000e+01  3.2594252199e-13
 2.1460518079e-02  4.9558784439e+05 -1.4451759145e+00  1  1.2100000000e+01  3.2629324252e-13
 7.0742037751e+01  4.9573114451e+05 -5.8451792716e+01  0  8.7600000000e+00  3.2638759080e-13
 2.8846847557e+00  4.9596670319e+05  3.2314156529e+00  2  1.6800000000e+01  3.2654268178e-13
-5.3390951764e+01  4.9604787357e+05  6.3828326712e+01  0  8.7600000000e+00  3.2659612407e-13
-3.1232154221e-03  4.9680276199e+05 -1.8815990942e-03  3  3.2200000000e+01  3.2709313987e-13
-3.0402244636e+00  5.0022990988e+05  2.7278585782e+00  0  8.7600000000e+00  3.2934956164e-13
-2.2912942509e+01  5.0078059138e+05 -6.6662587850e+00  1  1.2100000000e+01  3.2971212834e-13
 5.5644499926e+00  5.0183873198e+05 -1.0384902802e-01  0  8.7600000000e+00  3.3040880428e-13
-4.0359761841e-03  5.0236904133e+05 -2.6517258853e-03  2  1.6800000000e+01  3.3075795804e-13
-6.9253015114e+00  5.0238985870e+05 -4.8673801146e+00  0  8.7600000000e+00  3.3077166412e-13
 4.7480922322e+00  5.0262856109e+05 -1.7830481498e+00  0  8.7600000000e+00  3.3092882491e-13
 2.4430458282e-03  5.0390983384e+05  2.7123509686e-04  3  3.2200000000e+01  3.3177241025e-13
-6.0953581360e+00  5.0449139986e+05  1.4159152770e+00  2  1.6800000000e+01  3.3215531121e-13
 1.0601155791e+02  5.0601282808e+05 -1.8100336255e+02  1  1.2100000000e+01  3.3315701404e-13
 8.7559868332e+00  5.0687950982e+05 -4.5034088455e-02  0  8.7600000000e+00  3.3372763416e-13
-4.9700972573e+00  5.0841851841e+05 -4.2085250281e+00  1  1.2100000000e+01  3.3474091184e-13
-2.4251713344e+00  5.0916885762e+05  3.9167469110e-01  2  1.6800000000e+01  3.3523493246e-13
-1.3517270686e-03  5.0991749273e+05  1.5231582413e-03  1  1.2100000000e+01  3.3572783112e-13
 1.8903018095e+01  5.1043359284e+05 -5.5350109477e+01  1  1.2100000000e+01  3.3606762956e-13
 1.4927563652e+00  5.1167700932e+05  1.0265219645e+00  2  1.6800000000e+01  3.3688629046e-13
-3.6343710924e+00  5.1194403508e+05  2.0173280164e+01  2  1.6800000000e+01  3.3706209926e-13
 5.3531040961e+01  5.1251098715e+05  9.2720728653e+01  1  1.2100000000e+01  3.3743537845e-13
-3.9663559958e+00  5.1288087132e+05  1.0926493060e+01  1  1.2100000000e+01  3.3767890885e-13
 6.9197434420e+01  5.1535845004e+05 -6.6870928333e+00  0  8.7600000000e+00  3.3931013771e-13
-3.3197496391e-01  5.1544953782e+05 -2.5878126491e+00  3  3.2200000000e+01  3.3937010957e-13
-5.1905242668e+02  5.1710290039e+05 -5.0967160214e+02  0  8.7600000000e+00  3.4045867750e-13
-8.3734051302e+00  5.1714203665e+05 -2.0710119222e+01  0  8.7600000000e+00  3.4048444468e-13
-2.7943835374e-04  5.1804484777e+05  3.4795887016e-03  3  3.2200000000e+01  3.4107885225e-13
 1.4473080106e-03  5.1817460783e+05  4.9057346582e-03  3  3.2200000000e+01  3.4116428580e-13
-3.8640319938e+00  5.2178649273e+05 -3.7973723963e+00  1  1.2100000000e+01  3.4354233774e-13
-2.7943781228e+01  5.2309351307e+05 -2.9975177601e+01  0  8.7600000000e+00  3.4440287520e-13
 1.3166965684e+02  5.2366040707e+05 -2.9390148923e+02  0  8.7600000000e+00  3.4477611616e-13
-8.5141074341e+00  5.2385919408e+05 -6.3104674711e+00  2  1.6800000000e+01  3.4490699681e-13
 6.8240032330e-04  5.2451954543e+05 -8.9776625200e-04  1  1.2100000000e+01  3.4534176975e-13
 1.0792961786e+00  5.2634925184e+05 -2.7084740765e+01  0  8.7600000000e+00  3.4654644182e-13
 2.5244526971e+00  5.2671996587e+05 -1.1076638563e+01  2  1.6800000000e+01  3.4679051859e-13
 2.6266960444e+00  5.2687010733e+05  1.1320805170e+00  2  1.6800000000e+01  3.4688937119e-13
 2.2675188134e-01  5.2694354829e+05 -1.8478248834e+00  0  8.7600000000e+00  3.4693772445e-13
 2.7782070278e+03  5.2763043482e+05  2.9972736536e+02  0  8.7600000000e+00  3.4738996806e-13
-8.0346946438e+01  5.2965855497e+05 -4.1375646210e+02  1  1.2100000000e+01  3.4872527502e-13
 7.8014379917e+01  5.3179374212e+05  1.6152077673e+02  1  1.2100000000e+01  3.5013107451e-13
 3.5987583865e-01  5.3330133230e+05  1.5670124520e+01  0  8.7600000000e+00  3.5112366642e-13
 1.2426026241e-03  5.3341883542e+05  4.4223034519e-03  4  4.0000000000e+01  3.5120103006e-13
 3.0888678652e+00  5.3584938290e+05  4.4017565362e+00  1  1.2100000000e+01  3.5280129372e-13
-4.3458841272e-03  5.4120593630e+05 -1.2745264854e-03  0  8.7600000000e+00  3.5632802908e-13
 6.4915268474e+00  5.4170386676e+05 -6.7876160758e+00  1  1.2100000000e+01  3.5665586469e-13
 4.9906940999e+01  5.4233606924e+05  1.0699249936e+02  1  1.2100000000e+01  3.5707210452e-13
-9.7000926946e-01  5.4273780255e+05  1.3951847478e-02  0  8.7600000000e+00  3.5733660428e-13
-1.8753504701e+00  5.4299000703e+05  2.5753362708e+00  0  8.7600000000e+00  3.5750265479e-13
 3.2671990200e-03  5.4348259294e+05 -1.1707202683e+00  0  8.7600000000e+00  3.5782697157e-13
-1.3843257405e+00  5.4478134076e+05  1.4886404356e+00  1  1.2100000000e+01  3.5868206243e-13
 3.0722536332e+01  5.4575878522e+05  6.0659665570e+01  0  8.7600000000e+00  3.5932560833e-13
-4.2922664885e-01  5.4666251767e+05  2.2054089440e+00  1  1.2100000000e+01  3.5992062250e-13
 1.2848013637e+00  5.4881882835e+05 -1.3164485510e+00  0  8.7600000000e+00  3.6134032965e-13
-1.6860815310e+01  5.4882573804e+05 -1.6655162343e+01  1  1.2100000000e+01  3.6134487896e-13
-3.3410432138e+00  5.4961928851e+05 -3.4602420686e+00  0  8.7600000000e+00  3.6186734972e-13
 8.3079679699e+00  5.5142460546e+05  8.4403185593e+00  1  1.2100000000e+01  3.6305596386e-13
-8.3194424473e+01  5.5165779187e+05 -5.5896787541e+01  3  3.2200000000e+01  3.6320949295e-13
 3.4418799685e-01  5.5207863276e+05 -1.3118241785e-01  0  8.7600000000e+00  3.6348657307e-13
-1.2975059631e+01  5.5610380797e+05 -1.5909852562e+02  1  1.2100000000e+01  3.6613673385e-13
-9.6663960999e-04  5.5852374697e+05  3.6880748666e-03  2  1.6800000000e+01  3.6773001293e-13
-4.5257165467e-03  5.6016790325e+05 -3.7180004216e-03  3  3.2200000000e+01  3.6881251947e-13
-1.0635492307e+01  5.6050774402e+05 -9.9955700771e+00  0  8.7600000000e+00  3.6903626940e-13
 2.5926193283e+01  5.6202206802e+05  1.2731525919e+00  1  1.2100000000e+01  3.7003329485e-13
 4.3783372545e+02  5.6382916077e+05 -3.1331961892e+02  1  1.2100000000e+01  3.7122307817e-13
 2.3007573828e+00  5.6407257364e+05  9.0494216601e-01  3  3.2200000000e+01  3.7138334032e-13
-1.3935098634e+01  5.6415079250e+05  9.3644835479e+00  0  8.7600000000e+00  3.7143483933e-13
-1.1542197232e+01  5.6797851757e+05  2.0368965889e+01  0  8.7600000000e+00  3.7395499966e-13
-2.5975236856e+00  5.6859530363e+05  2.4904600741e+00  1  1.2100000000e+01  3.7436108937e-13
-6.4108134395e+01  5.6889714969e+05  1.4672410725e+01  1  1.2100000000e+01  3.7455982373e-13
-6.6779748321e+00  5.7087060052e+05 -1.5249848713e+00  0  8.7600000000e+00  3.7585913661e-13
 5.3317323547e+01  5.7129042410e+05 -1.1788076082e+02  1  1.2100000000e+01  3.7613554693e-13
-1.7913521572e+01  5.7154857745e+05  1.7929562651e+00  1  1.2100000000e+01  3.7630551416e-13
 3.7434348974e+01  5.7576557808e+05 -4.7717463688e+01  0  8.7600000000e+00  3.7908197211e-13
-5.9456015963e+00  5.7615936211e+05 -1.1471502064e+00  0  8.7600000000e+00  3.7934123809e-13
 1.5669135826e-03  5.7842602966e+05 -4.8834164254e-03  0  8.7600000000e+00  3.8083360380e-13
 4.4201385972e-03  5.7921924693e+05 -7.3059655061e-04  3  3.2200000000e+01  3.8135585518e-13
-4.3386149849e+00  5.8079021280e+05 -1.5921462569e+01  1  1.2100000000e+01  3.8239017342e-13
 1.8622211379e+01  5.8205820490e+05  2.0928868780e+01  2  1.6800000000e+01  3.8322501482e-13
 2.3444595228e+02  5.8227388954e+05 -6.1288426315e+01  1  1.2100000000e+01  3.8336702082e-13
-3.3169376840e+01  5.8241977342e+05 -1.0697566192e+01  2  1.6800000000e+01  3.8346307023e-13
 4.3969940470e+01  5.8353774849e+05  3.1293230655e+01  1  1.2100000000e+01  3.8419914097e-13
 8.6377381620e-04  5.8384899835e+05 -2.5534710975e-03  0  8.7600000000e+00  3.8440406675e-13
 1.2584397291e+01  5.8426292478e+05  2.6359334837e+01  3  3.2200000000e+01  3.8467659441e-13
 3.9604223267e+00  5.8470396106e+05 -9.4430740782e+00  1  1.2100000000e+01  3.8496697110e-13
 1.2147637049e+01  5.8517946703e+05  3.2401264939e+01  0  8.7600000000e+00  3.8528004251e-13
-9.3490798171e-02  5.8598305919e+05  7.8314969112e-01  0  8.7600000000e+00  3.8580912468e-13
-7.2349353320e+01  5.8708776350e+05  3.4468975811e+01  1  1.2100000000e+01  3.8653645800e-13
 6.8465123116e+00  5.8716871204e+05 -6.8884656932e+00  2  1.6800000000e+01  3.8658975422e-13
 2.3116073256e+02  5.8787861347e+05  1.1886185531e+03  0  8.7600000000e+00  3.8705715076e-13
 1.8633979395e+01  5.8909379482e+05  3.5643153912e+01  1  1.2100000000e+01  3.8785722176e-13
-1.3824086576e+02  5.9153224183e+05  9.3470765299e+01  0  8.7600000000e+00  3.8946268644e-13
-1.4481735732e+00  5.9343969044e+05 -5.1598520571e-01  3  3.2200000000e+01  3.9071854370e-13
 3.1340702530e+01  5.9535943411e+05 -1.9390872243e+00  0  8.7600000000e+00  3.9198249599e-13
 3.8112640701e-03  5.9539889502e+05 -4.0847733473e-03  2  1.6800000000e+01  3.9200847690e-13
-4.4641559887e-01  5.9625433301e+05  2.7034665323e+00  0  8.7600000000e+00  3.9257169418e-13
-7.7753805891e+00  5.9744918774e+05 -4.1178126207e+01  1  1.2100000000e+01  3.9335838221e-13
 4.7287617980e-01  5.9798511179e+05 -1.9296757989e+00  0  8.7600000000e+00  3.9371123266e-13
 9.0270506390e+00  6.0038018771e+05  3.0783603622e+00  0  8.7600000000e+00  3.9528814198e-13
-2.1650988208e+02  6.0170779247e+05  4.3370854444e+01  0  8.7600000000e+00  3.9616223214e-13
-2.7856478504e-03  6.0227038834e+05  1.6165785988e-03  1  1.2100000000e+01  3.9653264323e-13
-9.5827187144e+00  6.0287832303e+05  4.3771818137e+01  3  3.2200000000e+01  3.9693290523e-13
-8.2073474707e+00  6.0554517195e+05  2.7489416923e+00  0  8.7600000000e+00  3.9868874890e-13
 5.2312643567e+01  6.0580406569e+05 -1.4248626359e+02  2  1.6800000000e+01  3.9885920360e-13
-1.8553744484e-01  6.0782752527e+05 -6.4358653766e+00  0  8.7600000000e+00  4.0019144206e-13
-9.4330951402e+00  6.0789880776e+05 -2.0655425192e+01  2  1.6800000000e+01  4.0023837419e-13
-1.3205229490e-02  6.0791779636e+05  4.6354287735e+00  0  8.7600000000e+00  4.0025087622e-13
-7.6743265592e+00  6.0818999723e+05 -4.6203262999e+01  0  8.7600000000e+00  4.0043009229e-13
-1.0480807865e+02  6.1234956192e+05  1.2528083525e+02  1  1.2100000000e+01  4.0316873462e-13
-1.6349007150e-04  6.1319473547e+05  2.2223682456e-03  2  1.6800000000e+01  4.0372519383e-13
-3.7850678921e-01  6.1349475811e+05 -2.6069166277e-02  1  1.2100000000e+01  4.0392272765e-13
-3.4156717209e+00  6.1629191935e+05  2.6300653218e+00  2  1.6800000000e+01  4.0576436848e-13
 1.3431035012e-03  6.1710609837e+05  3.5405442345e-03  1  1.2100000000e+01  4.0630042100e-13
-3.3171401631e+00  6.2187793131e+05  2.4710105907e+00  0  8.7600000000e+00  4.0944217854e-13
-9.4060327565e+00  6.2380741345e+05  2.6604520160e+01  2  1.6800000000e+01  4.1071254259e-13
 8.4817102871e+00  6.2427605633e+05 -4.6914213566e+00  0  8.7600000000e+00  4.1102109536e-13
-4.9636252015e+01  6.2767442202e+05 -8.2058898466e+01  0  8.7600000000e+00  4.1325856703e-13
 6.7895861694e+00  6.2935931142e+05 -4.5498071096e-02  2  1.6800000000e+01  4.1436789211e-13
-3.7894483352e+01  6.3034835127e+05  9.2387287285e+01  0  8.7600000000e+00  4.1501907237e-13
-4.3535511347e+00  6.3385025134e+05  7.3463680700e+01  0  8.7600000000e+00  4.1732471069e-13
 1.2158095127e-01  6.3388806118e+05 -1.1792350990e+00  0  8.7600000000e+00  4.1734960456e-13
-3.7459523146e+00  6.3803301264e+05 -8.3738422222e-01  0  8.7600000000e+00  4.2007862559e-13
-1.1511843398e+01  6.3842781064e+05 -5.4715255379e+00  1  1.2100000000e+01  4.2033855917e-13
 1.4740673070e+01  6.3843072791e+05  2.2070536896e+01  3  3.2200000000e+01  4.2034047989e-13
-3.0079747296e+01  6.3897228645e+05  1.2757240419e+01  1  1.2100000000e+01  4.2069704007e-13
 5.4012734450e-01  6.3991784619e+05 -6.1196213309e+01  0  8.7600000000e+00  4.2131959318e-13
 2.9387958277e+02  6.4171317027e+05 -1.1307761088e+03  1  1.2100000000e+01  4.2250162805e-13
-1.1301866984e+01  6.4307157294e+05  1.7151069334e+00  0  8.7600000000e+00  4.2339599545e-13
-4.0730512976e-03  6.4376864388e+05  4.2268411439e-03  3  3.2200000000e+01  4.2385494443e-13
 5.1910558972e-04  6.4495241772e+05  4.6076465024e-03  3  3.2200000000e+01  4.2463433684e-13
-3.8336512365e+00  6.4554133834e+05  2.7756448387e+00  0  8.7600000000e+00  4.2502208005e-13
 2.7409494711e-01  6.4664142552e+05 -9.1447222017e+00  0  8.7600000000e+00  4.2574637347e-13
 2.2211941746e+00  6.4842525005e+05 -4.8984246582e+00  0  8.7600000000e+00  4.2692083708e-13
 5.8121187240e+00  6.5011973274e+05  7.9314745486e+00  0  8.7600000000e+00  4.2803647835e-13
 7.1476536138e-04  6.5181088764e+05  3.0614286699e-03  0  8.7600000000e+00  4.2914992861e-13
-1.1440626456e+01  6.5241391316e+05 -4.7492748603e+00  0  8.7600000000e+00  4.2954695843e-13
 1.1039266564e+01  6.5254636025e+05  6.2402382834e+00  1  1.2100000000e+01  4.2963416111e-13
-8.2188151899e+00  6.5310078178e+05  6.2218879121e+01  0  8.7600000000e+00  4.2999919024e-13
 3.4316544833e-03  6.5319250607e+05 -4.1830994977e-03  3  3.2200000000e+01  4.3005958118e-13
 4.6467428187e-03  6.5424937883e+05 -2.1934458973e-03  2  1.6800000000e+01  4.3075542239e-13
 3.1098016488e-01  6.5630738912e+05 -1.2959593341e+01  2  1.6800000000e+01  4.3211040891e-13
-7.1177490830e+00  6.5632637567e+05 -1.9666321828e+00  0  8.7600000000e+00  4.3212290958e-13
 1.9993225075e+00  6.5708673498e+05 -7.4305096936e+00  0  8.7600000000e+00  4.3262352740e-13
-4.8614922750e+00  6.6035233618e+05 -2.5220461347e+01  0  8.7600000000e+00  4.3477358740e-13
 4.7548043215e-03  6.6042655690e+05  3.9962306195e-03  3  3.2200000000e+01  4.3482245406e-13
-5.2359405673e+01  6.6089698751e+05 -7.4986796982e+01  0  8.7600000000e+00  4.3513218387e-13
 4.4797693662e-01  6.6249926165e+05  9.3048399038e-01  1  1.2100000000e+01  4.3618711536e-13
 9.1760291070e-01  6.6267271416e+05  2.5763653685e+00  1  1.2100000000e+01  4.3630131587e-13
 3.0403529928e+02  6.6329445700e+05  1.7416098821e+02  0  8.7600000000e+00  4.3671066910e-13
-2.8288408701e+00  6.6336720290e+05 -4.7852292306e+00  0  8.7600000000e+00  4.3675856474e-13
-2.6027207442e+00  6.6385860665e+05  1.0446228742e+00  0  8.7600000000e+00  4.3708210319e-13
-4.1597822874e+00  6.6748832227e+05  3.9311893879e+00  2  1.6800000000e+01  4.3947189481e-13
-2.8108283290e+00  6.6866355126e+05  8.5555386814e+00  2  1.6800000000e+01  4.4024566132e-13
 4.6480218040e-03  6.6923078638e+05 -6.9754008935e-04  3  3.2200000000e+01  4.4061912688e-13
 2.8174796650e+02  6.7479068189e+05  1.2634406145e+02  1  1.2100000000e+01  4.4427974195e-13
 2.8796599549e+00  6.7563901555e+05 -1.1156981719e+01  2  1.6800000000e+01  4.4483828176e-13
-3.5562816581e-03  6.7821280567e+05 -4.2582850225e-04  1  1.2100000000e+01  4.4653285585e-13
 8.2600661666e+01  6.7867055040e+05 -8.6713305678e+00  3  3.2200000000e+01  4.4683423333e-13
 2.6162534199e+00  6.7945511864e+05  3.2227001270e+00  0  8.7600000000e+00  4.4735079022e-13
 1.2259933169e+00  6.7982799682e+05 -2.3329787688e+00  0  8.7600000000e+00  4.4759629186e-13
 6.3018471347e+00  6.8233687197e+05 -1.0693902144e+01  0  8.7600000000e+00  4.4924812618e-13
-3.8050960724e+00  6.8265916961e+05  6.6922803851e+00  1  1.2100000000e+01  4.4946032578e-13
 7.5998830737e-01  6.8432773798e+05  2.1833751102e+01  0  8.7600000000e+00  4.5055890515e-13
-1.1915508654e+00  6.8752210306e+05  1.6516089485e+02  0  8.7600000000e+00  4.5266206355e-13
-8.8349132110e+01  6.9107788667e+05 -3.1783034874e+02  0  8.7600000000e+00  4.5500317861e-13
 6.4117130843e+01  6.9373752077e+05  1.4554726971e+02  0  8.7600000000e+00  4.5675427207e-13
 1.1030937887e+01  6.9453790627e+05 -3.3834246621e+00  0  8.7600000000e+00  4.5728124299e-13
 6.1505186762e+00  6.9593508290e+05  2.4052985381e+00  1  1.2100000000e+01  4.5820113902e-13
 3.1003627498e-03  6.9763989940e+05 -2.2032638254e-03  0  8.7600000000e+00  4.5932358403e-13
-6.0646912758e+01  7.0097179631e+05 -6.2612852617e+01  1  1.2100000000e+01  4.6151729290e-13
 2.3148575494e+01  7.0147491374e+05  7.4737187594e+00  0  8.7600000000e+00  4.6184854359e-13
 1.5146369057e+02  7.0307275063e+05 -1.7113433303e+02  0  8.7600000000e+00  4.6290055361e-13
-1.5849382735e+00  7.0337015883e+05  9.6285265747e+00  2  1.6800000000e+01  4.6309636610e-13
-3.3624481255e+00  7.0360159391e+05  9.3857871818e-01  1  1.2100000000e+01  4.6324874211e-13
-8.2994866030e+01  7.0682875090e+05 -4.0559783425e+01  0  8.7600000000e+00  4.6537349059e-13
 2.6879636871e+00  7.0765171475e+05  1.6286924925e+00  0  8.7600000000e+00  4.6591532702e-13
-6.8359759389e+00  7.1056583406e+05  2.3457976996e+00  2  1.6800000000e+01  4.6783397262e-13
 1.7726363001e+01  7.1131512945e+05  1.5697183082e+01  0  8.7600000000e+00  4.6832730599e-13
-5.7245828413e+00  7.1275856172e+05 -3.8858289803e+01  0  8.7600000000e+00  4.6927765657e-13
-1.0529760002e-01  7.1387511171e+05 -1.8487845792e+01  1  1.2100000000e+01  4.7001278904e-13
-2.5511292520e-04  7.1460512015e+05  2.3170662053e-03  3  3.2200000000e+01  4.7049342396e-13
 1.0304317385e+01  7.1482304166e+05  1.0155112822e+01  1  1.2100000000e+01  4.7063690269e-13
 3.4032178412e+00  7.1731177159e+05 -5.9712611009e+00  3  3.2200000000e+01  4.7227547346e-13
-3.2249815108e+02  7.1737668216e+05 -2.5802010150e+02  0  8.7600000000e+00  4.7231821035e-13
-9.0966865840e+01  7.1737920658e+05  9.3637311613e+01  1  1.2100000000e+01  4.7231987242e-13
 2.3730533437e+01  7.1806062996e+05 -3.9555680635e+01  3  3.2200000000e+01  4.7276851910e-13
 5.9661152995e+02  7.1908332692e+05 -4.2340695709e+02  0  8.7600000000e+00  4.7344185908e-13
-2.5002665751e+01  7.1929861485e+05 -1.6539368742e+01  3  3.2200000000e+01  4.7358360387e-13
-1.4643011443e+01  7.2026013302e+05  1.5880963386e+01  2  1.6800000000e+01  4.7421666396e-13
-3.1311578508e+01  7.2105194274e+05  6.1821142088e+00  2  1.6800000000e+01  4.7473798861e-13
-2.5683470237e+01  7.2153396736e+05  1.4038063645e+01  1  1.2100000000e+01  4.7505535187e-13
 1.3288306699e+01  7.2210353481e+05  1.1325628915e+00  0  8.7600000000e+00  4.7543035302e-13
 1.0205222007e+01  7.2260683998e+05 -3.2076101730e+02  0  8.7600000000e+00  4.7576172732e-13
-2.2268434944e+00  7.2261112039e+05 -8.8229647823e-01  1  1.2100000000e+01  4.7576454553e-13
-5.4482717375e-01  7.2288888137e+05 -6.9834949698e+00  2  1.6800000000e+01  4.7594742235e-13
 1.0122342040e+01  7.2307572764e+05 -6.2233216008e-01  1  1.2100000000e+01  4.7607044126e-13
 2.9317132746e-03  7.2364994774e+05  3.3050070136e-03  2  1.6800000000e+01  4.7644850569e-13
 4.6971302121e+01  7.2632574655e+05  6.5142531583e+01  0  8.7600000000e+00  4.7821024194e-13
 1.5255300718e+01  7.2810547375e+05  1.8428069002e+00  1  1.2100000000e+01  4.7938200789e-13
-1.1805776762e+00  7.3006047320e+05  3.3113966246e+00  2  1.6800000000e+01  4.8066917245e-13
 2.7005171461e+01  7.3230227808e+05  5.1757922333e+01  1  1.2100000000e+01  4.8214516867e-13
-2.7471218480e-03  7.3389650088e+05 -8.7690014666e-04  1  1.2100000000e+01  4.8319479919e-13
-1.8636807793e+00  7.3705376840e+05 -1.1809018076e+01  1  1.2100000000e+01  4.8527353269e-13
 1.3226230846e+01  7.3743092790e+05  2.7991649367e+00  0  8.7600000000e+00  4.8552185314e-13
-4.4728845705e+00  7.3981579870e+05  2.8923695888e+01  1  1.2100000000e+01  4.8709204344e-13
-4.7508385172e+00  7.3993734653e+05 -3.4256312304e-01  0  8.7600000000e+00  4.8717207009e-13
 6.7323006364e+00  7.4117463124e+05 -7.3287476355e-01  0  8.7600000000e+00  4.8798669387e-13
-5.4934255858e+01  7.4164455363e+05 -3.9776616335e+01  1  1.2100000000e+01  4.8829608907e-13
 5.6233698236e-01  7.4186022832e+05 -1.0200212322e+00  1  1.2100000000e+01  4.8843808850e-13
 1.9392351187e-03  7.4300182213e+05  2.7246392368e-03  1  1.2100000000e+01  4.8918970973e-13
-2.5074917296e+02  7.4349209337e+05  9.9733297222e+01  0  8.7600000000e+00  4.8951250254e-13
-1.9051990340e+00  7.4827629463e+05  1.0077595389e+01  2  1.6800000000e+01  4.9266240333e-13
 3.0116528776e-03  7.5293574294e+05 -3.1500868537e-03  2  1.6800000000e+01  4.9573016723e-13
 9.7969780942e-01  7.5521096149e+05  1.7991883008e+01  2  1.6800000000e+01  4.9722816288e-13
-1.4260906049e+00  7.5564008483e+05 -9.6924032865e-01  3  3.2200000000e+01  4.9751069614e-13
-2.4746300922e+01  7.5580827628e+05 -2.2716978954e+01  1  1.2100000000e+01  4.9762143278e-13
-8.3533323265e+00  7.5592158529e+05 -3.7846674791e+00  0  8.7600000000e+00  4.9769603503e-13
-5.4718189259e+01  7.5770828281e+05 -5.1343524105e+01  0  8.7600000000e+00  4.9887239020e-13
-3.5097505238e-03  7.5788167402e+05  1.6229457905e-03  0  8.7600000000e+00  4.9898655035e-13
-3.1500995849e-03  7.5815696873e+05 -3.7237234594e-03  2  1.6800000000e+01  4.9916780338e-13
-3.3463207382e+00  7.5935155445e+05  3.2661733607e+00  2  1.6800000000e+01  4.9995431430e-13
-3.6942108811e+00  7.6011015537e+05  4.9649275959e+00  0  8.7600000000e+00  5.0045377440e-13
-2.4719743217e+00  7.6051695629e+05 -1.8370080506e+01  1  1.2100000000e+01  5.0072161065e-13
-1.9298543202e+01  7.6124257082e+05 -8.2918390085e+00  2  1.6800000000e+01  5.0119935263e-13
 3.6983878664e+01  7.6303289006e+05  1.1470878592e+02  0  8.7600000000e+00  5.0237809234e-13
-3.6572402314e-01  7.6374497741e+05 -1.0465443293e+01  0  8.7600000000e+00  5.0284692807e-13
-3.7418726117e+01  7.6472937582e+05 -4.4111067564e+01  1  1.2100000000e+01  5.0349505242e-13
-4.6201820437e-03  7.6790457634e+05 -1.3996083971e-03  2  1.6800000000e+01  5.0558559295e-13
-2.8207915590e+00  7.6873692681e+05 -2.6401989355e+01  2  1.6800000000e+01  5.0613360948e-13
-4.7761629322e+00  7.6908820880e+05  8.9175441974e+00  0  8.7600000000e+00  5.0636489228e-13
-3.2183302465e-03  7.7026422642e+05 -4.7645289240e-04  2  1.6800000000e+01  5.0713917801e-13
-3.0625429441e+00  7.7181430604e+05  4.7503031436e+00  0  8.7600000000e+00  5.0815974483e-13
 3.1993988865e-01  7.7226250366e+05 -2.0627836335e-01  0  8.7600000000e+00  5.0845483652e-13
 7.9125852067e+01  7.7268675142e+05 -4.3542842415e+01  0  8.7600000000e+00  5.0873415971e-13
 4.1565596813e+01  7.7373925589e+05 -1.1938997879e+02  0  8.7600000000e+00  5.0942712484e-13
 9.8888245661e+00  7.7402525675e+05 -5.2191832645e+00  1  1.2100000000e+01  5.0961542677e-13
-1.3838306626e+01  7.7459547655e+05  3.7310117868e+00  0  8.7600000000e+00  5.0999085742e-13
 1.0235965857e+00  7.7848209328e+05  2.2856263592e+00  3  3.2200000000e+01  5.1254979180e-13
-1.2006793599e+00  7.8014030743e+05  2.3348376319e+00  0  8.7600000000e+00  5.1364155400e-13
-7.4503711800e+01  7.8057790456e+05  2.4343777830e+02  0  8.7600000000e+00  5.1392966636e-13
-4.3596691005e+01  7.8639685824e+05 -3.8322021305e-01  1  1.2100000000e+01  5.1776084440e-13
 7.1433772314e+00  7.8666358688e+05 -1.6430077924e+00  1  1.2100000000e+01  5.1793645757e-13
-9.5748035921e+01  7.8868403906e+05 -2.1467902594e+02  2  1.6800000000e+01  5.1926671597e-13
 2.2562373929e-03  7.9096308777e+05  5.8186244945e-04  0  8.7600000000e+00  5.2076723339e-13
-1.3408521240e+00  7.9241149171e+05 -4.7653951012e+00  0  8.7600000000e+00  5.2172085730e-13
-6.3781207224e-04  7.9303744944e+05  2.9250181992e-04  3  3.2200000000e+01  5.2213298560e-13
-7.1585739081e+00  7.9436543998e+05  1.7267411100e+01  2  1.6800000000e+01  5.2300732977e-13
-1.6135429766e+02  7.9508778868e+05 -2.6337854608e+02  1  1.2100000000e+01  5.2348292154e-13
-1.0344946293e+02  7.9518614407e+05  6.5551493625e+01  0  8.7600000000e+00  5.2354767837e-13
 4.4618840735e+02  7.9799393542e+05  1.3470698595e+02  0  8.7600000000e+00  5.2539631803e-13
 1.9742726880e+01  7.9811817330e+05  9.7792159590e-01  1  1.2100000000e+01  5.2547811580e-13
-1.1885057795e+02  7.9966033873e+05 -1.2421958224e+02  0  8.7600000000e+00  5.2649347193e-13
 1.7991390460e+01  8.0033052106e+05 -2.5559817004e+01  2  1.6800000000e+01  5.2693471755e-13
-1.1100043515e+01  8.0090984498e+05  4.1493102551e+01  0  8.7600000000e+00  5.2731614233e-13
-2.5623572524e+00  8.0286950530e+05  7.0430483398e-01  0  8.7600000000e+00  5.2860637559e-13
-3.9219125728e-03  8.0334177253e+05  4.4153893550e-03  1  1.2100000000e+01  5.2891731462e-13
-1.2970708077e+01  8.0453815373e+05  2.1230470593e+01  2  1.6800000000e+01  5.2970500767e-13
-5.5111051796e-04  8.0779811853e+05 -2.5144752848e-03  2  1.6800000000e+01  5.3185135669e-13
 1.1458457606e+01  8.0808246926e+05  1.3029090115e+02  2  1.6800000000e+01  5.3203857219e-13
-7.8611246580e-04  8.0951144352e+05 -2.1922126353e-03  3  3.2200000000e+01  5.3297940367e-13
-1.2893517367e+00  8.1095841571e+05 -2.8535198300e+00  2  1.6800000000e+01  5.3393208492e-13
-4.5177610682e-03  8.1139672261e+05 -1.0273137600e-05  1  1.2100000000e+01  5.3422066459e-13
 9.5308669890e+00  8.1196053492e+05  4.7966639663e+00  3  3.2200000000e+01  5.3459187658e-13
-3.3713584812e+00  8.1263130499e+05 -3.8284656093e-01  2  1.6800000000e+01  5.3503350916e-13
 1.7683670512e+02  8.1361699271e+05  3.8949045187e+01  0  8.7600000000e+00  5.3568248239e-13
 1.5232325609e+01  8.1430427049e+05 -7.9798937356e+00  3  3.2200000000e+01  5.3613498359e-13
 3.2376622289e+00  8.1583099020e+05 -2.9092829141e+00  1  1.2100000000e+01  5.3714017032e-13
-2.8609551905e+01  8.1627458748e+05  9.6309649967e+00  1  1.2100000000e+01  5.3743223317e-13
-3.2003865020e+00  8.1627601593e+05  9.6462360036e-03  1  1.2100000000e+01  5.3743317365e-13
-2.6606236480e-03  8.1778448586e+05  2.8983472930e-03  3  3.2200000000e+01  5.3842634479e-13
-1.0826652990e+00  8.1876171432e+05  3.2734654115e+00  1  1.2100000000e+01  5.3906974847e-13
 1.6224244198e+01  8.1917948918e+05  1.0780319485e+01  1  1.2100000000e+01  5.3934480993e-13
-4.6917688121e+02  8.1979304010e+05  1.4449841174e+02  0  8.7600000000e+00  5.3974876963e-13
 2.5229531049e-03  8.2013037217e+05  3.2728346755e-03  4  4.0000000000e+01  5.3997086784e-13
-1.2280169297e+02  8.2048819936e+05 -2.3046281126e+02  2  1.6800000000e+01  5.4020645997e-13
 1.6756445889e+01  8.2113629630e+05  4.3908751601e+01  0  8.7600000000e+00  5.4063316465e-13
-6.9602352834e+00  8.2233360483e+05 -2.6749249935e+00  0  8.7600000000e+00  5.4142146825e-13
-1.0956546716e+01  8.2407038358e+05 -2.6185393770e+00  2  1.6800000000e+01  5.4256495709e-13
-6.3361883003e+00  8.2418268814e+05  3.2875342613e+00  1  1.2100000000e+01  5.4263889801e-13
 1.3273008539e+01  8.2464789612e+05 -3.6367878781e+00  2  1.6800000000e+01  5.4294518925e-13
-2.6826921733e+02  8.2484729844e+05  1.0326159624e+02  0  8.7600000000e+00  5.4307647502e-13
-1.5935480813e+02  8.2524767142e+05 -1.7666262214e+02  2  1.6800000000e+01  5.4334007914e-13
-3.4676086430e-03  8.2674994771e+05 -9.8462600772e-05  1  1.2100000000e+01  5.4432917241e-13
-1.1456023861e+01  8.2857760041e+05 -1.3458178657e+01  3  3.2200000000e+01  5.4553249234e-13
-4.8609311831e-03  8.2906187311e+05  2.3296048526e-03  3  3.2200000000e+01  5.4585133573e-13
 3.6687581933e-03  8.2914559688e+05  8.1895550518e-04  3  3.2200000000e+01  5.4590645915e-13
-6.2096164845e-01  8.2921577379e+05  2.5786408034e+00  1  1.2100000000e+01  5.4595266338e-13
-3.0395514458e+01  8.3026311066e+05  1.3324194809e+01  1  1.2100000000e+01  5.4664222618e-13
 2.1615040659e+01  8.3034018230e+05  4.3085510192e+01  0  8.7600000000e+00  5.4669296987e-13
 4.1851756019e-03  8.3182415861e+05  2.4634188751e-04  3  3.2200000000e+01  5.4767001450e-13
-2.5911491090e+00  8.3295881160e+05 -5.4660449642e+00  2  1.6800000000e+01  5.4841706592e-13
 2.6810338966e-04  8.3304386557e+05 -3.9863299853e-03  3  3.2200000000e+01  5.4847306514e-13
-1.1696400339e+00  8.3364815218e+05  1.7939064881e+00  1  1.2100000000e+01  5.4887092526e-13
 3.4214111064e+01  8.3408127167e+05 -2.5234603832e+01  1  1.2100000000e+01  5.4915608957e-13
 2.9224115528e+01  8.3698662509e+05  6.8470457375e+01  0  8.7600000000e+00  5.5106896374e-13
 1.2087582084e+02  8.3912388402e+05  1.8044590447e+01  1  1.2100000000e+01  5.5247612728e-13
-4.2794547986e+00  8.3983401266e+05  1.1253441997e+01  0  8.7600000000e+00  5.5294367341e-13
 4.9265900472e+01  8.4168302452e+05 -1.7944277788e+00  2  1.6800000000e+01  5.5416105612e-13
 1.6598706815e+01  8.4342424807e+05 -4.2094409892e+00  2  1.6800000000e+01  5.5530747140e-13
 3.6427206165e+01  8.4384384532e+05  1.5954265164e+00  0  8.7600000000e+00  5.5558373271e-13
 1.7519368868e-03  8.4486773006e+05  4.8032566112e-03  1  1.2100000000e+01  5.5625785472e-13
-6.7028644464e+02  8.4550128632e+05  4.5755112697e+01  0  8.7600000000e+00  5.5667498587e-13
 4.1884608823e+00  8.4606261439e+05 -1.4927172383e-01  3  3.2200000000e+01  5.5704456223e-13
-4.1768236791e+01  8.4638758344e+05 -1.1432671486e+01  1  1.2100000000e+01  5.5725852068e-13
-1.4739127076e+01  8.4669963850e+05  8.7273327816e-01  0  8.7600000000e+00  5.5746397661e-13
-6.1062399914e+01  8.4897337763e+05  1.8818352453e+01  0  8.7600000000e+00  5.5896099822e-13
-9.5555120783e+01  8.4971397313e+05 -1.4065998314e+00  1  1.2100000000e+01  5.5944860361e-13
 1.5423724514e+01  8.5069645648e+05  7.1048714236e+00  1  1.2100000000e+01  5.6009546709e-13
 2.8260219550e-01  8.5251083585e+05 -2.3279498823e+00  2  1.6800000000e+01  5.6129004790e-13
-1.6661347526e-03  8.5356723059e+05 -2.7267876769e-03  3  3.2200000000e+01  5.6198557437e-13
-3.7027599379e+00  8.5589026405e+05  8.1406300334e+00  2  1.6800000000e+01  5.6351505119e-13
 3.5693804427e+00  8.5709279102e+05  1.4753541690e+01  2  1.6800000000e+01  5.6430679059e-13
 1.1394392741e+02  8.5799276637e+05  2.7495722784e+01  0  8.7600000000e+00  5.6489933111e-13
 7.0151775422e+00  8.5886420338e+05 -7.8324902162e+01  1  1.2100000000e+01  5.6547308208e-13
 1.7270744428e+01  8.5898659453e+05  3.3085066199e+00  1  1.2100000000e+01  5.6555366397e-13
 5.6376245648e+01  8.6025392905e+05 -9.5059955210e+01  3  3.2200000000e+01  5.6638807243e-13
 2.7438832446e+01  8.6167306150e+05  9.5981504272e+00  0  8.7600000000e+00  5.6732242409e-13
 4.5868239005e-01  8.6515749547e+05 -6.0157916197e+00  1  1.2100000000e+01  5.6961656281e-13
 1.4147779830e+00  8.6679324220e+05  3.7248649949e+00  3  3.2200000000e+01  5.7069353253e-13
-3.9991823421e+00  8.6785898552e+05 -8.0921633194e+00  0  8.7600000000e+00  5.7139521408e-13
-2.1396626023e+00  8.6809656361e+05  2.3854243209e+00  1  1.2100000000e+01  5.7155163463e-13
-4.1523914259e+00  8.6906723062e+05  9.9214378299e+00  0  8.7600000000e+00  5.7219071828e-13
-1.0707755482e+02  8.6983353141e+05  2.3339051119e+01  1  1.2100000000e+01  5.7269524794e-13
-8.0319219603e-01  8.7033302262e+05  5.0096375746e+00  1  1.2100000000e+01  5.7302411115e-13
-4.4791012560e+01  8.7154303555e+05  4.4092538935e+02  0  8.7600000000e+00  5.7382077928e-13
 4.6094659537e+00  8.7281948028e+05 -2.1733035186e+00  0  8.7600000000e+00  5.7466118587e-13
 8.7951421546e-04  8.7339276650e+05  1.9954192019e-03  2  1.6800000000e+01  5.7503863544e-13
-2.9894735888e-03  8.7495643671e+05 -4.0826062854e-03  2  1.6800000000e+01  5.7606815024e-13
 2.7754939557e+00  8.7732443443e+05 -1.2336017286e+00  1  1.2100000000e+01  5.7762723137e-13
-8.8953279195e-01  8.7753313883e+05  1.5364414769e+00  0  8.7600000000e+00  5.7776464159e-13
-1.4718044426e+01  8.7894723971e+05  6.7183647279e+00  1  1.2100000000e+01  5.7869568049e-13
-1.6441903548e+01  8.8284441143e+05  3.9956439531e+01  0  8.7600000000e+00  5.8126156424e-13
 4.6323130996e+00  8.8417105434e+05 -8.9207243586e+00  1  1.2100000000e+01  5.8213502113e-13
-5.8232854960e+01  8.8515307920e+05  1.8963804744e+02  0  8.7600000000e+00  5.8278158275e-13
 1.3345725424e+02  8.8543162744e+05 -4.5570769398e+02  1  1.2100000000e+01  5.8296497790e-13
 5.0738644295e+01  8.8590503785e+05 -6.8110995887e-01  1  1.2100000000e+01  5.8327666959e-13
 2.6433530272e+00  8.8770872679e+05  1.1866648180e+00  2  1.6800000000e+01  5.8446421186e-13
 4.7840061293e-01  8.8948557047e+05 -1.7054709817e+00  2  1.6800000000e+01  5.8563407931e-13
 7.3725285354e-01  8.8985783569e+05  5.7483965889e-01  1  1.2100000000e+01  5.8587917739e-13
-5.4765277108e+00  8.9053672302e+05  3.4589404787e+00  2  1.6800000000e+01  5.8632615435e-13
 1.9589621696e+00  8.9091429480e+05 -6.7976388784e+00  0  8.7600000000e+00  5.8657474624e-13
 3.4465230862e+01  8.9139296089e+05  3.4120478072e+01  3  3.2200000000e+01  5.8688989826e-13
 3.8660379248e+01  8.9273159469e+05 -2.5424075321e+01  2  1.6800000000e+01  5.8777124991e-13
-2.8517699379e+01  8.9393803637e+05 -2.2284257717e+01  0  8.7600000000e+00  5.8856556674e-13
 3.6361615633e-03  8.9415763800e+05  2.9673940958e-03  1  1.2100000000e+01  5.8871015166e-13
-1.5245915376e+01  8.9596930068e+05  3.7294239874e+01  0  8.7600000000e+00  5.8990294381e-13
 6.1356805388e+01  8.9603344873e+05 -6.9632536754e+00  1  1.2100000000e+01  5.8994517865e-13
 3.1728960623e+01  8.9643185224e+05  5.1253540757e+00  0  8.7600000000e+00  5.9020748608e-13
 1.6795390131e+01  8.9899071221e+05 -6.1870461729e+01  0  8.7600000000e+00  5.9189223022e-13
 2.9925686205e-03  8.9923890003e+05 -3.8991956408e-03  4  4.0000000000e+01  5.9205563618e-13
-4.9525215031e+00  8.9982153485e+05 -6.9059644920e+00  2  1.6800000000e+01  5.9243924084e-13
 5.7712704803e+00  9.0233912367e+05 -1.3422488236e+00  3  3.2200000000e+01  5.9409681220e-13
-6.2036457224e-01  9.0235316975e+05  4.5100960489e+01  2  1.6800000000e+01  5.9410606009e-13
-3.7811343646e-03  9.0446622376e+05  4.7473485837e-04  3  3.2200000000e+01  5.9549728720e-13
 4.2408979180e+01  9.0594471159e+05  2.0806137652e+01  1  1.2100000000e+01  5.9647071823e-13
-1.8246903434e+01  9.1154502770e+05  8.8294115789e+01  0  8.7600000000e+00  6.0015794609e-13
 1.6980469609e+02  9.1221606688e+05  5.4043178608e+01  0  8.7600000000e+00  6.0059975585e-13
 6.2268629470e+00  9.1234612158e+05 -9.6967579634e-01  1  1.2100000000e+01  6.0068538340e-13
-2.8268955545e+00  9.1457437508e+05  1.6553450751e-01  0  8.7600000000e+00  6.0215245743e-13
 3.8433799133e+00  9.1828146430e+05 -1.1096772385e+01  1  1.2100000000e+01  6.0459319156e-13
-5.9812009113e+00  9.2027125803e+05  3.4962015146e+01  0  8.7600000000e+00  6.0590326454e-13
-1.1312354571e-03  9.2150020722e+05 -2.6743272541e-03  3  3.2200000000e+01  6.0671240024e-13
-2.1845709231e+02  9.2193961562e+05 -1.0810029845e+02  0  8.7600000000e+00  6.0700170514e-13
-1.4385156496e+00  9.2238563022e+05  1.0051985544e+01  0  8.7600000000e+00  6.0729535954e-13
-3.7651008421e+00  9.2325159336e+05  2.0685765067e+01  0  8.7600000000e+00  6.0786550654e-13
-1.1318814385e+01  9.2432832873e+05  1.3145430271e+00  0  8.7600000000e+00  6.0857442521e-13
 5.2541093378e+00  9.2476966836e+05 -2.4704750746e+00  0  8.7600000000e+00  6.0886500162e-13
 1.7929944847e+00  9.2481255103e+05  5.5563008786e+00  0  8.7600000000e+00  6.0889323542e-13
-4.1833646186e+01  9.2548161648e+05 -1.0993087698e+01  1  1.2100000000e+01  6.0933374568e-13
-4.7515930936e+00  9.2569442550e+05 -1.0213950360e+00  0  8.7600000000e+00  6.0947385837e-13
-2.9677706841e+01  9.2577238646e+05 -7.9236920262e+01  0  8.7600000000e+00  6.0952518758e-13
 1.0710515478e+01  9.2721596250e+05  4.0374031482e+01  0  8.7600000000e+00  6.1047563283e-13
 1.8364807356e+00  9.2850744502e+05 -1.2741108980e+00  2  1.6800000000e+01  6.1132594024e-13
-1.7795787324e+02  9.2883689112e+05  1.4342171200e+02  1  1.2100000000e+01  6.1154284636e-13
 2.5818396069e-03  9.2895961240e+05  2.9782732101e-03  1  1.2100000000e+01  6.1162364560e-13
 5.8499175462e+01  9.2919056287e+05 -9.3625125492e+00  0  8.7600000000e+00  6.1177570256e-13
-2.1531763404e+00  9.3015263563e+05 -1.5544543282e+00  0  8.7600000000e+00  6.1240912778e-13
-4.1621577550e-03  9.3016236745e+05 -3.3853875279e-03  0  8.7600000000e+00  6.1241553518e-13
 8.7857690827e-01  9.3071560816e+05  3.3880494707e+00  1  1.2100000000e+01  6.1277978686e-13
 2.8844320481e+00  9.3120564027e+05  1.5475418160e+00  2  1.6800000000e+01  6.1310242222e-13
-4.3297463338e+00  9.3185693278e+05  4.8382994489e+01  0  8.7600000000e+00  6.1353123086e-13
 4.2576590626e-01  9.3212651162e+05 -1.9093822463e+00  0  8.7600000000e+00  6.1370872059e-13
-5.4685303854e+00  9.3239958022e+05 -1.4437476990e+01  2  1.6800000000e+01  6.1388850796e-13
 1.9752234546e+00  9.3528325765e+05  1.3610255190e+00  0  8.7600000000e+00  6.1578711074e-13
 1.7918179821e-03  9.3643679318e+05 -4.9151745345e-03  0  8.7600000000e+00  6.1654659436e-13
 4.2808966650e+02  9.3825115626e+05  2.4188947618e+00  0  8.7600000000e+00  6.1774116444e-13
-1.4385717510e+00  9.3845248678e+05  1.0736853765e+00  0  8.7600000000e+00  6.1787371973e-13
-1.7972878781e+00  9.3965902150e+05  3.9276131992e-01  2  1.6800000000e+01  6.1866809782e-13
-8.3724407609e+01  9.3995371083e+05 -7.8085610474e+00  0  8.7600000000e+00  6.1886212021e-13
 1.8934002825e+02  9.4021038347e+05  9.1964258727e+01  0  8.7600000000e+00  6.1903111255e-13
 6.6159857701e-04  9.4183219777e+05 -5.1271625120e-04  0  8.7600000000e+00  6.2009890921e-13
-4.2375695565e+00  9.4235079394e+05 -3.2398154628e+00  0  8.7600000000e+00  6.2044035105e-13
 1.8426807849e+01  9.4494967780e+05 -2.9887300477e+00  2  1.6800000000e+01  6.2215144677e-13
 2.5615248582e+01  9.4524488814e+05 -1.7739655116e+01  2  1.6800000000e+01  6.2234581219e-13
 6.1700447856e-01  9.4684483612e+05  2.2664344643e-01  0  8.7600000000e+00  6.2339921215e-13
 2.4517564750e+01  9.4726896675e+05  1.2528658400e+01  1  1.2100000000e+01  6.2367845822e-13
 6.9626575243e-01  9.4838151746e+05  4.6132949658e+00  0  8.7600000000e+00  6.2441095758e-13
-6.0166293275e-01  9.4905668274e+05 -3.1587899301e-01  2  1.6800000000e+01  6.2485548396e-13
-1.6450653597e-01  9.5047398756e+05  3.2524769147e-01  1  1.2100000000e+01  6.2578863232e-13
-5.1292967256e+00  9.5245473450e+05  9.3133795465e-01  1  1.2100000000e+01  6.2709274893e-13
-1.3540308413e+02  9.5291867735e+05  6.3162250945e+01  0  8.7600000000e+00  6.2739820723e-13
-9.2099281304e+01  9.5322038013e+05 -1.2540827686e+01  0  8.7600000000e+00  6.2759684725e-13
 1.9221789136e-02  9.5415888572e+05  5.7219889391e-01  1  1.2100000000e+01  6.2821475593e-13
 6.3267276808e+00  9.5425955721e+05 -6.5465078405e+00  0  8.7600000000e+00  6.2828103767e-13
 1.4120393153e+01  9.5545500442e+05 -5.0722360576e+00  0  8.7600000000e+00  6.2906811579e-13
 1.8660894435e+00  9.5629250366e+05 -2.3009314285e+00  1  1.2100000000e+01  6.2961952226e-13
 3.2595353845e+02  9.5705776496e+05  8.3296558202e+01  1  1.2100000000e+01  6.3012336752e-13
 2.7779661062e-03  9.5728489857e+05 -7.2365297737e-04  0  8.7600000000e+00  6.3027291147e-13
 5.5959968302e+00  9.5741311440e+05  2.4568089841e+00  0  8.7600000000e+00  6.3035732831e-13
 1.4948314262e+01  9.5889409897e+05  4.3331739496e+01  0  8.7600000000e+00  6.3133240319e-13
 1.1823081640e+02  9.5978390619e+05 -2.8741486377e+01  0  8.7600000000e+00  6.3191824904e-13
 3.9036737517e+01  9.6030256883e+05  3.0780854449e+01  1  1.2100000000e+01  6.3225973465e-13
-6.7626935507e+02  9.6135114443e+05  2.4123493513e+02  0  8.7600000000e+00  6.3295011303e-13
 1.4456681269e+01  9.6142977915e+05 -2.5304755379e+01  1  1.2100000000e+01  6.3300188584e-13
-2.4355906190e-03  9.6303706221e+05 -4.9715328356e-03  4  4.0000000000e+01  6.3406011519e-13
-5.9299839584e+01  9.6434606858e+05 -5.6097632687e+01  0  8.7600000000e+00  6.3492196024e-13
 3.4476318715e-03  9.6697366720e+05  4.3488649090e-03  0  8.7600000000e+00  6.3665196166e-13
-3.7621833069e+00  9.6762915831e+05  3.6408413222e-01  0  8.7600000000e+00  6.3708353463e-13
 5.9898517396e+01  9.6900311230e+05  4.9724790090e+01  0  8.7600000000e+00  6.3798814097e-13
 8.9802368204e+02  9.6936509395e+05 -2.0194917934e+03  0  8.7600000000e+00  6.3822646837e-13
 1.3725248614e-03  9.7013721501e+05 -1.9746541171e-03  3  3.2200000000e+01  6.3873483009e-13
 8.8847571492e+01  9.7118705810e+05 -6.4179610103e+00  3  3.2200000000e+01  6.3942604298e-13
-1.1233560972e+01  9.7243326429e+05  8.0726610937e+00  0  8.7600000000e+00  6.4024654062e-13
 2.1725540527e+01  9.7245761753e+05 -3.9805264341e+01  2  1.6800000000e+01  6.4026257471e-13
 3.3781844536e+02  9.7273108628e+05  2.1052027683e+02  1  1.2100000000e+01  6.4044262554e-13
 5.0846536672e+01  9.7314434411e+05 -2.0573597542e+01  0  8.7600000000e+00  6.4071471300e-13
 1.9882535362e-03  9.7590989212e+05 -3.4228177082e-03  1  1.2100000000e+01  6.4253553980e-13
 6.1747570105e+01  9.7609476153e+05 -1.2152614691e+02  2  1.6800000000e+01  6.4265725715e-13
-3.4600986780e+01  9.7653961103e+05 -1.1246711342e+01  2  1.6800000000e+01  6.4295014445e-13
 1.9671523974e+02  9.7754691809e+05  1.5376358241e+01  0  8.7600000000e+00  6.4361335177e-13
-1.4871766741e+01  9.8166750435e+05 -4.8323899148e+00  0  8.7600000000e+00  6.4632633085e-13
 8.5889297007e+00  9.8360142659e+05  1.1559996273e+01  0  8.7600000000e+00  6.4759961824e-13
 1.6345971173e+02  9.8840155413e+05 -1.8340382114e+02  0  8.7600000000e+00  6.5076000484e-13
-9.6988839816e-01  9.9093790258e+05  8.6298507991e+00  1  1.2100000000e+01  6.5242992748e-13
-4.2905091813e-02  9.9127945446e+05 -5.3836463640e+01  1  1.2100000000e+01  6.5265480400e-13
 7.2751660920e+01  9.9339479052e+05 -2.6735017383e+01  0  8.7600000000e+00  6.5404753360e-13
-2.6405965709e+01  9.9409914510e+05 -6.6110257424e+00  0  8.7600000000e+00  6.5451127810e-13
-2.5988931399e+00  9.9434368965e+05  4.4874777838e+00  2  1.6800000000e+01  6.5467228535e-13
-4.6912879412e+00  9.9661771338e+05  4.1745401834e+01  2  1.6800000000e+01  6.5616949434e-13
 1.8872660599e+01  9.9712095724e+05 -2.2360279513e+01  3  3.2200000000e+01  6.5650082828e-13
-5.7753105524e-01  9.9900336594e+05  3.8238823229e-01  2  1.6800000000e+01  6.5774019935e-13
-3.7275472303e+00  1.0019791572e+06 -6.5034293137e+00  2  1.6800000000e+01  6.5969944953e-13