 x                 y                 z               Event            Energy              Time
-2.9508756790e-03  4.6682883750e+02  4.6324629102e-03  0  8.7600000000e+00  2.5377024393e-16
-7.7057353017e+00  6.0585192533e+03  1.1020490620e-01  1  1.2100000000e+01  3.2934381625e-15
 4.4412152896e+00  6.5027554203e+03  9.5064597692e-01  1  1.2100000000e+01  3.5349269297e-15
-2.1958681788e-03  1.2005370817e+04  4.0435184441e-03  1  1.2100000000e+01  6.5261732695e-15
-1.8782087600e+00  1.5968015936e+04 -6.4466829776e+00  0  8.7600000000e+00  8.6802848787e-15
-3.9700633060e+01  1.6961540299e+04 -7.8026580241e+01  2  1.6800000000e+01  9.2203691659e-15
-6.8059852091e+00  2.4024527838e+04  1.0581618088e+00  0  8.7600000000e+00  1.3059840781e-14
-5.8551038410e-04  2.4187864900e+04 -6.7302554179e-04  1  1.2100000000e+01  1.3148631538e-14
-6.2982161519e+01  2.5039119508e+04 -3.4939878613e+01  0  8.7600000000e+00  1.3611377351e-14
 2.8829702974e+01  2.7842492495e+04 -6.7276985912e+00  2  1.6800000000e+01  1.5135303444e-14
 5.9042576230e+00  2.9401051205e+04  1.3491435600e+02  2  1.6800000000e+01  1.5982542929e-14
-3.1748336251e+01  3.0661121498e+04  2.7154254820e+02  0  8.7600000000e+00  1.6667522776e-14
-5.5929917433e+00  3.1672569857e+04  5.2949751243e+01  2  1.6800000000e+01  1.7217350628e-14
-1.5402808071e-03  3.2151620182e+04  2.5004753459e-03  0  8.7600000000e+00  1.7477764527e-14
 5.3416926456e+00  3.2218550139e+04  1.0124674663e+01  0  8.7600000000e+00  1.7514147951e-14
 6.8830207296e+00  3.4975793581e+04 -6.5576229851e+00  2  1.6800000000e+01  1.9012997818e-14
 4.3820453871e+00  3.5893118665e+04 -2.7500290908e+00  1  1.2100000000e+01  1.9511659836e-14
-4.5108618259e-03  3.8013510676e+04 -4.0547079263e-03  0  8.7600000000e+00  2.0664314417e-14
 3.9733281361e+01  4.2161840816e+04 -3.3694115975e+01  0  8.7600000000e+00  2.2919365234e-14
 2.5238833844e-03  4.2974569569e+04 -1.0919578728e-03  0  8.7600000000e+00  2.3361168219e-14
 5.0332171576e+01  4.3711241378e+04 -6.9847992101e+01  2  1.6800000000e+01  2.3761626309e-14
-5.2957473034e+02  4.3849017289e+04 -3.0481181857e+02  2  1.6800000000e+01  2.3836521910e-14
 4.5034714882e+01  4.3901506694e+04 -3.4041002870e+01  0  8.7600000000e+00  2.3865055386e-14
-2.5359677512e-03  4.4189854559e+04 -2.0099942512e-03  3  3.2200000000e+01  2.4021802575e-14
 7.5601625176e+02  4.4558313417e+04 -2.2091804556e+02  0  8.7600000000e+00  2.4222098458e-14
 6.4584673607e-01  4.6500207358e+04 -9.7435511230e-01  1  1.2100000000e+01  2.5277720689e-14
-7.8678228510e+00  4.7028581589e+04 -4.3964505516e+00  0  8.7600000000e+00  2.5564947284e-14
-2.8993880005e+00  4.7413813178e+04 -1.3443119419e+01  0  8.7600000000e+00  2.5774360899e-14
-1.9733797931e-03  4.7893378735e+04  3.4058173878e-03  3  3.2200000000e+01  2.6035054881e-14
 2.4230215211e+01  4.8228617661e+04 -5.3760231133e-01  2  1.6800000000e+01  2.6217292260e-14
-6.1993052913e+00  4.8963109363e+04  3.6259815003e-01  1  1.2100000000e+01  2.6616565234e-14
 1.5728369991e-03  4.9287630739e+04  4.6714441570e-03  3  3.2200000000e+01  2.6792976505e-14
-1.2088602566e+01  5.0629880909e+04  8.5778273988e+00  1  1.2100000000e+01  2.7522629701e-14
 4.7026935443e+02  5.2705944435e+04 -1.3214381206e+02  0  8.7600000000e+00  2.8651187119e-14
 1.5998501964e+01  5.3213497501e+04  5.0435402458e+01  2  1.6800000000e+01  2.8927095236e-14
 1.0773119425e+02  5.3376764384e+04  9.0160318138e+01  0  8.7600000000e+00  2.9015847844e-14
 2.9619464548e-03  5.5207163762e+04  1.4340660378e-03  0  8.7600000000e+00  3.0010861132e-14
 1.4090564407e+01  5.5309611833e+04 -7.0184123608e-01  1  1.2100000000e+01  3.0066552361e-14
 8.9616976095e-01  5.5346531691e+04 -6.7207746438e+00  1  1.2100000000e+01  3.0086622161e-14
 6.2123298391e-01  5.6331265809e+04  6.5405174505e+00  3  3.2200000000e+01  3.0621928032e-14
 2.0817816714e+01  5.6802411982e+04 -1.3077461553e+01  2  1.6800000000e+01  3.0878045199e-14
-6.0708445363e+00  5.6809419695e+04 -1.6140045443e+01  1  1.2100000000e+01  3.0881854623e-14
 2.4826799358e+01  5.7328281010e+04 -2.0792680783e+01  1  1.2100000000e+01  3.1163909955e-14
-1.5805439631e+01  5.7796722115e+04  5.2137706023e+01  0  8.7600000000e+00  3.1418556634e-14
-1.7849144591e+00  5.8025343572e+04  1.6281086793e+00  0  8.7600000000e+00  3.1542836280e-14
 8.7337522997e-01  5.8319872916e+04  1.4448980371e+00  2  1.6800000000e+01  3.1702943749e-14
-5.2337244911e+00  6.0113504071e+04 -6.0351017772e+00  1  1.2100000000e+01  3.2677969667e-14
-7.0357859865e+00  6.1735386983e+04  3.8428331571e-01  0  8.7600000000e+00  3.3559632472e-14
-1.3010736517e-01  6.5186924273e+04  1.2737920430e+01  1  1.2100000000e+01  3.5435903580e-14
-9.5089691725e+00  6.6223055176e+04 -5.3196981760e+00  1  1.2100000000e+01  3.5999148972e-14
-4.5763752984e+00  6.6628199521e+04 -1.7197948865e+01  1  1.2100000000e+01  3.6219387250e-14
-4.9449728627e+01  6.7801720758e+04  6.0276607877e+01  0  8.7600000000e+00  3.6857318643e-14
-7.4721415063e+00  6.7882385171e+04  4.3560616941e+01  3  3.2200000000e+01  3.6901168179e-14
 3.5233826403e+01  6.8072504242e+04 -4.6648744521e+01  1  1.2100000000e+01  3.7004517756e-14
 4.6423331841e+01  7.0368102085e+04  1.1389801090e+02  0  8.7600000000e+00  3.8252415010e-14
-3.6910466913e+00  7.0515816673e+04  1.8047076779e+00  0  8.7600000000e+00  3.8332713321e-14
 2.3478981375e-03  7.1678402513e+04  1.1239961563e-03  0  8.7600000000e+00  3.8964700183e-14
 2.1001806251e+00  7.1863481347e+04 -8.6166229032e+00  0  8.7600000000e+00  3.9065309865e-14
-2.0681142055e+01  7.2242446901e+04 -4.1630773040e+01  0  8.7600000000e+00  3.9271317235e-14
 1.0033993637e-03  7.2396296278e+04  4.1331060506e-03  3  3.2200000000e+01  3.9354950445e-14
 3.6548558435e+01  7.5098439499e+04  2.7119923399e+01  1  1.2100000000e+01  4.0823847585e-14
-3.8758529264e+00  7.5564413005e+04 -2.2125502306e+01  2  1.6800000000e+01  4.1077152867e-14
-1.9237640178e+01  7.8804782399e+04  8.2502448126e+00  0  8.7600000000e+00  4.2838632162e-14
-8.2833939563e+01  8.0950539042e+04  1.0519833624e+02  1  1.2100000000e+01  4.4005075070e-14
-2.6056777980e+00  8.2668729742e+04 -9.5172149466e+00  2  1.6800000000e+01  4.4939091219e-14
 3.7812290565e-01  8.8355343552e+04 -2.3484566761e+00  0  8.7600000000e+00  4.8030359919e-14
-4.8866074113e-03  8.9661120380e+04  7.8923887377e-04  1  1.2100000000e+01  4.8740186042e-14
 4.3984293053e+00  8.9976845473e+04 -1.2818020029e+01  0  8.7600000000e+00  4.8911815615e-14
-4.8755047081e+00  9.1953471590e+04  3.5344907680e+01  1  1.2100000000e+01  4.9986318413e-14
 2.6701307943e+00  9.3353444417e+04  9.5858348244e+00  0  8.7600000000e+00  5.0747349903e-14
 1.8000979274e+00  9.3761024117e+04  7.1553871038e-01  1  1.2100000000e+01  5.0968912051e-14
 2.0435122715e+00  9.4362435186e+04  1.9124050829e-01  3  3.2200000000e+01  5.1295841797e-14
 1.6195554535e+00  9.5187593334e+04 -2.2123772104e+00  1  1.2100000000e+01  5.1744401457e-14
 4.7377514698e-03  9.6410930107e+04 -2.6110466465e-03  1  1.2100000000e+01  5.2409412798e-14
 3.8797215737e+00  1.0152970802e+05  1.2293906926e-01  0  8.7600000000e+00  5.5192003366e-14
-2.4676477365e-01  1.0162337650e+05 -1.3548302387e+00  1  1.2100000000e+01  5.5242921970e-14
-3.8609884069e-03  1.0273414809e+05 -1.6321541866e-03  1  1.2100000000e+01  5.5846742373e-14
-1.6154133559e-03  1.0338746904e+05 -2.5227307587e-04  2  1.6800000000e+01  5.6201890563e-14
-2.5909131356e+01  1.0459213475e+05 -2.4383195504e+02  2  1.6800000000e+01  5.6856752233e-14
 5.0595167114e+01  1.0762337263e+05  7.3573251020e+01  3  3.2200000000e+01  5.8504546698e-14
 3.5559879104e+01  1.1098189114e+05 -6.4780532977e+02  0  8.7600000000e+00  6.0330252386e-14
 1.1834581639e+02  1.1192724962e+05  3.1854071498e+00  1  1.2100000000e+01  6.0844153481e-14
-3.0138668791e+01  1.1247662036e+05 -6.8040798217e+01  1  1.2100000000e+01  6.1142793870e-14
 4.6413925032e-05  1.1491304993e+05  7.8838018272e-05  3  3.2200000000e+01  6.2467247884e-14
-1.1565472772e+01  1.1594473452e+05  4.4237812428e+01  0  8.7600000000e+00  6.3028076242e-14
-2.0177554072e+00  1.1602337179e+05  6.5492890865e+00  0  8.7600000000e+00  6.3070823810e-14
 9.1035583091e+00  1.1650549668e+05  3.9975319829e+00  2  1.6800000000e+01  6.3332909056e-14
-4.6119142081e+01  1.1987223776e+05  4.1934045507e+01  0  8.7600000000e+00  6.5163084567e-14
-3.3185959484e+00  1.1998973153e+05  7.9349191207e+00  2  1.6800000000e+01  6.5226954709e-14
-1.1503313381e+00  1.2325253323e+05 -1.6921103576e-01  0  8.7600000000e+00  6.7000628302e-14
 3.0009204924e-01  1.2340277267e+05  1.5094055026e+00  1  1.2100000000e+01  6.7082299136e-14
 5.9483092342e+00  1.2440615891e+05 -5.7133109245e+00  0  8.7600000000e+00  6.7627744383e-14
-4.9694269104e-03  1.2675918122e+05 -1.1580827349e-03  3  3.2200000000e+01  6.8906857831e-14
 4.7206690157e+00  1.3062914614e+05 -2.2944190410e+01  2  1.6800000000e+01  7.1010588074e-14
-1.1195675754e+01  1.3177750508e+05 -5.5422147899e+00  0  8.7600000000e+00  7.1634841130e-14
-8.5312214560e+00  1.3337666911e+05 -5.3202385091e+00  0  8.7600000000e+00  7.2504153845e-14
-3.8965249103e-03  1.3741328290e+05  1.1058325675e-03  3  3.2200000000e+01  7.4698475159e-14
 3.9140462893e+00  1.3837891074e+05  5.6167681983e+00  2  1.6800000000e+01  7.5223394770e-14
-8.9729462152e-01  1.4713472178e+05 -1.9089555565e+00  1  1.2100000000e+01  7.9983092809e-14
 3.0217623731e+00  1.4904347278e+05 -5.2096556430e+00  1  1.2100000000e+01  8.1020698394e-14
-6.4990676503e+00  1.4929573938e+05  5.8358795474e+00  0  8.7600000000e+00  8.1157831642e-14
-4.2720382331e-03  1.4999977719e+05 -1.4658417327e-04  0  8.7600000000e+00  8.1540549745e-14
-1.0411390645e+02  1.5033775465e+05 -1.9219561368e+02  1  1.2100000000e+01  8.1724275802e-14
 3.0209380743e+00  1.5473718057e+05  1.4991524516e-01  1  1.2100000000e+01  8.4115823413e-14
-3.6402000993e-03  1.5708616388e+05 -8.4306850836e-04  3  3.2200000000e+01  8.5392741242e-14
 1.8050159233e+02  1.5732042088e+05 -1.6123892184e+01  3  3.2200000000e+01  8.5520084396e-14
-6.0402719223e+00  1.5966608059e+05  1.1419332367e+02  0  8.7600000000e+00  8.6795195507e-14
-1.1968730450e+01  1.5985180954e+05  6.4301107615e+01  0  8.7600000000e+00  8.6896158593e-14
-6.2826663075e+01  1.6095146157e+05 -7.2769386786e+01  0  8.7600000000e+00  8.7493934353e-14
 5.4758002309e-04  1.6096686946e+05  3.1774479980e-03  2  1.6800000000e+01  8.7502310153e-14
-3.6153973618e+00  1.6401804374e+05 -7.7337717524e+00  3  3.2200000000e+01  8.9160942138e-14
 1.0552080876e+01  1.6660847697e+05 -1.6616006098e+01  2  1.6800000000e+01  9.0569113228e-14
 1.7108005730e+00  1.6665181869e+05 -8.0070637852e+00  0  8.7600000000e+00  9.0592673982e-14
 1.5003977531e+00  1.6679911767e+05 -3.5929414844e-01  2  1.6800000000e+01  9.0672746366e-14
 1.3198288672e+01  1.6946170743e+05  4.5658306350e+01  0  8.7600000000e+00  9.2120142064e-14
-1.9972461029e+02  1.7139201048e+05 -5.7086583478e+01  0  8.7600000000e+00  9.3169463439e-14
 1.4657900816e+01  1.7315826009e+05 -2.2882327180e+01  2  1.6800000000e+01  9.4129604624e-14
-2.8141920397e+01  1.7352232242e+05 -2.4371809091e+00  1  1.2100000000e+01  9.4327510538e-14
-3.6651723336e-01  1.7382817003e+05 -5.3780428040e-02  1  1.2100000000e+01  9.4493770665e-14
 5.0947304226e+00  1.7407123189e+05  2.7599310756e+00  0  8.7600000000e+00  9.4625900176e-14
-5.2332454499e-01  1.7414895139e+05 -1.8713873136e+00  3  3.2200000000e+01  9.4668148845e-14
 5.2990602355e+00  1.7677703501e+05 -6.7755598359e-01  2  1.6800000000e+01  9.6096786853e-14
-1.5228757055e+02  1.7738698048e+05 -1.1421488175e+02  2  1.6800000000e+01  9.6428355943e-14
 1.6871092950e+01  1.7822776585e+05 -2.7463289068e+01  0  8.7600000000e+00  9.6885410630e-14
 1.0368781546e+02  1.8258396210e+05  2.5239247840e+02  0  8.7600000000e+00  9.9253458391e-14
 6.6563402816e+01  1.8279712140e+05  2.3329309770e+01  0  8.7600000000e+00  9.9369332743e-14
-6.8839527528e-01  1.8383398380e+05 -1.0942969156e+00  0  8.7600000000e+00  9.9932975778e-14
 2.0371953969e+01  1.8438251837e+05 -4.3606648553e+00  1  1.2100000000e+01  1.0023116163e-13
-3.0545368212e+01  1.8460339470e+05  1.8912375834e+00  1  1.2100000000e+01  1.0035123099e-13
 3.3685031852e-03  1.8519471330e+05  4.4330329958e-03  3  3.2200000000e+01  1.0067267442e-13
 1.3987639970e+01  1.8655604076e+05 -1.2526533109e+02  0  8.7600000000e+00  1.0141269812e-13
-5.0999579933e+00  1.8785786868e+05  3.4431051941e+01  2  1.6800000000e+01  1.0212037760e-13
 1.7894641695e+02  1.9348699701e+05  1.0309746530e+02  1  1.2100000000e+01  1.0518039693e-13
-2.4315635351e+01  1.9407745368e+05  9.6474289150e+00  2  1.6800000000e+01  1.0550137182e-13
 4.8469323166e-02  1.9407780496e+05  1.3649089857e+00  2  1.6800000000e+01  1.0550156278e-13
 2.9260691812e+02  2.0279010445e+05 -2.4593432861e+01  1  1.2100000000e+01  1.1023760774e-13
 6.2731184673e+00  2.0615119306e+05 -3.7538145387e+00  0  8.7600000000e+00  1.1206471055e-13
-4.0144403088e-03  2.0645449923e+05 -6.9826995754e-04  0  8.7600000000e+00  1.1222958914e-13
-1.0585730705e+01  2.0727745086e+05 -2.0416314527e+00  1  1.2100000000e+01  1.1267694932e-13
-4.2447054490e-02  2.0760193674e+05  7.6261558730e+00  0  8.7600000000e+00  1.1285334130e-13
-5.3926436635e+00  2.1009824708e+05 -2.8393164542e+01  1  1.2100000000e+01  1.1421034676e-13
 1.4447232573e+01  2.1376040533e+05  2.7830319031e+01  3  3.2200000000e+01  1.1620111237e-13
-4.0308351475e+02  2.1428408774e+05 -1.9871948900e+02  0  8.7600000000e+00  1.1648578847e-13
-1.3849460807e+03  2.1532896869e+05  1.0397971175e+02  0  8.7600000000e+00  1.1705379042e-13
 1.2430891037e+02  2.1628916465e+05  1.4716853877e+01  2  1.6800000000e+01  1.1757575724e-13
 1.0203155171e+02  2.1924548972e+05 -9.4637526804e+01  0  8.7600000000e+00  1.1918282877e-13
 3.1277405043e+01  2.1981454145e+05 -4.9207952084e+02  0  8.7600000000e+00  1.1949216784e-13
-1.1003204499e+01  2.2083839359e+05  1.8192308305e+01  1  1.2100000000e+01  1.2004873844e-13
-4.7514153031e+01  2.2124054525e+05  1.5153806300e+02  3  3.2200000000e+01  1.2026734988e-13
 4.1768236920e-03  2.2253009949e+05 -1.2420833815e-04  2  1.6800000000e+01  1.2096835733e-13
 7.8218258677e+00  2.2276371163e+05  7.6189421759e+00  1  1.2100000000e+01  1.2109534994e-13
 5.4957293329e+00  2.2358502527e+05 -2.0970848825e+00  1  1.2100000000e+01  1.2154181971e-13
-2.7770410016e-01  2.2365060385e+05 -9.9111995515e+00  3  3.2200000000e+01  1.2157746852e-13
 2.4304606986e-03  2.2516608238e+05 -1.2470380013e-03  3  3.2200000000e+01  1.2240128942e-13
 1.0323119890e-03  2.2580486855e+05  6.7599283097e-05  2  1.6800000000e+01  1.2274853644e-13
-2.7025407574e+00  2.2681616491e+05  1.2738163952e+00  2  1.6800000000e+01  1.2329828166e-13
 6.5127004673e+00  2.2808426745e+05 -4.6501218410e+00  0  8.7600000000e+00  1.2398762788e-13
 5.2133379093e+01  2.2850825570e+05  2.5995101018e+02  0  8.7600000000e+00  1.2421810979e-13
-1.6302254577e+00  2.2972322812e+05 -1.5412301962e+01  1  1.2100000000e+01  1.2487857423e-13
 3.0693290321e+00  2.3607750425e+05 -2.7831223225e+00  0  8.7600000000e+00  1.2833278715e-13
 2.3068527161e+01  2.3625039610e+05  1.5108042029e+00  0  8.7600000000e+00  1.2842677194e-13
 1.6557864316e+00  2.3728252513e+05  4.2917465003e-01  0  8.7600000000e+00  1.2898784189e-13
 1.3622022587e+01  2.3751165389e+05  4.2734932962e+00  3  3.2200000000e+01  1.2911239731e-13
-1.9678708860e+01  2.3789695880e+05 -2.1326616912e+01  1  1.2100000000e+01  1.2932185078e-13
 6.2102840230e-02  2.4456418671e+05  3.2110454486e+00  0  8.7600000000e+00  1.3294618570e-13
-4.9581959616e+00  2.4468428883e+05 -3.2518581563e+00  1  1.2100000000e+01  1.3301147375e-13
 1.5947310777e+02  2.4534325724e+05  1.1774112091e+02  2  1.6800000000e+01  1.3336969192e-13
 4.3987792327e+02  2.4709922022e+05  4.7273416699e+01  0  8.7600000000e+00  1.3432424125e-13
 3.4635783241e+02  2.4765998828e+05  4.6061819056e+02  1  1.2100000000e+01  1.3462907727e-13
-3.8588489866e-03  2.4776419079e+05  4.3250819479e-03  2  1.6800000000e+01  1.3468572222e-13
 1.6522979628e-03  2.4928183579e+05  1.7186011894e-04  0  8.7600000000e+00  1.3551072083e-13
-1.5469809373e-03  2.4943545188e+05 -1.0861263383e-04  1  1.2100000000e+01  1.3559422722e-13
-1.1703056278e+00  2.4953739336e+05  3.7240708654e-01  0  8.7600000000e+00  1.3564964307e-13
-1.9677789993e+02  2.5222045425e+05 -1.4874657874e+02  0  8.7600000000e+00  1.3710816697e-13
 5.2770899060e+01  2.5263888380e+05 -1.7478268414e+02  0  8.7600000000e+00  1.3733562715e-13
-2.5791617612e+00  2.5637502021e+05  1.7624681301e+00  1  1.2100000000e+01  1.3936660761e-13
 2.2509605045e+02  2.5764712643e+05  1.0352654614e+02  2  1.6800000000e+01  1.4005813024e-13
-7.9503710325e+00  2.6434097697e+05  5.6852055273e+01  1  1.2100000000e+01  1.4369693733e-13
-6.1334872052e-01  2.6444548064e+05  3.9657644237e+00  0  8.7600000000e+00  1.4375374599e-13
 2.0967769751e+00  2.6659910739e+05 -2.6861558375e+00  1  1.2100000000e+01  1.4492446713e-13
 4.5474632781e-03  2.6775615143e+05 -7.8468538624e-04  1  1.2100000000e+01  1.4555344144e-13
 3.9520617318e+01  2.7099391723e+05  5.8922945581e+00  0  8.7600000000e+00  1.4731350541e-13
 1.7927133882e-03  2.7302451512e+05  1.3391612337e-04  3  3.2200000000e+01  1.4841734751e-13
 1.6707431847e+01  2.7638979450e+05  8.4092179689e+00  1  1.2100000000e+01  1.5024672842e-13
 4.3055167448e+00  2.7674791353e+05 -2.2991973643e+01  0  8.7600000000e+00  1.5044140353e-13
-1.5216351012e+00  2.7880067266e+05  5.4577241761e+00  1  1.2100000000e+01  1.5155729258e-13
-8.1137370486e+01  2.8033304605e+05  1.1863307820e+02  2  1.6800000000e+01  1.5239029761e-13
 1.7972955354e+02  2.8300450858e+05  1.0128349013e+03  0  8.7600000000e+00  1.5384251659e-13
 7.2828542708e-04  2.8395110584e+05  2.9317291234e-04  3  3.2200000000e+01  1.5435709109e-13
 6.7922198380e-01  2.8464357575e+05  5.3972383109e+00  0  8.7600000000e+00  1.5473352083e-13
-1.4170507557e+00  2.8530303632e+05  6.1254733553e+00  0  8.7600000000e+00  1.5509200655e-13
-2.6428622509e-03  2.8533076807e+05  1.4141497605e-03  0  8.7600000000e+00  1.5510708165e-13
-4.2176852466e+00  2.8619360011e+05  4.3526749468e+01  0  8.7600000000e+00  1.5557612100e-13
 2.2419224629e+00  2.8716741277e+05 -1.0846741606e+01  0  8.7600000000e+00  1.5610548992e-13
-4.0787761253e+01  2.8887550902e+05 -6.3912869768e+01  0  8.7600000000e+00  1.5703401868e-13
 3.0089438884e+00  2.9024097971e+05 -3.7116596325e+00  0  8.7600000000e+00  1.5777629466e-13
-2.1767691980e+01  2.9025571775e+05  4.2488326608e+01  2  1.6800000000e+01  1.5778430632e-13
-2.3849759239e-03  2.9163090455e+05 -4.2903524867e-03  0  8.7600000000e+00  1.5853186401e-13
 4.2136100081e-01  2.9405288398e+05 -3.8051801668e+00  1  1.2100000000e+01  1.5984846287e-13
-2.1735049072e+01  2.9679116205e+05 -4.4971869453e+00  1  1.2100000000e+01  1.6133700307e-13
 6.0361015022e-01  2.9963753569e+05  1.5305615908e+00  0  8.7600000000e+00  1.6288430451e-13
 2.7290330998e+01  3.0142850046e+05 -5.4407396667e+00  1  1.2100000000e+01  1.6385788097e-13
 1.0401848767e+02  3.0378473565e+05  7.9019611297e+01  2  1.6800000000e+01  1.6513874096e-13
-3.1609424161e+01  3.0495088042e+05  3.0372582641e+01  2  1.6800000000e+01  1.6577266247e-13
-9.9631891372e+02  3.0547205088e+05 -9.5186451464e+02  0  8.7600000000e+00  1.6605597306e-13
-8.2484053608e+00  3.0734667168e+05  8.0281711487e+01  3  3.2200000000e+01  1.6707502531e-13
-3.9307032729e+00  3.0847883302e+05 -1.6857945441e+00  2  1.6800000000e+01  1.6769047328e-13
 3.2855405892e+01  3.0848197830e+05 -7.9943392084e+01  1  1.2100000000e+01  1.6769218307e-13
 3.7781285852e+00  3.0858891096e+05  5.5745266316e-01  2  1.6800000000e+01  1.6775031214e-13
-1.4293919864e+01  3.0953709267e+05  2.2933092613e+01  0  8.7600000000e+00  1.6826574796e-13
 2.2775147697e+01  3.0970182064e+05  2.5213021270e+01  1  1.2100000000e+01  1.6835529482e-13
 4.5087032888e+02  3.1063538678e+05 -1.0363969055e+03  0  8.7600000000e+00  1.6886278555e-13
-8.1042516288e+00  3.1228462214e+05 -1.5352840448e+01  1  1.2100000000e+01  1.6975931727e-13
 2.0457564560e-03  3.1493054978e+05  3.0287559554e-03  2  1.6800000000e+01  1.7119765537e-13
-2.1846284288e+01  3.1562096740e+05 -2.4630688653e+02  1  1.2100000000e+01  1.7157296948e-13
-1.3154036886e+01  3.1822086990e+05  1.7358820334e+01  0  8.7600000000e+00  1.7298628810e-13
-1.6451846583e+01  3.1985984199e+05  1.0300318780e+02  1  1.2100000000e+01  1.7387724066e-13
 4.3013426006e-03  3.2038637110e+05  2.6650888089e-03  1  1.2100000000e+01  1.7416346424e-13
 2.6072976903e+00  3.2102353455e+05  9.4368928229e+00  0  8.7600000000e+00  1.7450982914e-13
-4.3280645608e+00  3.2245716121e+05  8.4329323162e-01  0  8.7600000000e+00  1.7528915501e-13
 2.2347163976e+00  3.2259036997e+05  5.3389049754e+00  0  8.7600000000e+00  1.7536156788e-13
-3.7536798662e+01  3.2557223609e+05 -4.8245533530e+01  0  8.7600000000e+00  1.7698252364e-13
 3.1267928835e+00  3.2589022751e+05  5.6548043933e+00  0  8.7600000000e+00  1.7715538520e-13
-3.3486471991e+01  3.2883937060e+05  1.8729015812e+01  2  1.6800000000e+01  1.7875855257e-13
-2.3659705869e+00  3.2931748570e+05  2.3809962998e+00  0  8.7600000000e+00  1.7901845808e-13
-7.9445506948e+01  3.3001129013e+05 -1.2506052143e+01  0  8.7600000000e+00  1.7939561327e-13
-2.7357282163e+02  3.3240829222e+05 -2.3536920749e+01  0  8.7600000000e+00  1.8069863433e-13
 7.5547195016e+01  3.3326191074e+05 -1.1978147022e+02  1  1.2100000000e+01  1.8116266517e-13
-1.5237836549e+01  3.3543595407e+05  6.9085364592e+00  2  1.6800000000e+01  1.8234448485e-13
 2.1476118440e-03  3.3603747650e+05  4.9122613761e-03  2  1.6800000000e+01  1.8267147513e-13
 1.1252507661e+01  3.3743488874e+05  2.7007015880e+00  1  1.2100000000e+01  1.8343111467e-13
-1.7141415135e-01  3.3925409273e+05 -1.9922461045e+00  1  1.2100000000e+01  1.8442004210e-13
-2.1428462785e+01  3.3996575032e+05 -9.3511822537e+02  1  1.2100000000e+01  1.8480690235e-13
 3.7694839080e-04  3.4077156911e+05 -4.6283958711e-03  3  3.2200000000e+01  1.8524494905e-13
 1.3735753714e+00  3.4080760312e+05  3.6427273943e+00  0  8.7600000000e+00  1.8526453730e-13
-1.0772915177e+02  3.4181100513e+05  6.8509135123e+01  0  8.7600000000e+00  1.8580999112e-13
 3.4293960811e+01  3.4464954424e+05 -1.2049364506e+02  0  8.7600000000e+00  1.8735303367e-13
 5.5059465372e-04  3.4513220622e+05  3.8443451556e-03  0  8.7600000000e+00  1.8761541088e-13
-3.9467515869e-01  3.4865780514e+05  6.7879228018e-01  0  8.7600000000e+00  1.8953194223e-13
 1.9090295848e-03  3.5138637802e+05 -4.9397682445e-03  2  1.6800000000e+01  1.9101520664e-13
-2.6848850482e-03  3.5256653447e+05 -4.8630044376e-03  2  1.6800000000e+01  1.9165674497e-13
 7.9656143539e+00  3.5409215908e+05 -1.4157760516e+00  3  3.2200000000e+01  1.9248608133e-13
 4.9718072599e-01  3.5476294042e+05 -1.1927612664e+00  2  1.6800000000e+01  1.9285072107e-13
-1.7514055322e+01  3.6108109298e+05  4.5714018192e+01  0  8.7600000000e+00  1.9628529706e-13
-2.5155824737e-03  3.6176205624e+05  6.0536413715e-04  1  1.2100000000e+01  1.9665547173e-13
 2.6804470051e-01  3.6359203336e+05  7.4639097534e-01  2  1.6800000000e+01  1.9765025548e-13
 4.3550530026e-03  3.6395693582e+05 -4.6241845328e-03  1  1.2100000000e+01  1.9784861809e-13
 4.7848039179e+00  3.6543149967e+05 -9.9841676172e-01  1  1.2100000000e+01  1.9865019759e-13
-6.7162803967e+02  3.6817591606e+05  1.8083982797e+02  0  8.7600000000e+00  2.0014207461e-13
 1.3305564347e-03  3.6848560475e+05  2.6619985596e-03  3  3.2200000000e+01  2.0031042277e-13
 5.4204255602e+02  3.6865673695e+05 -1.2702645220e+02  0  8.7600000000e+00  2.0040345100e-13
 1.0752980380e+00  3.7268110200e+05 -1.0758764665e+00  0  8.7600000000e+00  2.0259111384e-13
-3.5008825800e+01  3.7594085035e+05 -2.0867699245e+00  1  1.2100000000e+01  2.0436312762e-13
-3.6323343316e+01  3.7626948153e+05  3.1359235361e+00  0  8.7600000000e+00  2.0454177300e-13
-4.0296598451e+00  3.7678095263e+05 -7.5726630397e+00  2  1.6800000000e+01  2.0481981098e-13
-2.8722485126e+01  3.7697465785e+05 -1.1958626751e+01  0  8.7600000000e+00  2.0492511000e-13
 4.1916734633e+01  3.7823778612e+05 -2.7068986574e+01  1  1.2100000000e+01  2.0561175218e-13
-5.9140520581e+01  3.7948011337e+05 -1.1446143711e+02  2  1.6800000000e+01  2.0628708683e-13
 5.3324770470e+00  3.7968857878e+05  1.2730727100e+01  0  8.7600000000e+00  2.0640040956e-13
 8.3198236956e+01  3.8006131442e+05  1.1383403823e+01  0  8.7600000000e+00  2.0660303032e-13
 2.0979058240e-04  3.8024500258e+05 -4.0496815923e-03  0  8.7600000000e+00  2.0670288403e-13
 2.3128441047e+02  3.8192169766e+05 -1.4240417740e+02  0  8.7600000000e+00  2.0761434297e-13
-2.9985216204e-03  3.8209618915e+05  3.8471258193e-03  3  3.2200000000e+01  2.0770919733e-13
 5.5294980896e+01  3.8250112721e+05 -4.7836433523e+01  1  1.2100000000e+01  2.0792932347e-13
 1.9556973056e+00  3.8805613464e+05 -1.2631054822e+01  0  8.7600000000e+00  2.1094905035e-13
-1.3563542284e-03  3.9135254083e+05  3.7544835027e-03  0  8.7600000000e+00  2.1274099150e-13
 1.6042300391e-03  3.9150730505e+05  2.2942672052e-03  3  3.2200000000e+01  2.1282512202e-13
 2.1423225213e+01  3.9196686313e+05  8.0214571768e+02  2  1.6800000000e+01  2.1307493984e-13
-2.5108232407e-04  3.9620575631e+05  5.9379285695e-05  4  4.0000000000e+01  2.1537922113e-13
 2.0541770495e+02  3.9835196262e+05  2.0789275643e+02  1  1.2100000000e+01  2.1654590848e-13
-2.0123453285e-03  4.0077856277e+05 -1.4879355470e-03  2  1.6800000000e+01  2.1786501918e-13
-2.3452625327e+00  4.0102676324e+05  9.6017635780e-01  2  1.6800000000e+01  2.1799994207e-13
 7.1035330286e+00  4.0132597243e+05  2.1042295038e+01  1  1.2100000000e+01  2.1816259352e-13
 9.4933033335e+01  4.0238314074e+05  2.9949225468e+01  0  8.7600000000e+00  2.1873727494e-13
 4.2041956048e+01  4.0250341512e+05  3.5781954167e+01  1  1.2100000000e+01  2.1880265663e-13
-1.3048830349e+00  4.0365969775e+05  1.3623988056e+01  1  1.2100000000e+01  2.1943121704e-13
-2.6425857373e+00  4.0533909218e+05  3.2781792840e-01  1  1.2100000000e+01  2.2034414336e-13
-3.0771854248e+00  4.0715620050e+05  1.1415763796e+02  1  1.2100000000e+01  2.2133193157e-13
 5.0268783653e+01  4.0849321001e+05 -6.6335934026e+01  1  1.2100000000e+01  2.2205873592e-13
 7.5726904173e+00  4.0893448718e+05  2.0243659112e+01  2  1.6800000000e+01  2.2229861617e-13
-3.2095882740e+01  4.0959131393e+05  1.4230194497e+01  0  8.7600000000e+00  2.2265567013e-13
 1.0902062081e+02  4.1186691700e+05  2.1988340058e+01  2  1.6800000000e+01  2.2389269813e-13
-1.2553304108e+00  4.1203701744e+05  6.3427811819e+00  0  8.7600000000e+00  2.2398516549e-13
-4.8340542537e+00  4.1362978399e+05 -7.8650798120e-01  2  1.6800000000e+01  2.2485100051e-13
-3.9657208568e+00  4.1463623281e+05  4.5897781352e+00  0  8.7600000000e+00  2.2539811059e-13
 4.8180537759e+00  4.1641187660e+05  9.7650575943e-02  2  1.6800000000e+01  2.2636335850e-13
 6.3870795152e+00  4.1755531066e+05  1.7610847818e+01  1  1.2100000000e+01  2.2698493436e-13
-1.9647070483e+02  4.1815743043e+05 -1.8354847848e+01  0  8.7600000000e+00  2.2731224937e-13
-1.2625992896e+01  4.1970093945e+05 -1.5343837897e+02  0  8.7600000000e+00  2.2815130777e-13
-3.5969569738e+00  4.2157564800e+05 -2.4265572142e+01  1  1.2100000000e+01  2.2917040772e-13
 1.1510762208e+01  4.2173268214e+05  3.0355885644e+01  0  8.7600000000e+00  2.2925577219e-13
-1.5537675113e+01  4.2264637091e+05  2.7770557222e+01  0  8.7600000000e+00  2.2975245748e-13
-1.0819968085e+01  4.2724037306e+05 -1.4383390077e+01  2  1.6800000000e+01  2.3224977760e-13
 2.9356424878e+02  4.3026658002e+05  8.8867208765e+02  0  8.7600000000e+00  2.3389483724e-13
 7.5806641760e+00  4.3223287652e+05 -6.8641819927e+00  1  1.2100000000e+01  2.3496372481e-13
 3.0257449152e+01  4.3238948899e+05  7.7890397911e-01  2  1.6800000000e+01  2.3504886005e-13
-5.0594818203e+00  4.3308326302e+05  3.1977843965e+00  1  1.2100000000e+01  2.3542599872e-13
-2.4463645220e+00  4.3375418537e+05  8.5987439058e+00  2  1.6800000000e+01  2.3579071511e-13
 6.1332191895e-01  4.3568930190e+05  3.1190647440e+00  3  3.2200000000e+01  2.3684265310e-13
 5.5382987597e+01  4.3582544638e+05 -1.7567203892e+01  2  1.6800000000e+01  2.3691666185e-13
-3.5268615718e+02  4.4018095087e+05  6.6820200286e+02  0  8.7600000000e+00  2.3928433357e-13
 1.0010298107e+01  4.4026905160e+05 -9.4069735793e+00  0  8.7600000000e+00  2.3933222553e-13
-4.8736352560e-01  4.4102904348e+05  1.6830181288e+00  0  8.7600000000e+00  2.3974536051e-13
-1.7296150849e+01  4.4107220524e+05  1.3220047685e+01  0  8.7600000000e+00  2.3976882344e-13
-1.1446466201e+02  4.4169870720e+05 -2.9100517583e+01  1  1.2100000000e+01  2.4010939270e-13
 5.2431409863e+01  4.4288773125e+05 -9.3901963439e+01  3  3.2200000000e+01  2.4075575150e-13
 8.3340158498e+01  4.4609644667e+05  1.8198168070e+02  0  8.7600000000e+00  2.4250002355e-13
-2.1804843615e+01  4.4650654673e+05  9.4145678743e+00  1  1.2100000000e+01  2.4272295577e-13
-2.0192381032e+00  4.4670530319e+05  2.4945341680e-01  2  1.6800000000e+01  2.4283100068e-13
-1.4686501603e+00  4.4890120863e+05  4.2533201781e+00  0  8.7600000000e+00  2.4402470469e-13
 4.0519855900e+02  4.5345808950e+05  1.2425032992e+02  0  8.7600000000e+00  2.4650184551e-13
-1.3550354429e+01  4.5786368872e+05 -3.2520117712e+01  0  8.7600000000e+00  2.4889674896e-13
-2.3198311232e+01  4.5933916112e+05  2.0151476391e+01  2  1.6800000000e+01  2.4969882235e-13
 1.6741627474e+01  4.6043885064e+05  1.9881326692e+02  0  8.7600000000e+00  2.5029661849e-13
 2.2672613558e-03  4.6493626017e+05 -4.1383935041e-03  0  8.7600000000e+00  2.5274143043e-13
 9.7494881176e+01  4.6735683189e+05 -1.2689350918e+02  1  1.2100000000e+01  2.5405726404e-13
-1.1771052886e+00  4.6924415972e+05 -1.0642291864e+01  0  8.7600000000e+00  2.5508322389e-13
 1.9067879117e+01  4.6958307061e+05  1.5525450090e+01  1  1.2100000000e+01  2.5526745736e-13
-9.1203188459e+00  4.7239637490e+05 -3.4391972857e+01  0  8.7600000000e+00  2.5679678216e-13
-2.0022727006e+00  4.7262804098e+05  5.0564090472e+00  1  1.2100000000e+01  2.5692271688e-13
 4.1593837540e+02  4.7437492932e+05  1.1149123374e+02  0  8.7600000000e+00  2.5787233319e-13
 4.8631723876e+01  4.7743716098e+05  6.0764716842e+01  0  8.7600000000e+00  2.5953697602e-13
-1.2408014283e+01  4.7886724962e+05 -5.5670342165e-01  1  1.2100000000e+01  2.6031437860e-13
-7.5789795979e+01  4.8034257914e+05  1.4238225581e+02  0  8.7600000000e+00  2.6111637432e-13
-3.2331669367e+01  4.8410791157e+05  9.4130415650e+01  0  8.7600000000e+00  2.6316322587e-13
-9.6541028977e+01  4.8848664424e+05  4.7612726185e+02  1  1.2100000000e+01  2.6554352454e-13
 1.4348762708e+02  4.8876551689e+05 -1.8846498147e+02  0  8.7600000000e+00  2.6569512096e-13
 1.9741695887e+02  4.9322862251e+05 -8.3654602495e+02  0  8.7600000000e+00  2.6812128513e-13
-4.3626033099e-01  4.9685105325e+05 -5.7796503266e+00  0  8.7600000000e+00  2.7009045468e-13
-3.9796241461e-03  5.0022518162e+05  4.4569761536e-03  1  1.2100000000e+01  2.7192464596e-13
 6.9323869586e+00  5.0393046046e+05 -4.4973946892e+00  0  8.7600000000e+00  2.7393885211e-13
 5.7111989048e-01  5.0463644463e+05 -5.8245978425e-01  3  3.2200000000e+01  2.7432262826e-13
-1.6017858575e-03  5.0526341894e+05 -1.2149071815e-03  4  4.0000000000e+01  2.7466345430e-13
-1.0277153566e+02  5.1071028807e+05 -7.1490795121e+01  0  8.7600000000e+00  2.7762439672e-13
 2.2165625967e+02  5.1107360625e+05 -1.7159705819e+02  0  8.7600000000e+00  2.7782189810e-13
 1.0549997008e-03  5.1449105440e+05  1.3799708925e-03  1  1.2100000000e+01  2.7967963820e-13
 1.4172142363e+01  5.1681162890e+05 -1.1866169165e+01  0  8.7600000000e+00  2.8094111288e-13
-1.8355326447e+00  5.1872009466e+05 -7.5054460158e+01  0  8.7600000000e+00  2.8197856340e-13
 8.7856913284e+00  5.2147086697e+05  2.1273275386e-01  2  1.6800000000e+01  2.8347389553e-13
-2.3381871807e+01  5.2213382213e+05  3.4114496300e+02  2  1.6800000000e+01  2.8383428092e-13
 1.0962662047e+02  5.2226646360e+05  1.1162774858e+02  1  1.2100000000e+01  2.8390638542e-13
 3.1707904060e-03  5.2541354902e+05  1.4743540373e-03  2  1.6800000000e+01  2.8561715513e-13
 1.4378106054e+00  5.2551000884e+05  1.3365832992e+00  2  1.6800000000e+01  2.8566959111e-13
 2.9893698892e+02  5.2592974762e+05  2.8587182539e+01  0  8.7600000000e+00  2.8589776300e-13
-1.0912715331e+00  5.2604453951e+05  3.3905362028e+00  0  8.7600000000e+00  2.8596016438e-13
 1.1336998886e+01  5.2615409576e+05 -3.5992158450e+01  0  8.7600000000e+00  2.8601971965e-13
-2.1892187929e+01  5.2712023417e+05  1.5169993259e+01  2  1.6800000000e+01  2.8654491681e-13
 4.5560418702e+01  5.2802128348e+05  1.8530474761e+01  0  8.7600000000e+00  2.8703473124e-13
 1.4740255754e+01  5.2810955129e+05 -2.3033581430e+02  1  1.2100000000e+01  2.8708271402e-13
-4.9060489486e+01  5.2845415858e+05 -4.9070855372e+01  0  8.7600000000e+00  2.8727004408e-13
-2.6104886738e+01  5.2969472742e+05 -3.3764022647e+01  1  1.2100000000e+01  2.8794442285e-13
 1.6078402958e+02  5.3031784209e+05  6.7644820606e+01  1  1.2100000000e+01  2.8828315078e-13
-5.3169502203e-04  5.3264804690e+05  3.8017647475e-03  2  1.6800000000e+01  2.8954986053e-13
 2.8899489807e+00  5.3398398436e+05  7.3641072248e+00  1  1.2100000000e+01  2.9027608211e-13
-2.8496742707e+02  5.3465836853e+05 -1.9837520823e+02  2  1.6800000000e+01  2.9064268036e-13
-2.7672544014e+01  5.3637240829e+05  1.2459024510e+01  0  8.7600000000e+00  2.9157444004e-13
-5.7642140518e+00  5.3716012699e+05 -2.6453797713e-01  0  8.7600000000e+00  2.9200264745e-13
-6.2033133789e+01  5.3718325575e+05 -1.4022921677e+01  1  1.2100000000e+01  2.9201522035e-13
-4.9493627873e+01  5.3740436472e+05  6.7320885358e+00  0  8.7600000000e+00  2.9213541617e-13
-4.3553043138e+02  5.3990213013e+05 -2.5931713865e+02  0  8.7600000000e+00  2.9349321262e-13
 9.0479053390e+01  5.4323240709e+05  2.6598493622e+01  0  8.7600000000e+00  2.9530356607e-13
-2.8181710814e+00  5.4540639977e+05 -2.5594926064e+01  2  1.6800000000e+01  2.9648535821e-13
-3.7398887466e-03  5.4593391489e+05  3.6898352898e-03  0  8.7600000000e+00  2.9677211779e-13
 1.1270191028e+02  5.4664395682e+05  3.7274127299e+02  0  8.7600000000e+00  2.9715809976e-13
-4.8297555785e+00  5.5001154770e+05 -1.0130669083e+00  1  1.2100000000e+01  2.9898873722e-13
 1.2534370219e+01  5.5026085215e+05 -5.1526467351e+01  1  1.2100000000e+01  2.9912426024e-13
 4.5103761112e+00  5.5263017362e+05  1.8317528210e+00  0  8.7600000000e+00  3.0041223398e-13
 5.6153565933e+01  5.5399986877e+05  3.2981697060e+01  0  8.7600000000e+00  3.0115680640e-13
-4.9382840888e-03  5.5677123565e+05  2.2593190555e-03  4  4.0000000000e+01  3.0266333382e-13
 2.3753654619e-03  5.6000664633e+05  2.7673175362e-03  3  3.2200000000e+01  3.0442211754e-13
-1.3116186367e+01  5.6082259065e+05  4.1640692007e-01  1  1.2100000000e+01  3.0486566852e-13
-2.5543813995e+02  5.6144484021e+05  1.9668202705e+00  1  1.2100000000e+01  3.0520392617e-13
 3.0583055471e-04  5.6915103916e+05  9.4133068386e-05  3  3.2200000000e+01  3.0939305038e-13
 1.5557435017e+01  5.6962339155e+05 -2.1209418376e+01  0  8.7600000000e+00  3.0964982325e-13
 2.0944803567e-03  5.7148828149e+05  1.9313552449e-03  0  8.7600000000e+00  3.1066358577e-13
 2.8760126572e-04  5.7180032581e+05  3.7144730327e-03  3  3.2200000000e+01  3.1083321445e-13
-5.5209495605e+02  5.7187524892e+05  4.8077977328e+02  0  8.7600000000e+00  3.1087394299e-13
-2.3889458181e+02  5.7365538418e+05  5.7869844118e+01  1  1.2100000000e+01  3.1184163248e-13
-3.2591280067e+01  5.7573142081e+05  1.9385123067e+01  0  8.7600000000e+00  3.1297017528e-13
 1.4263063796e+02  5.7913231860e+05  4.6951170104e+01  2  1.6800000000e+01  3.1481891852e-13
 1.2121771054e+02  5.7916198913e+05 -5.1924365542e+01  0  8.7600000000e+00  3.1483504756e-13
-8.5173898649e-04  5.8232293924e+05  4.8228540597e-03  2  1.6800000000e+01  3.1655335418e-13
-7.4310176147e-01  5.8397442655e+05  1.3690327215e+00  0  8.7600000000e+00  3.1745111006e-13
 1.1009115023e+01  5.8686727503e+05  4.0811474617e+00  2  1.6800000000e+01  3.1902367544e-13
 1.8830136896e+00  5.8875450168e+05 -2.8653212981e+00  0  8.7600000000e+00  3.2004958028e-13
 1.5974298104e+02  5.8927928144e+05  2.1075553431e+02  0  8.7600000000e+00  3.2033485291e-13
-1.2935660689e+01  5.9018975768e+05 -2.0266922841e+01  1  1.2100000000e+01  3.2082979186e-13
-2.2918191959e-03  5.9112952830e+05  1.3947751030e-03  3  3.2200000000e+01  3.2134065538e-13
-4.2654488533e+00  5.9891281376e+05  2.2167087632e+00  1  1.2100000000e+01  3.2557168416e-13
-2.5344872472e+01  6.0109019033e+05 -2.7377128291e+01  0  8.7600000000e+00  3.2675531581e-13
-4.2834120305e+00  6.0427720409e+05 -6.0534632449e-01  0  8.7600000000e+00  3.2848779074e-13
 2.3800202209e+01  6.0722325567e+05  5.7928506332e+01  3  3.2200000000e+01  3.3008927755e-13
 2.8967943809e+00  6.0802643669e+05  8.8477192019e+00  0  8.7600000000e+00  3.3052589035e-13
-1.4194316606e+01  6.1115987664e+05 -5.2857994471e+00  2  1.6800000000e+01  3.3222924232e-13
-2.6236793410e+00  6.1295627143e+05  4.8428391336e+00  1  1.2100000000e+01  3.3320577056e-13
 1.9851566278e-03  6.1424428148e+05  4.5274439498e-03  1  1.2100000000e+01  3.3390593858e-13
 2.7504650353e-03  6.1508664440e+05 -2.9341513375e-03  4  4.0000000000e+01  3.3436385083e-13
-3.0344786815e+00  6.1594454406e+05 -2.9541326645e+00  0  8.7600000000e+00  3.3483020893e-13
-4.2815285452e-03  6.1606037845e+05  3.4974067255e-04  1  1.2100000000e+01  3.3489317702e-13
 2.9609436625e+01  6.1641457100e+05 -2.4629612198e+02  0  8.7600000000e+00  3.3508571767e-13
 1.6814446980e+02  6.1781404530e+05 -1.6940021842e+02  0  8.7600000000e+00  3.3584647816e-13
-5.2568179245e+00  6.2019292978e+05  1.6212731903e+01  0  8.7600000000e+00  3.3713965041e-13
-5.4800061519e+02  6.2259468247e+05 -5.8715081249e+02  0  8.7600000000e+00  3.3844525391e-13
-5.0284070386e-01  6.2520136910e+05  5.5482606211e+00  2  1.6800000000e+01  3.3986226042e-13
 4.2599376607e+01  6.2545120559e+05  4.3465714080e+00  0  8.7600000000e+00  3.3999807265e-13
-1.6088030815e+01  6.2673866439e+05  1.2818635032e+01  3  3.2200000000e+01  3.4069794101e-13
 3.5750228466e+00  6.3195648543e+05  2.2380886726e+01  0  8.7600000000e+00  3.4353437187e-13
-1.2001389569e-01  6.3202230235e+05  3.0723407292e+00  0  8.7600000000e+00  3.4357015024e-13
 3.6947503845e+02  6.3345490524e+05  3.8069940196e+02  2  1.6800000000e+01  3.4434891957e-13
-1.7176711358e+01  6.3388287190e+05 -5.0666266341e+00  1  1.2100000000e+01  3.4458156417e-13
-1.9085163888e-03  6.3464735112e+05  3.5650532779e-03  1  1.2100000000e+01  3.4499713849e-13
 4.2607907835e+00  6.3594978344e+05  4.1062612630e+00  1  1.2100000000e+01  3.4570514652e-13
 1.1278984347e+01  6.3763498001e+05  4.6673028732e+00  2  1.6800000000e+01  3.4662122692e-13
 3.7164946971e+01  6.4552765662e+05 -1.2919299105e+01  3  3.2200000000e+01  3.5091172122e-13
-2.1495581312e-03  6.4824159736e+05  2.3764891398e-03  0  8.7600000000e+00  3.5238703155e-13
-3.1971955817e+00  6.4873268107e+05 -6.6587956735e-01  3  3.2200000000e+01  3.5265398685e-13
 9.9380931250e+01  6.5038701146e+05 -6.1559845156e+01  2  1.6800000000e+01  3.5355328824e-13
-8.4202200364e+01  6.5045598564e+05  1.4037240692e+02  0  8.7600000000e+00  3.5359078292e-13
 1.1389273926e+02  6.5277440036e+05  4.1385699877e+01  0  8.7600000000e+00  3.5485108353e-13
-2.6995255989e-01  6.5506575183e+05 -1.5299597961e+00  0  8.7600000000e+00  3.5609667244e-13
 2.0553927798e+01  6.5553816788e+05 -1.8918951846e+01  2  1.6800000000e+01  3.5635347991e-13
 9.3159908731e+01  6.5626710464e+05 -5.0148174707e+01  0  8.7600000000e+00  3.5674973320e-13
 7.0625867323e-01  6.5775104962e+05  3.6858583792e+00  0  8.7600000000e+00  3.5755641232e-13
-7.8964549746e+00  6.6493244857e+05  1.6172473499e+01  0  8.7600000000e+00  3.6146025291e-13
 2.6128461712e+01  6.6637484341e+05  3.2470989907e+00  1  1.2100000000e+01  3.6224434520e-13
 4.0312039489e-01  6.6637592293e+05  1.6121250626e+00  3  3.2200000000e+01  3.6224493203e-13
-1.6430571102e+00  6.6660161783e+05  2.2851939933e+00  1  1.2100000000e+01  3.6236762079e-13
 2.8926628678e-02  6.6906286428e+05  6.9152030920e+00  0  8.7600000000e+00  3.6370556537e-13
-1.4417187729e+00  6.7355480335e+05 -1.3378365952e+00  0  8.7600000000e+00  3.6614740353e-13
 3.2855518229e+00  6.7465821448e+05 -1.3958010986e+00  2  1.6800000000e+01  3.6674722276e-13
 4.4595158803e+01  6.8134897141e+05 -4.6120746794e+00  0  8.7600000000e+00  3.7038434815e-13
-1.0860929431e+00  6.8161159570e+05  5.8495461924e+00  0  8.7600000000e+00  3.7052711189e-13
-2.2278533530e+00  6.8340288818e+05  7.9947730828e+00  3  3.2200000000e+01  3.7150086649e-13
 3.7684058488e-01  6.8357131270e+05  1.4597946589e+00  0  8.7600000000e+00  3.7159242282e-13
 1.3025798543e+02  6.8433140498e+05 -1.0142439700e+02  2  1.6800000000e+01  3.7200561238e-13
 7.9373884581e+01  6.8714917698e+05 -1.3305619636e+01  1  1.2100000000e+01  3.7353736584e-13
-8.6149594953e+00  6.8721561720e+05  3.1636701316e+00  2  1.6800000000e+01  3.7357348304e-13
-3.4298289207e-01  6.8762283133e+05 -7.1193783792e+00  2  1.6800000000e+01  3.7379484646e-13
 1.3938327773e+01  6.8897220617e+05 -1.3941597785e+01  2  1.6800000000e+01  3.7452837266e-13
-3.5929088136e+00  6.8971789424e+05  9.5058374490e-01  1  1.2100000000e+01  3.7493373203e-13
-7.6845788437e+01  6.9196434763e+05  2.4199910265e+01  1  1.2100000000e+01  3.7615491414e-13
 1.6529726687e-03  6.9314274821e+05  1.5116430663e-03  2  1.6800000000e+01  3.7679549797e-13
 3.6723912066e+01  6.9393319952e+05 -6.5941467020e+01  1  1.2100000000e+01  3.7722519083e-13
-3.8149845408e-03  6.9397789991e+05  1.5548221937e-03  0  8.7600000000e+00  3.7724949017e-13
 1.7654879534e+01  6.9474329248e+05  3.3621069273e+00  1  1.2100000000e+01  3.7766556099e-13
-1.2308446762e+00  6.9595222397e+05  1.8725005612e+01  0  8.7600000000e+00  3.7832274156e-13
 1.8966098022e-03  6.9680301878e+05 -3.6790541460e-03  3  3.2200000000e+01  3.7878523742e-13
-1.7636679926e+01  6.9839326198e+05  1.3189716125e+01  0  8.7600000000e+00  3.7964970074e-13
 9.0638882337e+01  7.0014494513e+05 -4.1014669079e+01  3  3.2200000000e+01  3.8060192353e-13
-3.8630321151e-03  7.0047590146e+05  4.0192416166e-03  3  3.2200000000e+01  3.8078183287e-13
 2.4936415928e+00  7.0358949968e+05 -1.5545038197e+00  2  1.6800000000e+01  3.8247439879e-13
 1.3938502718e-03  7.0695584048e+05 -3.5584823035e-03  0  8.7600000000e+00  3.8430435670e-13
 2.6370574105e+01  7.0840883738e+05 -3.7382570944e+01  1  1.2100000000e+01  3.8509421231e-13
-6.7717922734e+02  7.1390023995e+05 -3.0931003652e+02  0  8.7600000000e+00  3.8807936331e-13
 9.7416861857e-01  7.1646050587e+05 -1.2534136930e+00  0  8.7600000000e+00  3.8947113532e-13
-2.0466821648e-01  7.2027884039e+05  9.7653355975e+00  0  8.7600000000e+00  3.9154679904e-13
-2.1578312441e+01  7.2877931523e+05 -1.7251256275e+02  1  1.2100000000e+01  3.9616769518e-13
-3.3634641816e+00  7.3201356233e+05  2.5945113389e-01  2  1.6800000000e+01  3.9792584637e-13
-4.5914709672e+00  7.3395790154e+05  3.6269541762e-01  0  8.7600000000e+00  3.9898279786e-13
 2.6137378017e+01  7.3500495476e+05 -7.2144806274e+01  3  3.2200000000e+01  3.9955198067e-13
 1.5821125701e+00  7.3865309522e+05 -3.6230783010e-01  0  8.7600000000e+00  4.0153512614e-13
 4.2608873553e+00  7.3997600656e+05 -1.1818508604e+00  0  8.7600000000e+00  4.0225426666e-13
 3.2278216706e+00  7.4051646927e+05 -4.6636539605e+00  0  8.7600000000e+00  4.0254806461e-13
-2.7897412924e+00  7.4138071596e+05 -1.8138776226e+01  0  8.7600000000e+00  4.0301787297e-13
 1.6569834602e+01  7.4310538606e+05  8.3887145403e-01  0  8.7600000000e+00  4.0395541136e-13
-1.5376680134e+02  7.4484534616e+05  2.0829878742e+02  0  8.7600000000e+00  4.0490126145e-13
-1.0054596190e+01  7.4637928843e+05 -7.8469205379e+00  1  1.2100000000e+01  4.0573511933e-13
-2.1471273501e+00  7.4673869168e+05 -1.6592081834e+01  0  8.7600000000e+00  4.0593049254e-13
-3.0312851106e+00  7.4701760167e+05  2.3514278377e+00  2  1.6800000000e+01  4.0608210926e-13
 2.5823451241e+01  7.4722292487e+05  7.9835871870e+01  1  1.2100000000e+01  4.0619372387e-13
-6.4848776092e+00  7.4727037734e+05 -2.0667383494e+01  1  1.2100000000e+01  4.0621951924e-13
 2.5879243331e-03  7.4990772003e+05 -4.7557336324e-03  3  3.2200000000e+01  4.0765319052e-13
-1.8229825082e+00  7.5058147967e+05  2.0256744555e+00  1  1.2100000000e+01  4.0801944928e-13
-2.6077749403e+00  7.5065722585e+05  6.4165781718e+00  2  1.6800000000e+01  4.0806062524e-13
 6.3895020203e+01  7.5125342319e+05 -1.4642823732e+01  0  8.7600000000e+00  4.0838472078e-13
-2.4933839138e+00  7.5351636221e+05 -7.8704400278e-01  0  8.7600000000e+00  4.0961486456e-13
-1.4589385155e+02  7.5438058722e+05 -1.9424070316e+02  0  8.7600000000e+00  4.1008466114e-13
 4.5532514419e+00  7.5658037864e+05  3.9238546307e+01  2  1.6800000000e+01  4.1128047759e-13
 2.0551330712e+01  7.5739310651e+05  1.6673229232e+01  0  8.7600000000e+00  4.1172228010e-13
 2.8372120857e+00  7.6143348667e+05 -1.4182173799e+01  0  8.7600000000e+00  4.1391864882e-13
 3.8484077686e-04  7.6294545810e+05 -1.9810633580e-03  3  3.2200000000e+01  4.1474056325e-13
 2.4947858729e+02  7.6733053321e+05  5.3832441758e+00  0  8.7600000000e+00  4.1712430969e-13
-2.9429267211e+01  7.6744426420e+05  7.0764543566e+00  0  8.7600000000e+00  4.1718613437e-13
-2.4331654327e+01  7.6952359180e+05  5.6619127752e+01  0  8.7600000000e+00  4.1831646615e-13
 2.9654565806e+01  7.7190439107e+05  3.2242309508e+00  0  8.7600000000e+00  4.1961067928e-13
 1.2491055353e+02  7.7234469160e+05 -8.1895283248e+00  1  1.2100000000e+01  4.1985002862e-13
 2.1190633116e+01  7.7249548260e+05  3.9015417915e+00  0  8.7600000000e+00  4.1993199928e-13
 5.2217563395e-01  7.7283827160e+05  4.2834088388e+01  1  1.2100000000e+01  4.2011834092e-13
-2.5041405057e+02  7.7347422709e+05  8.7654522396e+01  1  1.2100000000e+01  4.2046404916e-13
 9.9775376634e+01  7.7379704300e+05  2.2874363789e+01  0  8.7600000000e+00  4.2063953333e-13
 1.7537239217e+02  7.7468835334e+05 -1.0032673443e+02  0  8.7600000000e+00  4.2112405362e-13
 4.8110451001e+01  7.7582299523e+05  3.1063096531e+01  1  1.2100000000e+01  4.2174085003e-13
 3.9351332752e+01  7.7596733494e+05 -4.7874575480e+01  0  8.7600000000e+00  4.2181931374e-13
-1.1859456072e+01  7.7647899022e+05  3.7655180875e+02  0  8.7600000000e+00  4.2209745184e-13
 1.4126201011e-01  7.7762141032e+05 -2.3335887536e+00  0  8.7600000000e+00  4.2271847651e-13
-8.5662900789e+01  7.7913255905e+05  2.9942774096e+01  1  1.2100000000e+01  4.2353994372e-13
-3.1090232499e+02  7.8092500160e+05 -2.6804884687e+01  1  1.2100000000e+01  4.2451432351e-13
 5.3974025344e+01  7.8180867943e+05 -6.8663294948e+01  0  8.7600000000e+00  4.2499469473e-13
 3.9377519015e+02  7.8342152059e+05 -4.4804261686e+02  0  8.7600000000e+00  4.2587144240e-13
-2.1279702676e+02  7.8544951348e+05  1.2185245000e+02  0  8.7600000000e+00  4.2697386840e-13
-1.2853481743e+01  7.8547644777e+05  1.2476670133e+01  3  3.2200000000e+01  4.2698851001e-13
-2.0224895412e+02  7.8607973498e+05 -1.4875854558e+02  0  8.7600000000e+00  4.2731645963e-13
 3.7884711465e+01  7.8629486400e+05  2.6649490507e+02  1  1.2100000000e+01  4.2743340473e-13
 4.2681419054e-03  7.9023437021e+05  4.6610046689e-03  2  1.6800000000e+01  4.2957493792e-13
-2.1683589302e+01  7.9608559652e+05  8.6063662275e+00  3  3.2200000000e+01  4.3275569071e-13
 2.7997795507e+00  7.9954552491e+05 -1.1868539585e+01  0  8.7600000000e+00  4.3463652326e-13
-1.3564937167e+01  8.0019137008e+05 -1.8617703374e+01  2  1.6800000000e+01  4.3498760758e-13
 1.5002565258e+01  8.0173297557e+05  9.4309979653e+00  3  3.2200000000e+01  4.3582563122e-13
-9.5635316407e+01  8.0321123920e+05  1.8659457189e+02  3  3.2200000000e+01  4.3662922194e-13
 3.6621931699e-02  8.0438447416e+05  3.7367671079e+00  1  1.2100000000e+01  4.3726699772e-13
 2.8989518396e+00  8.0648024085e+05  8.8331806839e+01  0  8.7600000000e+00  4.3840626586e-13
-2.8844527125e+01  8.0972128666e+05  1.5698665114e+01  0  8.7600000000e+00  4.4016811286e-13
-1.5542347881e+02  8.0987958905e+05  5.7645134057e+01  0  8.7600000000e+00  4.4025416675e-13
-2.7737196240e-01  8.1626877501e+05  6.2413940678e+01  2  1.6800000000e+01  4.4372735681e-13
-3.5649562983e+01  8.1796986193e+05 -2.6256735917e+01  0  8.7600000000e+00  4.4465207526e-13
-2.4945302156e-03  8.1852264054e+05  4.4306660068e-03  2  1.6800000000e+01  4.4495256819e-13
-9.5217886045e+00  8.2023313076e+05 -1.5016194462e+01  2  1.6800000000e+01  4.4588239832e-13
-3.7964231003e-03  8.2304695028e+05  3.5169531584e-03  3  3.2200000000e+01  4.4741200320e-13
-3.8870022695e+00  8.2483643352e+05 -6.6519921223e+00  1  1.2100000000e+01  4.4838477429e-13
 1.6134764187e+02  8.2621991075e+05 -1.1054644241e+01  0  8.7600000000e+00  4.4913683870e-13
-1.3955295887e+02  8.2742549927e+05  7.6084354464e+01  0  8.7600000000e+00  4.4979220201e-13
-2.7539429341e+01  8.3050148833e+05  2.5519404762e+01  0  8.7600000000e+00  4.5146432342e-13
-1.9008817097e+01  8.3349121898e+05  2.6741863121e+01  0  8.7600000000e+00  4.5308955438e-13
 3.2781400518e+01  8.3533847638e+05  2.0847393633e+01  0  8.7600000000e+00  4.5409373176e-13
 3.2383843722e+02  8.3680163811e+05 -1.0441562384e+02  0  8.7600000000e+00  4.5488911302e-13
-6.7260425833e-01  8.3796223277e+05  5.3849268488e-01  2  1.6800000000e+01  4.5552001747e-13
 5.4435248827e+00  8.3892461335e+05 -8.0474504993e+01  1  1.2100000000e+01  4.5604317186e-13
 1.1702619895e+01  8.4006694651e+05  5.4527787407e-01  0  8.7600000000e+00  4.5666414927e-13
-1.1167970190e+02  8.4038435537e+05 -3.3013219486e+01  2  1.6800000000e+01  4.5683669415e-13
 7.4999465995e+00  8.4139061935e+05 -1.3101002292e+01  0  8.7600000000e+00  4.5738370374e-13
 4.9634579952e-02  8.4190239181e+05  8.3518468319e-01  0  8.7600000000e+00  4.5766190554e-13
 1.3998914501e+00  8.4240335302e+05  2.2277273712e+00  2  1.6800000000e+01  4.5793423030e-13
 6.0835855541e-01  8.4350025231e+05 -1.2438928567e+00  1  1.2100000000e+01  4.5853050966e-13
 1.7372938495e+02  8.4439651653e+05  2.1279601427e+01  2  1.6800000000e+01  4.5901772290e-13
-5.6826621553e-04  8.4669446729e+05 -8.5028446552e-04  4  4.0000000000e+01  4.6026689921e-13
 5.8994400569e+00  8.4790423548e+05 -8.5066325587e+00  3  3.2200000000e+01  4.6092453461e-13
 1.5672175770e+01  8.4816092742e+05 -2.6012336637e+00  0  8.7600000000e+00  4.6106407350e-13
-4.6450674039e+00  8.4890361576e+05 -1.5524101781e+00  3  3.2200000000e+01  4.6146780220e-13
 1.8369160827e+02  8.4955408790e+05 -5.9989933708e+01  0  8.7600000000e+00  4.6182140176e-13
-7.3101197636e-04  8.5227674805e+05  3.8817132725e-03  1  1.2100000000e+01  4.6330145200e-13
-1.3108048020e+01  8.5261159148e+05 -3.6289616446e+01  1  1.2100000000e+01  4.6348347438e-13
-2.0548690892e+01  8.5370461527e+05 -1.5102980718e+02  2  1.6800000000e+01  4.6407764700e-13
 4.0939622761e+00  8.5806335352e+05  2.1955392369e+00  2  1.6800000000e+01  4.6644707661e-13
-8.3922719034e+01  8.6306764753e+05  1.5551655725e+01  1  1.2100000000e+01  4.6916743322e-13
-7.1612525441e+00  8.6479098606e+05  2.3545995660e+00  2  1.6800000000e+01  4.7010424775e-13
 9.4776182430e-01  8.6724595465e+05 -5.7261218279e-01  0  8.7600000000e+00  4.7143877965e-13
-1.5210775915e+00  8.6810793788e+05 -4.5968209354e+00  3  3.2200000000e+01  4.7190735759e-13
-9.4799993700e+00  8.6940595275e+05  6.7077217030e+01  1  1.2100000000e+01  4.7261296428e-13
-4.0797775164e+01  8.7392623769e+05 -1.1549726158e+02  2  1.6800000000e+01  4.7507021139e-13
-1.1754994462e+00  8.7404958582e+05 -6.4169366966e-02  0  8.7600000000e+00  4.7513726398e-13
-1.4401547833e+02  8.7590520023e+05  1.5657807684e+02  2  1.6800000000e+01  4.7614598428e-13
-4.5029378983e-05  8.7843129009e+05  3.1912274371e-03  4  4.0000000000e+01  4.7751917803e-13
 4.9447309810e+00  8.7968401762e+05  5.0454633190e+01  1  1.2100000000e+01  4.7820016631e-13
 3.3043100038e+00  8.8013278740e+05  4.2372472532e-01  1  1.2100000000e+01  4.7844411957e-13
-7.6356633448e+01  8.8117072544e+05  1.6871006304e+01  0  8.7600000000e+00  4.7900834733e-13
-8.6681188556e+00  8.8239864860e+05  9.2640395422e+01  1  1.2100000000e+01  4.7967585185e-13
-9.3684503522e+00  8.8367322583e+05  1.2908165313e+00  3  3.2200000000e+01  4.8036871773e-13
-4.5537283597e+00  8.8480768802e+05 -1.1181198538e+00  1  1.2100000000e+01  4.8098541646e-13
-3.0701641981e+00  8.8495176277e+05 -1.6382035590e+00  0  8.7600000000e+00  4.8106373613e-13
-5.3795714058e+00  8.8546787527e+05  6.1492797230e+00  2  1.6800000000e+01  4.8134429720e-13
 4.5713912556e+00  8.8669082958e+05 -7.8085872777e+00  0  8.7600000000e+00  4.8200910063e-13
 5.8205358801e+00  8.8719784642e+05  1.0652798154e+01  0  8.7600000000e+00  4.8228471725e-13
-3.7867050025e+02  8.8796182876e+05  6.5013889463e+01  0  8.7600000000e+00  4.8270002147e-13
-1.2387916614e+01  8.9099516136e+05 -2.2860040902e+01  2  1.6800000000e+01  4.8434895464e-13
-2.6134842630e+01  8.9127351871e+05 -2.5989937910e+01  0  8.7600000000e+00  4.8450027094e-13
-3.5084143936e-01  8.9248102549e+05 -1.7126317911e-01  0  8.7600000000e+00  4.8515667702e-13
 4.9595351051e-03  8.9277090271e+05  4.9065120052e-03  2  1.6800000000e+01  4.8531425558e-13
-3.1178685525e+00  8.9437270516e+05  1.5212748501e+00  0  8.7600000000e+00  4.8618500255e-13
 5.9547004414e+01  8.9731605279e+05  3.9598495708e+02  2  1.6800000000e+01  4.8778501949e-13
 1.6855588824e+02  8.9741661032e+05  4.1761373664e+01  0  8.7600000000e+00  4.8783968301e-13
 5.4279482052e+01  8.9817955731e+05 -1.6059368168e+02  1  1.2100000000e+01  4.8825442441e-13
 4.4213165283e-01  8.9859961618e+05  6.8719865125e+00  1  1.2100000000e+01  4.8848277029e-13
-2.1373494412e+01  9.0217862412e+05  1.2554310303e+01  3  3.2200000000e+01  4.9042833501e-13
 1.1192419085e+01  9.0681599216e+05  1.9311472348e+00  0  8.7600000000e+00  4.9294922902e-13
-7.6310489962e+00  9.0794703179e+05 -2.8250567850e+01  2  1.6800000000e+01  4.9356406722e-13
-1.6566264921e+00  9.0824087648e+05  5.0107836537e+00  1  1.2100000000e+01  4.9372380251e-13
 4.2997547682e+00  9.1145426986e+05 -2.6588745059e+00  1  1.2100000000e+01  4.9547061752e-13
 2.4912596827e+02  9.1196234045e+05 -5.1964818619e+01  1  1.2100000000e+01  4.9574680696e-13
-1.2662750026e+01  9.1217804042e+05 -5.4406761697e+01  1  1.2100000000e+01  4.9586406243e-13
-3.5176573853e+01  9.1400413111e+05  2.5207596689e+00  0  8.7600000000e+00  4.9685673350e-13
-9.4938120626e+00  9.1480053490e+05  1.5922109361e+01  1  1.2100000000e+01  4.9728966216e-13
 9.6127557355e-01  9.1766713058e+05  6.8214593135e+00  0  8.7600000000e+00  4.9884795639e-13
-1.6691280080e+01  9.1769584619e+05 -2.0807245064e+01  1  1.2100000000e+01  4.9886356633e-13
 3.7472715828e-03  9.1855446016e+05  3.9349266113e-04  3  3.2200000000e+01  4.9933031272e-13
-2.5818399812e+01  9.2110054151e+05  3.8759332408e+00  0  8.7600000000e+00  5.0071437393e-13
 3.4311556809e-03  9.2194146736e+05 -2.5664714573e-03  1  1.2100000000e+01  5.0117150498e-13
 3.4061188334e+01  9.2279528773e+05  3.5412233876e+01  0  8.7600000000e+00  5.0163564556e-13
 6.6250453894e+01  9.2577774936e+05 -1.2202979491e+02  0  8.7600000000e+00  5.0325692504e-13
 3.1519703618e+02  9.2787366358e+05  9.8455397521e+00  1  1.2100000000e+01  5.0439627338e-13
-4.6857824967e-03  9.2873603913e+05 -3.9464215510e-03  2  1.6800000000e+01  5.0486506459e-13
-1.6804015469e+00  9.3193598153e+05  3.3243042135e+00  1  1.2100000000e+01  5.0660456759e-13
 5.0014221601e+00  9.3322286837e+05  1.8626408329e+00  1  1.2100000000e+01  5.0730412503e-13
 4.1409121304e+00  9.3684603713e+05 -2.6763336595e+00  0  8.7600000000e+00  5.0927369577e-13
-1.2757295145e+01  9.3759145005e+05 -1.4582540337e+01  1  1.2100000000e+01  5.0967890557e-13
-6.2361997617e+01  9.3999321100e+05 -5.3755880761e+00  0  8.7600000000e+00  5.1098451356e-13
 5.5466195373e+00  9.4058453641e+05 -3.5047340756e+00  2  1.6800000000e+01  5.1130596070e-13
-2.2253162863e+01  9.4103481056e+05  1.8826649253e+00  0  8.7600000000e+00  5.1155073174e-13
-5.6315122972e+01  9.4312141832e+05  7.0983500831e+01  1  1.2100000000e+01  5.1268502105e-13
-1.5408863917e+00  9.4654700591e+05 -3.4988466928e+00  1  1.2100000000e+01  5.1454718579e-13
 4.6209615373e+01  9.4673945027e+05  1.6847545747e+00  2  1.6800000000e+01  5.1465179940e-13
-2.9205789740e+01  9.4886838446e+05  3.4756204867e+00  0  8.7600000000e+00  5.1580909755e-13
 1.8094448338e+01  9.5231646017e+05 -4.3339208485e+00  0  8.7600000000e+00  5.1768348693e-13
-2.3166005676e+02  9.5670472212e+05  4.8603190272e+02  2  1.6800000000e+01  5.2006896575e-13
 7.0349768622e+00  9.5853047693e+05 -2.9355425721e-01  1  1.2100000000e+01  5.2106145423e-13
-8.0710004557e-01  9.5862352750e+05 -4.1123327963e+00  2  1.6800000000e+01  5.2111203694e-13
-1.5744229846e+01  9.6094025574e+05 -1.1141066240e+02  0  8.7600000000e+00  5.2237142077e-13
 6.6603494107e+01  9.6363540392e+05  2.5335057148e+01  1  1.2100000000e+01  5.2383651537e-13
 2.4929918803e-03  9.6454223925e+05 -2.8546817381e-04  1  1.2100000000e+01  5.2432947511e-13
 2.1364027435e-03  9.6826457249e+05 -3.4790905605e-03  2  1.6800000000e+01  5.2635295211e-13
-1.8372412490e+00  9.6861174788e+05  2.7200622723e+00  3  3.2200000000e+01  5.2654167821e-13
-1.7131283615e+01  9.6910619870e+05  3.0883163516e+01  0  8.7600000000e+00  5.2681046388e-13
 3.8899488305e+00  9.6919732729e+05  2.5672014253e+01  2  1.6800000000e+01  5.2686000179e-13
 2.0390936330e+02  9.7158542482e+05  1.2225742591e+02  1  1.2100000000e+01  5.2815818229e-13
 1.1443253816e+02  9.7192113859e+05 -2.8472481621e+01  0  8.7600000000e+00  5.2834067780e-13
 5.0410725486e+01  9.7263143409e+05 -2.9728935608e+01  0  8.7600000000e+00  5.2872679761e-13
-3.0274282362e+02  9.7286767970e+05  3.0912060967e+01  0  8.7600000000e+00  5.2885522178e-13
-3.0750494954e-03  9.7394956515e+05 -2.3568685061e-03  1  1.2100000000e+01  5.2944333955e-13
-7.7742981019e+02  9.7551534213e+05  5.7779193512e+01  0  8.7600000000e+00  5.3029450291e-13
 3.0617273755e+00  9.7658742853e+05 -1.0670078394e+01  0  8.7600000000e+00  5.3087729388e-13
-4.8216863819e+00  9.7743557761e+05  4.1835585933e+00  3  3.2200000000e+01  5.3133835151e-13
-1.8889821865e-03  9.7830523509e+05  1.8763913619e-03  3  3.2200000000e+01  5.3181110120e-13
 1.1416112874e+02  9.8076694381e+05  3.7374316336e+01  0  8.7600000000e+00  5.3314929708e-13
-5.9847672411e+00  9.8101805777e+05  9.7187082024e+00  0  8.7600000000e+00  5.3328580375e-13
-2.2761875463e+00  9.8123926882e+05 -1.5356537107e-01  0  8.7600000000e+00  5.3340605507e-13
-3.7517610197e-01  9.8126238481e+05 -6.8383974852e+00  2  1.6800000000e+01  5.3341862102e-13
-1.2268158695e-03  9.8202687376e+05  6.4700521486e-01  2  1.6800000000e+01  5.3383420063e-13
-7.9372290207e+00  9.8594752073e+05  8.9572278885e-01  0  8.7600000000e+00  5.3596548186e-13
 5.7245704872e+01  9.8717687602e+05 -1.8709935999e+02  0  8.7600000000e+00  5.3663376489e-13
-3.4903809561e-03  9.9187969115e+05 -2.8327289772e-03  1  1.2100000000e+01  5.3919023623e-13
 7.5177932249e+00  9.9478559480e+05  6.2808502825e+00  0  8.7600000000e+00  5.4076989845e-13
 6.3041509230e+00  9.9680916616e+05 -1.1411939884e+00  1  1.2100000000e+01  5.4186992089e-13
-1.6100396928e+02  9.9773140140e+05  3.8067665764e+02  2  1.6800000000e+01  5.4237125210e-13
-2.2164259463e+00  9.9890163492e+05 -5.2587938984e-01  0  8.7600000000e+00  5.4300739627e-13
-2.5468499754e+02  9.9936491293e+05  6.0178701987e+01  0  8.7600000000e+00  5.4325923627e-13
-8.7726132303e-01  1.0013555283e+06 -1.7742320209e+00  0  8.7600000000e+00  5.4434134369e-13