 x                 y                 z               Event            Energy              Time
-3.1743169728e+01  9.5208207111e+03 -2.5210771774e+01  7  1.6800000000e+01  3.6293650481e-15
 9.4398752320e+00  2.5564314658e+04 -1.7721875357e+01  7  8.7600000000e+00  9.7451924485e-15
 1.1267174951e+03  2.7388567955e+04 -1.0762599141e+03 12  9.3965589215e-01  1.0440603207e-14
 1.4405068219e+01  4.0772323966e+04 -1.2424193835e+01  7  1.2100000000e+01  1.5542530630e-14
-5.8967351313e+02  4.8358980675e+04 -1.0755639881e+02 12  4.7708184056e-01  1.8434586634e-14
 2.4569653910e+02  5.2366830028e+04  7.2384405628e+01 12  1.0033082078e+00  1.9962390675e-14
-5.1073655389e+01  5.6024946864e+04 -1.0551012403e+02  7  1.2100000000e+01  2.1356875645e-14
-1.7351614602e+00  6.5511649027e+04  1.1446277304e+00 12  1.7264663958e+00  2.4973234602e-14
-2.0429801802e+01  7.3917671094e+04  9.3682050514e+00 12  3.7038314672e+00  2.8177635106e-14
 2.2906577520e+00  8.3007248576e+04 -3.1587428178e+00  7  1.2100000000e+01  3.1642608958e-14
-8.4278893001e+00  8.7701833268e+04  4.9294831038e-01  7  1.2100000000e+01  3.3432198544e-14
-3.0657092348e+02  1.2063115369e+05 -1.2547852259e+02  7  8.7600000000e+00  4.5984952998e-14
-5.7944403513e+02  1.2215426508e+05  1.1941744396e+02 12  1.0548222311e+00  4.6565567570e-14
 3.6117252337e+00  1.2234856275e+05  1.8901394027e+00 12  3.5938811796e+00  4.6639634419e-14
-1.4084150224e+01  1.2955792223e+05  7.6925363524e-01 12  1.0639425209e+00  4.9387863600e-14
 1.4742235149e+02  1.4180096063e+05  1.0939098698e+02  0  8.2481911421e+00  5.4054946093e-14
-2.2330774729e+01  1.7752063821e+05  8.5414979855e+01  3  8.7600000000e+00  6.7671392960e-14
 2.4345223735e+00  1.8130286272e+05 -3.4129796681e-01 12  7.8039013693e-01  6.9113188140e-14
 7.8298224609e+00  2.1538166313e+05  1.1236018827e+01 12  4.3378995535e-01  8.2104127771e-14
-9.2121797453e+00  2.2301221764e+05  4.8108736566e+00  7  8.7600000000e+00  8.5012917745e-14
 1.0318867136e+02  2.3791143304e+05  1.1205171009e+02 12  4.0159506744e+00  9.0692542777e-14
 7.4621320424e+00  2.4510215488e+05  3.7031125003e-01 12  1.9343650948e-01  9.3433667236e-14
 2.6416978950e+01  2.6757490456e+05  9.1387190241e+01 12  9.1835118936e-01  1.0200034596e-13
-3.9963660070e+02  2.7121148382e+05 -1.1422672516e+02 12  5.5498432277e-01  1.0338662074e-13
-1.2565657356e+00  2.7189584948e+05 -1.8438053376e-01  2  9.9527945100e+00  1.0364750296e-13
 6.8557940288e+00  2.7712144664e+05  3.7139391918e+00  7  1.6800000000e+01  1.0563951607e-13
 5.7241382242e+01  2.8274395211e+05  3.1896954353e+02 12  2.5813699605e+00  1.0778283180e-13
-2.4372775614e+01  2.8488883557e+05  1.6850075430e+01 12  2.1431430567e+00  1.0860046773e-13
-3.5625295022e+01  2.8708703009e+05  1.4251120932e+01 12  1.4339499600e+00  1.0943842599e-13
-1.9761370202e+00  2.9571815880e+05 -6.8073908524e+00  7  1.2100000000e+01  1.1272863781e-13
-1.2872256838e+01  3.0604960368e+05  8.6903724377e+01  7  8.7600000000e+00  1.1666701519e-13
-2.9809697117e-01  3.2329466821e+05 -1.5806891474e+00  7  1.6800000000e+01  1.2324088486e-13
 8.7648282945e+00  3.2651791722e+05  7.2225137918e+00  7  8.7600000000e+00  1.2446959693e-13
 6.8327934893e+00  3.2865463945e+05  4.2775623073e+00  7  8.7600000000e+00  1.2528412177e-13
-2.1176694336e+01  3.4181343296e+05 -4.0842721608e+00 12  3.7601850368e-01  1.3030029282e-13
 1.9427558988e+02  3.4317204424e+05 -1.8019682184e+02  7  1.2100000000e+01  1.3081819946e-13
 5.7802822061e+02  3.4604419991e+05  6.9995429800e+02  7  1.2100000000e+01  1.3191307371e-13
-3.8064792474e+01  3.5027454560e+05 -1.3572357337e+02 12  2.4790604559e+00  1.3352569401e-13
 3.4373791374e+01  3.5987450802e+05 -7.5686077085e+01 12  9.6813117840e-01  1.3718522812e-13
 3.3405611338e+01  3.6859561772e+05  2.5708841495e+01  7  1.2100000000e+01  1.4050974096e-13
 6.1458074215e+02  3.8372758741e+05  6.6048623907e+01  7  1.6800000000e+01  1.4627809261e-13
 2.5229790645e+02  3.9415248405e+05  7.9786692593e+01 12  1.5418176107e+00  1.5025209408e-13
 1.3861879309e+01  4.1165125311e+05 -1.6116515769e+01  7  1.2100000000e+01  1.5692267667e-13
 7.0799462668e+00  4.1618121425e+05 -8.7334133615e+00 12  8.0617175932e-01  1.5864951127e-13
 1.5007247603e+00  4.2830931342e+05 -1.2626554051e+00  7  8.7600000000e+00  1.6327277858e-13
-2.1807865556e+02  4.4485281046e+05 -1.2555679211e+02 12  1.6812074472e+00  1.6957920864e-13
-6.6553148657e-02  4.4633896975e+05  4.5461982708e+00 12  1.3911451581e+00  1.7014573696e-13
 4.1789820141e-01  4.5178067351e+05  1.5889628140e+00 12  7.0071842364e-01  1.7222013055e-13
-1.2371930565e+01  4.5483335647e+05  7.1166185883e+01  7  1.6800000000e+01  1.7338382234e-13
-9.3982140039e-01  4.5693591637e+05  1.2096014632e+00  7  1.2100000000e+01  1.7418532440e-13
-7.9301110775e+00  4.5704783875e+05 -6.8445397034e+00  7  8.7600000000e+00  1.7422798954e-13
 2.6868018186e+02  4.5922192026e+05 -4.0481708124e+01 12  7.3245282981e-02  1.7505675585e-13
 1.5298608133e+00  4.6343559765e+05  1.9062334002e+01 12  1.8492554773e+00  1.7666302215e-13
 1.7907759176e+00  4.6853677487e+05 -3.1907897811e+00  7  8.7600000000e+00  1.7860760601e-13
 6.8705896009e+01  4.7687413858e+05 -2.4140179938e+02 12  2.0717091155e+00  1.8178583374e-13
 1.5405499904e+01  5.1022082272e+05 -3.2145746391e+00 12  9.9180551863e-01  1.9449768848e-13
-8.2522567733e+00  5.4718342957e+05  4.6312125594e+00  7  1.6800000000e+01  2.0858794367e-13
-8.8872190707e+01  5.5357974795e+05  9.7087252492e+01 12  4.6176920422e-01  2.1102623917e-13
 4.1874167719e+00  5.7898945947e+05 -2.7044824707e+01 12  9.4767175466e-01  2.2071249645e-13
-1.1249244417e+01  5.8626260714e+05  3.9536511212e+00  7  1.6800000000e+01  2.2348504188e-13
 1.5173778642e+01  6.0187124556e+05  4.0563232529e+01 12  3.7623448220e+00  2.2943510106e-13
 3.1104917195e+00  6.1382527363e+05  8.5764387588e+00 12  1.6528527715e+00  2.3399201196e-13
 2.8540769523e+02  6.2021420901e+05 -5.9625292834e+02  0  8.4375003198e+00  2.3642749305e-13
-4.5639677641e+01  6.2816223997e+05 -6.0670538148e+01 12  6.4133393116e-01  2.3945730599e-13
 6.3031922522e+02  6.2954191282e+05  1.9080903212e+03  1  8.9456913295e+00  2.3998324136e-13
 3.2783956578e+01  6.3470213005e+05 -6.7132808794e+01 12  4.9361931777e-01  2.4195033145e-13
-2.2784455172e+01  6.3809810980e+05  6.7182092941e+00  7  1.2100000000e+01  2.4324488899e-13
-2.1162966132e+02  6.5679004210e+05  5.7996812853e+02 12  5.9642529966e-01  2.5037030893e-13
-2.9043976945e+02  6.6788051515e+05 -3.5281878488e+02 12  1.0959171404e+00  2.5459803010e-13
-2.4848660612e+01  6.9699337454e+05 -1.1148709271e+00 12  2.0300077010e+00  2.6569593831e-13
 4.0651843157e+01  7.1217560136e+05 -5.9062479505e+01  7  1.2100000000e+01  2.7148344813e-13
 3.1300083413e+01  7.3203418947e+05  6.2878307037e+00  7  8.7600000000e+00  2.7905360072e-13
-3.1665825666e+00  7.4333069694e+05  2.8108184014e+00 12  9.5592699538e-01  2.8335986282e-13
-1.6043625354e+00  7.4615201988e+05 -6.7398645518e-01 12  9.5469303254e-01  2.8443535948e-13
-1.3773928550e+02  7.5131829168e+05 -3.1136702184e+01  7  1.6800000000e+01  2.8640475759e-13
-6.6450691075e+01  7.6135921420e+05 -1.3115553168e+02 12  1.5798547578e+00  2.9023238698e-13
 8.5204649707e+00  7.6391815335e+05  1.2541773459e+00  7  8.7600000000e+00  2.9120786217e-13
 1.0408789436e+01  7.7778357585e+05 -4.1625367380e+01  0  7.9881721869e+00  2.9649340228e-13
-5.4737757681e+00  7.8108419895e+05 -2.1819087962e+02 12  1.5755978264e+00  2.9775160958e-13
 1.9234802297e+02  7.8262983638e+05  1.1780943195e+02 12  8.7914543681e-01  2.9834081115e-13
 3.6377292924e+01  7.9174659201e+05 -2.9979064133e+01  7  1.2100000000e+01  3.0181614539e-13
-1.2973498002e+02  8.1037751136e+05  8.7124754554e+01  0  9.1299800445e+00  3.0891830702e-13
-5.4841631247e+01  8.3086511006e+05 -5.8987461827e+01 12  2.8612552087e+00  3.1672824031e-13
-2.8665205940e+00  8.5110527600e+05 -2.7906217210e+00  7  1.6800000000e+01  3.2444385150e-13
 7.3067568094e+00  8.5248752068e+05 -1.8176273616e+00  0  8.3297452480e+00  3.2497076726e-13
 7.2567529031e-01  8.5743130254e+05 -2.4136983545e+00 12  1.2377451328e+00  3.2685535155e-13
-1.6401451688e-01  8.6776133524e+05  4.1987511320e+00  7  8.7600000000e+00  3.3079319060e-13
-4.3057732045e+01  8.7653975352e+05 -2.3217632472e+01  7  8.7600000000e+00  3.3413954965e-13
 1.2566638891e+01  8.7688948604e+05  1.2110874508e+01 12  6.7342718118e-01  3.3427286872e-13
-8.0734729848e+01  8.9017327033e+05  4.0967101432e+01  7  8.7600000000e+00  3.3933668662e-13
-4.2446130469e+02  9.0023689118e+05 -5.8384809913e+02 12  1.6237890043e+00  3.4317296869e-13
 1.6840795630e+02  9.1654392583e+05  8.2303174275e+01  7  1.2100000000e+01  3.4938925859e-13
-1.9680884119e+00  9.1909258872e+05  7.2846204820e-01  7  1.2100000000e+01  3.5036081643e-13
-3.1223792717e+00  9.2823929062e+05 -2.2606225076e+01 12  1.1240227457e+00  3.5384756628e-13
-4.2819223895e+02  9.3896359950e+05  2.6879491095e+02 12  3.7906591049e+00  3.5793570458e-13
-4.1237896352e+00  9.3947724722e+05  5.0532555897e+00  7  1.2100000000e+01  3.5813150861e-13
-2.3796270729e+00  9.4214044403e+05  2.1000003837e+03 12  6.3497073283e-01  3.5914672712e-13
 7.1612742299e+00  9.5589603201e+05 -5.8918924256e+00 12  2.1503399396e+00  3.6439039800e-13
-3.2712782246e-01  9.7590422358e+05  1.5608251367e+01 12  3.6737693900e+00  3.7201757987e-13
-1.3703911243e+00  9.9792765294e+05 -4.5862202999e+00  7  1.2100000000e+01  3.8041297636e-13
-2.9142881356e+00  8.7808410179e+02  3.9630662764e+00 12  3.0562469415e+00  3.9518206690e-16
 1.2577433474e+01  8.6464018400e+02  1.1060744363e+01  7  1.2100000000e+01  1.1191901177e-15
 9.6069881129e+00  8.7567993005e+02  1.0335356886e+01 12  7.1946969666e-01  1.2868982750e-15
 2.2285901557e+01  8.7452191755e+02  2.3101792412e+01  7  8.7600000000e+00  1.6105667299e-15
 1.5884566832e+01  8.7956876789e+02  1.3344735539e+01  1  7.9694710383e+00  2.3994013313e-15
 1.3950825709e+01  8.7279115904e+02  1.4526189077e+01  1  7.9346833123e+00  2.8184205664e-15
 1.3325677301e+01  8.7281755010e+02  1.4600316752e+01 10  1.2971204309e+00  2.8184205664e-15
 1.2725395940e+01  8.6148114541e+02  4.2568018304e+01  1  8.0652138944e+00  3.9866725853e-15
-6.0183255457e+00  8.5076248046e+02  5.4522488150e+01 10  6.5700356155e+00  1.4407804180e-14
 1.2577433474e+01  8.6464018400e+02  1.1060744363e+01 11  6.7217871681e+00  1.1191901177e-15
-2.6993901031e+01  8.5716130027e+02 -8.8123034934e+00  1  7.9402125926e+00  9.4294013019e-15
-2.5801764719e+01  8.5795464575e+02 -8.5930697182e+00 10  1.1240722919e+00  9.4294013019e-15
-3.1743169728e+01  9.5208207111e+03 -2.5210771774e+01 11  5.1693381905e+00  3.6293650481e-15
 4.1554647099e+01  1.8294330565e+04  3.8822934430e+01 10  3.6611824916e+00  1.0468534819e-14
 4.0781343225e+01  1.8301869159e+04  4.4066469107e+01 11  2.4801783507e+00  1.0468534819e-14
 3.7548969352e+01  2.2288214184e+04  1.2717204022e+01  0  8.3434872144e+00  1.1908282280e-14
 2.0793003234e+01  2.2264564306e+04  9.0226744971e+00 10  4.8676139108e+00  1.1908282280e-14
-3.7652777463e+00  2.2977921241e+04  3.4022569141e+00 11  1.4841688187e-01  8.7592516190e-15
 3.7815998859e+01  2.5577352672e+04  7.3788520523e+00  3  8.7600000000e+00  1.7364246575e-14
 3.7989622710e+01  2.5577333262e+04  5.8089749444e+00 10  1.1887464491e+00  1.7364246575e-14
 3.7815998859e+01  2.5577352672e+04  7.3788520523e+00 11  2.0763695756e+00  1.7364246575e-14
-3.7767135470e+01  2.9830252892e+04 -4.2154593739e+01 11  1.9502415531e+00  1.1371380736e-14
-3.6208344829e+01  3.0857379229e+04 -7.1162928786e+01 11  4.7516180895e+00  1.1762924337e-14
 1.4405068219e+01  4.0772323966e+04 -1.2424193835e+01 11  6.6080164077e+00  1.5542530630e-14
-8.1972969244e+01  4.4164602193e+04  4.2641290713e+02 10  4.8980867806e+00  1.7091084451e-14
-8.1735523117e+01  4.4165502740e+04  4.2595938665e+02 11  1.5455150784e+00  1.7091084451e-14
 1.2271341412e+02  4.7169970663e+04 -2.5694065088e+01 10  6.6379690440e+00  3.7616116428e-14
 1.7885920121e+01  4.7942092685e+04 -7.5383934476e+00 12  1.3475032672e+00  2.0367367374e-14
 1.6032711256e+01  4.7942359058e+04 -8.4910686901e+00 10  5.1531928471e+00  2.0367367374e-14
-3.7713816894e+00  4.8466421575e+04  8.9465424725e+00  7  8.7600000000e+00  1.8881866173e-14
-6.7296090415e+00  4.8447122100e+04 -1.0763885525e+01 12  1.1877359017e+00  2.1564811823e-14
-6.6312270860e+00  4.8447169349e+04 -1.0830969473e+01 10  2.5844224821e+00  2.1564811823e-14
-1.0330312926e+01  4.8467968977e+04 -7.6182774040e+00 11  2.2744925602e+00  1.8929573814e-14
 6.9785589790e+00  4.8467491811e+04  3.0658960309e+01 10  6.7893562992e+00  2.5459835244e-14
-2.2724518688e+00  4.9638119701e+04  4.3540123873e-01 11  4.1807444432e+00  1.8922198218e-14
-1.7419069581e+00  5.0707282051e+04  5.6971391900e-01 11  2.1863676238e+00  1.9329766072e-14
 5.5892483669e+00  5.3266510043e+04  2.8399825104e+01 12  2.0148209095e+00  2.0503780917e-14
-2.8001620901e+01  5.3156345805e+04  2.2802528383e+01 10  6.4479083941e+00  6.3627563618e-14
 3.5976510519e+01  5.5829700621e+04  2.6565371211e+01 10  6.6910534069e+00  2.2303760275e-14
-1.4025285949e+02  5.6003606985e+04 -1.3330585262e+02 10  6.7304010376e+00  5.3851979144e-14
 7.9099685084e+01  6.0398096797e+04 -3.1285516239e+01 11  6.1973986309e+00  2.3023933350e-14
-3.1849497754e+01  8.3087218703e+04 -4.3173404645e+01 10  6.3732681987e+00  5.6354671256e-14
 3.4997331735e+00  8.3136677583e+04 -3.7565529793e-01 11  4.8903260979e-02  3.1691947679e-14
-8.4278893001e+00  8.7701833268e+04  4.9294831038e-01 11  5.8276771884e+00  3.3432198544e-14
-2.1477872120e+01  9.0028624318e+04  2.9219089108e+01 11  5.9002651858e+00  3.4319178182e-14
 2.2932686708e+01  9.2683750611e+04 -2.0013298841e+01 11  5.8918957662e+00  3.5331320188e-14
 5.3913492363e+01  1.0221536015e+05 -2.3129068120e+01 12  2.7797174939e-01  5.2819293854e-14
 5.4967192103e+01  1.0221673796e+05 -2.3111317006e+01 10  4.2063922564e-01  5.2819293854e-14
-1.3423170808e+01  1.0223971522e+05 -1.1475633169e+01 11  1.9975395042e+00  3.9235593677e-14
-6.1894429459e+00  1.0223811763e+05 -1.1502563704e+01 11  3.0966539125e+00  3.9062761503e-14
-5.0450811961e+02  1.0429333359e+05 -1.1976042412e+02 11  6.3514336061e+00  3.9756927596e-14
-9.1647638411e+00  1.0762548161e+05 -2.3932475071e+01 12  5.8053945318e-01  4.1116172697e-14
 1.8247192043e+01  1.1360344090e+05  1.5937480410e+01 12  2.5738714235e-01  4.5285671984e-14
 2.0768010648e+01  1.1543891145e+05 -5.8251606851e-01 12  2.6964788171e-01  4.7509266979e-14
 1.5769815803e+01  1.1544216287e+05  2.7509860641e+00 10  4.8929794688e+00  4.7509266979e-14
-3.0124599838e+02  1.2062330261e+05 -1.1918340115e+02 12  1.3669334838e+00  4.6035351101e-14
-3.0581618872e+02  1.2063094142e+05 -1.2586710786e+02 10  3.3802926572e+00  4.6035351101e-14
 2.4365475159e+00  1.2650238868e+05  4.0309853111e+00 11  3.6396558024e+00  4.8223085161e-14
-4.0244921247e-02  1.3604593695e+05  4.4334598233e+01 11  6.7871392874e+00  5.4264155152e-14
-1.9072278361e+01  1.3801242942e+05 -1.0669796333e+01 11  4.5073776042e+00  5.2610746778e-14
-9.1638996059e+00  1.3877569793e+05 -3.4437795536e+01 11  1.8779686231e+00  5.2901706992e-14
-1.0818192122e+02  1.4099140138e+05  1.2674553989e+02 12  9.1072368947e-01  5.4186319741e-14
-1.0603210361e+02  1.4098763578e+05  1.2997772144e+02 10  3.7611346295e+00  5.4186319741e-14
-9.7340433367e+01  1.4121760971e+05  7.6527624163e+01 10  6.7389132680e+00  7.4547034818e-14
 6.3611837152e+01  1.4149668445e+05  1.5606940376e+02 11  1.2798176512e+00  5.3938955110e-14
-5.9078503288e+00  1.4151111731e+05 -2.6674392986e+01 11  4.6719777323e+00  5.3944456960e-14
-1.1706137375e+01  1.4585485142e+05  6.8618909212e+00 11  1.9111695633e+00  5.5600301265e-14
 9.7986550600e+00  1.4615213529e+05 -7.5913310639e+00  7  1.2100000000e+01  5.5996753099e-14
 3.9797308699e+00  1.4615454120e+05 -1.2439849197e+01  2  1.0396323217e+01  5.6033020313e-14
-2.2292161903e+01  1.4618470820e+05 -2.1892234367e+01 12  1.0859682601e+00  5.6284078524e-14
 1.4527932806e+01  1.4618274125e+05 -1.7220346505e+01  7  8.7600000000e+00  5.6405404397e-14
 7.0435623327e+01  1.4621141175e+05  7.9790703306e+01  7  1.2100000000e+01  5.9412163350e-14
 7.0075738522e+01  1.4621600235e+05  8.6249244145e+01  7  1.6800000000e+01  5.9663637818e-14
 7.0075738522e+01  1.4621600235e+05  8.6249244145e+01 12  9.8163328718e-01  5.9663637818e-14
 6.9438143665e+01  1.4621666611e+05  8.6197789049e+01 10  4.5833481757e+00  5.9663637818e-14
 5.7986677640e+01  1.4621352112e+05  8.5588680489e+01 11  4.1607115745e+00  5.9405001939e-14
 3.8106756376e+01  1.4617103734e+05  5.1393720440e+01 10  6.5605737533e+00  6.8295048852e-14
 5.2693971542e+01  1.4619057785e+05  6.2603065580e+01 11  6.1209209833e+00  5.7953359409e-14
 1.2307808658e+01  1.4618718875e+05  4.1066646064e+01 10  3.3187037958e+00  5.8194344280e-14
 1.2085109521e+01  1.4618798765e+05  4.1440735151e+01 11  2.0703347378e+00  5.8194344280e-14
 2.9117119004e+01  1.4620283834e+05  3.3086185140e+01 12  2.0779926268e+00  5.7265220619e-14
 2.5887006964e+01  1.4620406824e+05  2.9912702106e+01 10  4.1757188173e+00  5.7265220619e-14
-2.3301417126e+01  1.4619550553e+05  3.6234030219e+01 11  6.1749171003e+00  5.6810500816e-14
 2.5230741245e+01  1.4615528350e+05  1.4258806457e+01 10  3.8680312226e+00  5.9200429160e-14
 2.5392824703e+01  1.4615632998e+05  1.4783832086e+01 11  1.7637799756e-01  5.9200429160e-14
-2.2979954780e+01  1.4618490143e+05 -3.3672852517e+01 11  6.7640897577e+00  7.2873670665e-14
 1.1626830496e+01  1.4614758689e+05 -1.0296402188e+01 11  5.4092268535e+00  5.5943698013e-14
-1.0374009085e+01  1.4798616822e+05  5.6582213421e-01  7  1.6800000000e+01  5.6574470395e-14
-1.5563499127e+01  1.4798473046e+05  2.6922358829e+00  7  1.6800000000e+01  5.6687810766e-14
-1.3771049052e+01  1.4798175278e+05  2.8348418088e+01 10  2.5466186631e+00  6.7442788137e-14
-1.3880328380e+01  1.4798325785e+05  3.1134108736e+01 11  1.9733441268e-02  6.7442788137e-14
-6.3702193747e+00  1.4796321519e+05 -1.2349071484e+00 11  2.0305644114e+00  5.8897411897e-14
-2.0504105656e+01  1.4798221055e+05 -3.4877074490e-01 11  2.8996367783e+00  5.6916463017e-14
-1.5563499127e+01  1.4798473046e+05  2.6922358829e+00 11  4.3580382786e+00  5.6687810766e-14
-1.0374009085e+01  1.4798616822e+05  5.6582213421e-01 11  2.0755765190e+00  5.6574470395e-14
-1.1776899123e+01  1.4799050282e+05 -1.1224754408e+01  1  8.2805686694e+00  5.7773922532e-14
-1.4159174938e+01  1.4799167961e+05 -1.0149430025e+01 10  3.7498851627e+00  5.7773922532e-14
-1.4492601015e+01  1.4799362755e+05 -9.1016048727e+00 11  2.2029881686e+00  5.7465401631e-14
-1.7240256786e+01  1.4793535577e+05 -3.8569323672e+01 12  2.4606421879e-01  5.9965233755e-14
-1.6621563976e+01  1.4793494765e+05 -3.7212996923e+01 10  3.9013743209e+00  5.9965233755e-14
 4.1347580880e+02  1.5229481136e+05  1.5127214670e+02 11  3.7091878690e+00  5.8055233066e-14
 3.0247825980e+01  1.5365558922e+05 -1.3980372860e+01  0  8.4700634332e+00  5.8892417897e-14
 2.1514383489e+01  1.5366041573e+05 -1.0806054249e+01 10  1.5611510844e+00  5.8892417897e-14
-1.9117028957e+01  1.5659342611e+05  5.3222427586e+00 12  2.1392940727e+00  6.0032441952e-14
-9.3866007549e-01  1.5659328738e+05  3.0383947106e+01 12  3.5502732522e+00  6.0604878824e-14
-2.5380549046e+01  1.5659772922e+05  2.5445358544e+01 10  4.7060588536e+00  6.1324785074e-14
-2.3133357278e+01  1.5659753391e+05  2.6176932120e+01 11  3.6182564096e+00  6.1324785074e-14
-2.4178364747e+01  1.5660377653e+05  3.1332831474e+01 11  2.5082697437e-01  6.0879824339e-14
-7.5788158073e+00  1.5659039231e+05  2.6591616044e+01 10  6.7416004272e+00  6.1709479459e-14
-1.4797991766e+01  1.5659821507e+05  2.1166457812e+01 11  2.8253248521e+00  6.0580705127e-14
-1.3295175332e+01  1.5659463926e+05  1.6306324445e+01 10  6.3498922965e+00  6.0391526979e-14
-1.3316385204e+01  1.5659937640e+05  1.4653196960e+01 11  3.1003681801e+00  6.0391526979e-14
-3.3675625578e+01  1.5655807465e+05 -5.0403042065e+01 11  5.9244933571e+00  7.0226595953e-14
 2.2209622412e+01  1.6070341945e+05  8.7226965741e+00 11  5.4011536685e+00  6.1260619369e-14
-2.5245697969e+00  1.6141678603e+05  6.2020119552e+00 11  4.7960523688e-01  6.1532556823e-14
-1.0070058970e+02  1.6522389652e+05 -8.0556719765e+00 11  2.6250004110e+00  6.2983838614e-14
 9.1735983823e-01  1.6681013380e+05 -8.1986955801e-01 10  3.1742084555e+00  6.5656174077e-14
-2.5990472259e+00  1.6680639176e+05 -1.6028097918e-01 11  1.1925299841e+00  6.5656174077e-14
 2.4642083672e+01  1.7116042532e+05  6.5531771923e+00 12  1.1968404362e+00  6.5820295262e-14
 2.3261068402e+01  1.7116471750e+05  8.4319007783e+00 10  3.0303441699e+00  6.5820295262e-14
-3.7941264991e+01  1.7262902791e+05  1.0714338795e+02 11  3.4931876699e+00  6.5806696628e-14
 1.1242530661e+02  1.7317022056e+05  3.6128970525e+01 10  2.1755880198e+00  6.7433067320e-14
 1.1318983889e+02  1.7317082580e+05  3.3736734435e+01 11  5.5463826008e-01  6.7433067320e-14
-1.8630427687e+00  1.7336602653e+05  3.3965162710e+00  7  1.2100000000e+01  6.6148565811e-14
 1.1038854732e+00  1.7337377504e+05  3.7907877149e+00  7  1.2100000000e+01  6.6201260043e-14
-4.6479359629e+01  1.7335749688e+05 -2.0026700604e+01 10  6.7960892112e+00  7.7099395559e-14
 1.1038854732e+00  1.7337377504e+05  3.7907877149e+00 11  6.5361023918e+00  6.6201260043e-14
-1.8630427687e+00  1.7336602653e+05  3.3965162710e+00 11  6.1746259429e+00  6.6148565811e-14
-3.9942767445e+00  1.7587297467e+05  9.2003714539e+01 11  3.4472147881e+00  6.7043298738e-14
-2.2330774729e+01  1.7752063821e+05  8.5414979855e+01 11  5.9535890193e-01  6.7671392960e-14
-2.4929611107e+01  1.8425438913e+05  2.7168552569e+01 11  2.2035833076e+00  7.0238318749e-14
-1.9421689652e+01  1.8780400949e+05  8.1814002366e+01 11  4.1685272219e+00  7.1591444542e-14
-2.3099582229e+00  1.9395093908e+05 -3.3978942457e-01 11  5.0353355393e+00  7.3934672303e-14
 1.0586029267e+01  1.9423398150e+05 -1.0167809755e+01 11  4.3335382100e+00  7.4042568911e-14
 8.1216390607e+00  1.9864423618e+05  9.6256653417e+00 12  2.7489427435e-01  7.6036001354e-14
 3.3044251189e+01  1.9860454976e+05  1.0431057270e+01 12  2.2412519987e-01  7.6624989276e-14
 3.2744878659e+01  1.9860668194e+05 -4.3130829080e+00  7  8.7600000000e+00  7.6978004429e-14
 1.1204391036e+01  1.9860971685e+05 -4.3418762946e+00 12  9.0195896635e-01  7.8885214913e-14
 1.1611538590e+01  1.9860909552e+05 -3.4893019885e+00 10  2.9698688143e+00  7.8885214913e-14
 3.3711846783e+01  1.9860749323e+05 -5.9314428321e+00 11  3.6867600943e+00  7.7031938687e-14
 2.3790292311e+01  1.9860705507e+05  1.5209352189e+01 10  8.4386770063e-01  7.9736257256e-14
 2.2189866098e+01  1.9860584580e+05  1.4646694361e+01 11  4.7916185041e-02  7.9736257256e-14
 8.3847442526e+00  1.9860103822e+05  1.5246577401e+01  7  8.7600000000e+00  8.0096998455e-14
 3.3204868303e+01  1.9860524751e+05  5.2135488654e+00 10  6.7912923161e+00  1.0097181557e-13
 8.3847442526e+00  1.9860103822e+05  1.5246577401e+01 11  2.1727111492e+00  8.0096998455e-14
 1.9766321035e+01  1.9861000595e+05  7.6665786733e+00 11  2.6758399040e+00  7.7647603024e-14
 1.2451070116e+01  1.9859362851e+05  2.2619535518e+01  7  1.2100000000e+01  7.7409572151e-14
 4.9094213992e+01  1.9855926515e+05  7.1572915477e-01 10  6.6599652549e+00  8.5874067556e-14
 1.3230015722e+01  1.9859247583e+05  3.4295150952e+01 12  4.6077684386e-01  7.8962966593e-14
 6.2830443705e+00  1.9858926127e+05  2.9283714080e+01 10  5.6544180791e-01  7.8962966593e-14
 8.6710340792e+01  1.9863283564e+05  8.6674835286e+00 10  6.7893759205e+00  9.0441132046e-14
 1.0180468278e+01  1.9863477648e+05  2.1143090677e+01 10  3.5141128750e+00  7.7619678406e-14
 1.3025476381e+01  1.9863452211e+05  1.8939773541e+01 11  3.3248002480e-01  7.7619678406e-14
 1.9926225676e+01  1.9861756364e+05  1.1643592550e+01 11  6.4659665179e+00  7.6314071343e-14
 3.8539705460e+01  1.9862806909e+05  1.1330360518e+01  7  1.2100000000e+01  7.7071868302e-14
 3.6202554618e+01  1.9863223500e+05  1.5118505594e+01 12  6.6252805033e-01  7.8043130919e-14
 3.7047537966e+01  1.9863242966e+05  1.4496590254e+01 10  4.8344059898e+00  7.8043130919e-14
 1.5438455089e+01  1.9862286399e+05  6.8510745275e+00 11  6.2748497708e+00  8.7510848927e-14
 3.8047998697e+01  1.9861926596e+05  2.3359657815e+01 11  3.3413791100e+00  7.6357353489e-14
 2.0617290369e+00  1.9862554129e+05  1.7266943034e+01 11  3.7432014256e+00  7.6197566066e-14
-1.5255307329e+01  2.0595772935e+05 -9.5135115104e+00 11  5.2424918036e+00  7.8511696307e-14
 7.9191720972e-01  2.1356290355e+05  2.8030332617e+00 12  5.5349738249e-01  8.1508713184e-14
-5.9488758241e+01  2.1354013363e+05  1.1109400838e+01 10  6.7210552367e+00  1.1202183183e-13
-2.2840985365e+01  2.2303716184e+05  2.8805288749e+01 12  5.6881832769e-01  9.8600260830e-14
-2.0265636625e+01  2.2303577189e+05  2.5130374785e+01 10  2.5800675017e+00  9.8600260830e-14
-1.7969368054e+00  2.3187710446e+05 -3.8229054504e+00 11  2.0192806529e+00  8.8392238854e-14
-1.8568022644e+00  2.3547868604e+05 -2.3001475276e+01  7  1.2100000000e+01  9.0287904472e-14
-3.5539355297e+01  2.3548504515e+05  4.9935913490e+00 12  8.7580065211e-01  9.9581391324e-14
-3.4379192832e+01  2.3548511460e+05  5.1803557083e+00 10  2.5194931293e+00  9.9581391324e-14
-6.2163447593e+00  2.3551824417e+05 -3.0552998403e+00 11  6.7312952631e+00  1.0543856733e-13
-1.1444742696e+02  2.3594833657e+05  1.0276880226e+02 11  4.0514131211e-01  8.9944204591e-14
 3.9781614972e+00  2.3728046502e+05 -3.7488875201e+00  7  1.2100000000e+01  9.0493281054e-14
 1.0160223816e+01  2.3726973800e+05 -2.3217910593e+00 12  1.9760207894e+00  9.0742124756e-14
-2.1351520017e-01  2.3727482757e+05  1.0139107044e+01 12  2.3994258396e-01  9.2572877888e-14
 9.5658759517e+00  2.3727005625e+05  1.2883410139e+00 12  7.6848547963e-01  9.2633232993e-14
 3.2263165826e+01  2.3728359564e+05  1.8926612341e+00 10  2.2623396801e+00  9.7450073624e-14
 3.5568899137e+01  2.3728306542e+05  1.5047268104e+00 11  5.3872802034e-01  9.7450073624e-14
 5.7825440653e+00  2.3726823171e+05 -1.6191090395e+00  7  1.2100000000e+01  9.0875441308e-14
 2.5957383322e+01  2.3725664978e+05  2.0443178282e+01 10  6.7586671566e+00  1.0170606159e-13
 2.6126352215e+01  2.3728569673e+05  3.4491845100e+01 10  6.7583494044e+00  1.0471867030e-13
 3.9781614972e+00  2.3728046502e+05 -3.7488875201e+00 11  6.7519376155e+00  9.0493281054e-14
-2.5632455282e+02  2.4071387469e+05 -8.9170516833e+01 12  6.9648857034e-01  9.8010622915e-14
-2.5623007846e+02  2.4071390622e+05 -8.9221621954e+01 10  3.1177609026e+00  9.8010622915e-14
 6.6405926941e+00  2.4953465885e+05 -3.1428919801e+00  7  1.6800000000e+01  9.5659384032e-14
 5.8074024680e+00  2.4953398709e+05 -4.8790627420e+00 10  2.4865084762e+00  9.5659384032e-14
 6.6405926941e+00  2.4953465885e+05 -3.1428919801e+00 11  3.5205269918e+00  9.5659384032e-14
 3.6164088528e+02  2.4996883014e+05 -3.2304749052e+01 11  5.7894854872e+00  9.5288858254e-14
 4.2924652632e+03  2.5438791730e+05  5.1466270120e+02 11  3.1371451040e+00  9.6973427368e-14
-1.1416552260e+03  2.5549373788e+05  8.3418172020e+01 10  1.5343703865e+00  9.8219002831e-14
-1.1405294039e+03  2.5549284369e+05  8.4753329878e+01 11  8.9961038438e-02  9.8219002831e-14
-7.5578923172e+00  2.6124605306e+05  1.6149904315e-01 11  3.8602593839e+00  9.9587769028e-14
 5.6574492658e+00  2.6194335783e+05 -4.7277725110e+00 11  1.2514901124e+00  9.9864693994e-14
 4.1543575304e+00  2.6228123678e+05 -1.9443648931e+01 11  3.3310440944e+00  9.9982384127e-14
 3.0100545147e+00  2.6255873953e+05 -7.2080551401e-01 11  6.2937003097e+00  1.0008816900e-13
 6.8557940288e+00  2.7712144664e+05  3.7139391918e+00 11  5.6198481637e+00  1.0563951607e-13
 3.5748859795e+02  2.8067409229e+05 -4.5666826045e+02 11  8.1240065632e-02  1.0699379511e-13
-3.2375551283e+01  2.9288108921e+05  3.7970086319e+01  0  8.9229523899e+00  1.1884388226e-13
-3.1850089064e+01  2.9287878463e+05  3.8701487349e+01 10  4.6774866251e+00  1.1884388226e-13
-1.2019786981e+01  2.9289722331e+05  8.0122290412e+00 11  2.8484485421e+00  1.1172606732e-13
 1.3173104168e+01  2.9575776669e+05 -3.8781434777e+01 10  6.5334405271e+00  1.3275462748e-13
 7.3563024193e+01  2.9918453495e+05  2.5782554773e+01 11  4.4144979007e+00  1.1405003066e-13
-1.3830328177e+00  3.0113792370e+05 -2.1985167547e+00 11  5.6925069069e+00  1.1479466824e-13
-6.5379400720e+01  3.0218408260e+05 -2.7027357578e+01 10  3.5903214658e+00  1.2115597748e-13
-6.4446644987e+01  3.0218498100e+05 -2.8276921872e+01 11  2.5842109568e+00  1.2115597748e-13
 2.9433510024e+00  3.0328167713e+05 -1.2871299563e+00  7  1.2100000000e+01  1.1570730935e-13
-9.5909567587e+00  3.0326690152e+05 -4.9678147672e+00 10  6.5638321753e+00  1.2605920630e-13
-1.2504695959e+01  3.0328578567e+05  3.8648864819e-01 10  6.7325782206e+00  1.2323051209e-13
 1.3631793407e+01  3.0582502301e+05 -2.4796731568e+02 10  6.6732156813e+00  1.2234178569e-13
 1.9614333082e+01  3.0585594708e+05 -2.4735478862e+02 11  3.3156760440e+00  1.1682947141e-13
 1.6849340174e-01  3.1665455572e+05  4.7448188470e+00 11  1.2854529594e+00  1.2070965432e-13
-2.9809697117e-01  3.2329466821e+05 -1.5806891474e+00 11  4.1412662121e+00  1.2324088486e-13
 4.3802141489e+02  3.2463040376e+05 -3.6815432553e+01 11  5.0798507009e+00  1.2375007121e-13
-5.6657714336e+01  3.2653104338e+05 -2.6756270647e+01 10  6.6955651370e+00  1.5638997014e-13
 6.8327934893e+00  3.2865463945e+05  4.2775623073e+00 11  6.6932499717e+00  1.2528412177e-13
-1.8976305593e+00  3.3539262535e+05 -2.5287214256e+00  7  1.2100000000e+01  1.2785724054e-13
-9.3726317639e+00  3.3539494956e+05  6.0084160220e-01  7  1.2100000000e+01  1.2822142566e-13
 2.3086803921e+01  3.3540626387e+05  5.6836313663e+00 10  6.7487124907e+00  1.5355668625e-13
-1.8976305593e+00  3.3539262535e+05 -2.5287214256e+00 11  4.6115439019e+00  1.2785724054e-13
 7.1698830057e+00  3.3969162844e+05 -4.2904356435e+00 11  5.0948966621e+00  1.2949145465e-13
 1.0243989535e+01  3.4025140251e+05  2.1942929664e+01  7  1.2100000000e+01  1.3020273499e-13
 6.7142603251e+00  3.4025026539e+05  1.9714254192e+01  7  8.7600000000e+00  1.3022470987e-13
 5.1618841023e+00  3.4025077269e+05  1.9643309542e+01 12  1.1657115933e+00  1.3039212896e-13
 5.3070029710e+01  3.4024905217e+05  1.0744567823e-01 10  6.7632249114e+00  1.5002001843e-13
 5.7531982030e+00  3.4023824870e+05  1.4029161474e+01 11  5.1393359608e+00  1.3071218148e-13
 6.7142603251e+00  3.4025026539e+05  1.9714254192e+01 11  6.7517379469e+00  1.3022470987e-13
 1.0243989535e+01  3.4025140251e+05  2.1942929664e+01 11  5.7134094556e+00  1.3020273499e-13
 5.7320749716e+00  3.4025646513e+05  1.9667103629e+01 11  2.6585009679e+00  1.3016508878e-13
 1.6197477309e+01  3.4025702197e+05  2.5819983277e+01  1  8.1280654241e+00  1.3094835600e-13
 1.3668629875e+01  3.4025551285e+05  1.8013148226e+01 10  5.3544270030e+00  1.3094835600e-13
 1.5193531120e+01  3.4025055793e+05  8.7005194479e+00 11  2.3013528051e+00  1.3021765544e-13
 5.8164187214e+00  3.4242474559e+05 -1.3887178395e+01 11  4.3051663933e+00  1.3053332701e-13
 2.1533206392e+02  3.4317182726e+05 -1.4368054986e+02 10  6.7393113695e+00  1.4013827239e-13
-2.0523744860e+01  3.4332958762e+05  3.4587443983e+01 11  2.2706975040e+00  1.3087825547e-13
 5.4224425379e+02  3.4609213049e+05  7.0432802117e+02 10  6.7919762220e+00  1.6853170868e-13
 4.5136020565e+00  3.5423702445e+05  1.6041206869e+01 12  2.5450702822e+00  1.3579574276e-13
-3.7086344374e+01  3.5598737600e+05 -1.4217001211e+01 11  3.9701470396e+00  1.3570344188e-13
-3.2793825004e+01  3.5859641820e+05  7.1411347951e+01 12  1.4541537767e+00  1.3764792487e-13
-3.4016876796e+01  3.5859787698e+05  7.2186211249e+01 10  4.1684192561e+00  1.3764792487e-13
-6.7570966875e+00  3.6238618952e+05 -1.4895484796e+01 12  7.3155933504e-01  1.3837332081e-13
 7.3697231290e+01  3.6239940066e+05  1.7437564385e+01 10  6.6696785763e+00  1.5145078142e-13
 6.8765128571e+01  3.6859400774e+05 -1.3732625738e+01 10  6.6817150661e+00  1.7239325753e-13
 3.0147888421e+01  3.6902709432e+05  4.2287586091e+00 10  6.0374580440e+00  1.4096741206e-13
 3.0547899780e+01  3.6902268092e+05 -1.5918677295e+00 11  2.5544708670e+00  1.4096741206e-13
-5.4035983792e+01  3.6975125797e+05 -5.8088500532e+01 10  6.7666273658e+00  1.6165432185e-13
-3.4728670032e+01  3.8229378393e+05  6.6147708509e+00 10  6.7305738001e+00  1.7780317112e-13
 6.1458074215e+02  3.8372758741e+05  6.6048623907e+01 11  2.4331475883e+00  1.4627809261e-13
-2.5056550875e+00  3.8824807785e+05  7.9733335368e-01 11  1.2281670046e+00  1.4800131695e-13
-3.6924771298e+02  3.9332166474e+05 -2.6959116689e+02 10  6.7648660852e+00  1.7649766934e-13
 3.3201958383e+00  3.9524646816e+05 -3.2525506316e+00 11  8.9691177872e-02  1.5066912406e-13
-2.4660579450e+01  3.9742474532e+05  8.3075072434e+01 10  6.3871804429e+00  1.5227163687e-13
-2.4530476690e+01  3.9742663144e+05  8.4795571135e+01 11  1.2958753213e-01  1.5227163687e-13
 1.1612741216e+01  3.9761865285e+05  9.7433920031e+00 11  6.7697119502e+00  1.5536277605e-13
 4.2087164931e+00  4.0168503583e+05 -5.3917362267e+00 11  5.7656924537e+00  1.5312352512e-13
-7.7986218883e+00  4.0387884403e+05 -7.8312587417e+00 12  7.5187142915e-01  1.5398745123e-13
 1.5000160716e+00  4.0386686682e+05 -1.1399166922e+00  7  1.6800000000e+01  1.5398849976e-13
 1.5448995909e+01  4.0385428418e+05 -3.3225426954e+00  3  8.7600000000e+00  1.5623353506e-13
 1.5448995909e+01  4.0385428418e+05 -3.3225426954e+00 12  1.4711084601e+00  1.5623353506e-13
-3.7774106979e+01  4.0389289795e+05  3.2374617469e+01 10  6.7319977130e+00  1.6998045542e-13
 5.9053763626e+00  4.0385946339e+05 -1.6613577527e-01 11  2.5288691256e+00  1.5547854221e-13
 2.3416130833e+00  4.0384798974e+05 -5.1221094553e+00 11  4.1947798779e+00  1.5523268249e-13
-3.6568588170e+01  4.0389827861e+05  6.9822360548e-01 10  6.4587611041e+00  1.8156815944e-13
 2.4254004952e+01  4.0996982701e+05  1.5695512762e+01 11  6.7151021434e+00  1.6550018698e-13
 1.3861879309e+01  4.1165125311e+05 -1.6116515769e+01 11  5.3421346442e+00  1.5692267667e-13
-1.7364058107e+01  4.2060530405e+05 -3.1236257878e+01 11  4.7329570324e+00  1.6033598740e-13
 3.5504572520e+00  4.2112264007e+05 -6.4484578722e+00  5  1.0665671594e+01  1.6096793938e-13
 4.7269490780e+00  4.2112812536e+05 -5.9212981364e+00 10  5.8920651745e+00  1.6096793938e-13
-6.5605330973e-01  4.2112810083e+05 -1.1221712806e+00 11  6.0146583838e+00  1.6059906760e-13
-3.3844305944e+00  4.2142790566e+05 -2.2768155121e+00 12  7.5109520200e-01  1.6280698927e-13
-2.6246492912e+01  4.2141533484e+05 -9.8560766703e+00 12  2.2237250597e+00  1.6874844208e-13
-2.4023918316e+01  4.2141338644e+05 -9.9160998447e+00 10  2.8958841421e+00  1.6874844208e-13
-1.2012596374e+01  4.2405911046e+05  1.2785235481e+01 10  5.6246404774e+00  1.6555062845e-13
-1.1481672889e+01  4.2405941587e+05  1.4028376453e+01 11  2.1773631140e+00  1.6555062845e-13
-2.6267666007e+01  4.2402559917e+05 -1.5368901247e+01 10  6.7521515351e+00  1.8711609351e-13
-1.0475248239e+01  4.2425854344e+05 -6.0633969607e+00 12  6.4221067262e-01  1.6278047754e-13
-1.1003640689e+01  4.2426131491e+05 -5.7830927971e+00 10  1.3551791865e+00  1.6278047754e-13
 3.5464933838e+00  4.2776763356e+05  2.2256440035e+00 11  2.2578330910e-01  1.6306628862e-13
-1.0369140244e+01  4.2831753997e+05  8.6231232313e+00 12  4.9365626990e-01  1.6589520337e-13
-1.1989180886e+01  4.2831838789e+05  9.6448029610e+00 10  3.4968486021e+00  1.6589520337e-13
-5.9663714442e+00  4.4079698094e+05  2.4994858072e+00  7  1.2100000000e+01  1.6849963093e-13
 1.9666051827e+00  4.4077659372e+05 -1.0956110968e+01 12  2.5136208713e-01  1.7093253355e-13
 1.5785723641e+00  4.4077261021e+05 -1.1889653651e+01 10  1.3650364150e+00  1.7093253355e-13
-1.8840615572e+01  4.4082483960e+05  2.0975008147e+01 10  6.6493332118e+00  1.8615210752e-13
-4.7514682520e+00  4.4431506737e+05 -2.0378030850e+00 11  4.9509765149e+00  1.6937421939e-13
 6.5717164887e+01  4.4432099290e+05 -1.5990224246e+02 11  1.4678267387e-01  1.6937647821e-13
-9.1557527211e+00  4.4452187284e+05  1.8519011899e+00  0  9.0128808961e+00  1.6967743749e-13
-7.2890009824e+00  4.4452063686e+05  1.1959494781e-02 10  5.1535659853e+00  1.6967743749e-13
 4.2396420140e+01  4.5281921101e+05 -2.3241644850e+01 11  9.5711481759e-01  1.7261602412e-13
-1.2371930565e+01  4.5483335647e+05  7.1166185883e+01 11  3.8850602464e+00  1.7338382234e-13
 1.1319615617e+02  4.5678732585e+05 -5.6290922514e+00  1  7.7257394399e+00  1.7918693381e-13
 1.1373217879e+02  4.5678701446e+05 -5.8646258657e+00 10  6.0601291907e+00  1.7918693381e-13
-9.3982140039e-01  4.5693591637e+05  1.2096014632e+00 11  5.3875855278e+00  1.7418532440e-13
-8.5669416127e+00  4.5702137830e+05  2.7560954919e+01 12  2.9511263740e-01  1.8929161602e-13
-8.4726682301e+00  4.5702122828e+05  2.9083547770e+01 10  1.8181296718e+00  1.8929161602e-13
-1.1816813806e+01  4.5863130951e+05 -2.0987727658e+01 12  1.1847543089e+00  1.7639981015e-13
-1.1588942010e+01  4.5863071359e+05 -3.0179103126e+01 10  6.1629041606e+00  1.7639981015e-13
-1.7990197800e+01  4.5861713006e+05 -3.8168843252e+01 11  6.7557828357e+00  1.7519953228e-13
-9.1558712025e+00  4.6118211311e+05  7.4715934697e+00 11  2.4939292830e+00  1.7580398717e-13
-3.3287532125e+01  4.6855684071e+05  7.6627019668e+00 10  4.0498975554e+00  1.8199163784e-13
-3.3280088517e+01  4.6855679180e+05  8.0972758753e+00 11  4.2078566568e-01  1.8199163784e-13
 6.0493155366e+00  4.6957135890e+05 -3.4152886835e-01  7  1.2100000000e+01  1.7903094581e-13
 3.5831067040e+00  4.6956474616e+05  2.1300846705e+01  1  8.9718617092e+00  1.7941381470e-13
 7.1367067632e+00  4.6956212506e+05  3.0832275282e+01  7  1.2100000000e+01  1.7962414786e-13
 1.4915682900e+00  4.6957443492e+05  3.8213806168e+01  3  8.7600000000e+00  1.7972843247e-13
-2.9450401851e+00  4.6954871344e+05  2.3746514066e+01 10  3.3429223513e+00  1.8143158152e-13
-2.1486364333e+00  4.6954856245e+05  2.2988774065e+01 11  1.8334110385e+00  1.8143158152e-13
 2.1557109078e+01  4.6957966587e+05  2.8331656183e+01 11  3.2714468579e-01  1.8013339336e-13
 1.4915682900e+00  4.6957443492e+05  3.8213806168e+01 11  2.3938536587e-01  1.7972843247e-13
 3.8301865462e+01  4.6959435482e+05  2.6122723361e+01 11  6.7752465848e+00  2.0046581927e-13
 8.8804861646e+00  4.6956730709e+05  2.7735977793e+01 11  2.2016615434e+00  1.7957798693e-13
-5.1419759018e+00  4.6956559462e+05  5.2872866743e+00  3  8.7600000000e+00  1.8062749434e-13
-4.5191165096e+00  4.6956508969e+05  4.4848107959e+00 10  1.1706259504e+00  1.8062749434e-13
-5.1419759018e+00  4.6956559462e+05  5.2872866743e+00 11  1.6537512435e+00  1.8062749434e-13
-3.7387058595e+00  4.6963764692e+05  5.5229126022e+00  7  8.7600000000e+00  1.7921065346e-13
-2.5914118431e+01  4.6959961449e+05 -6.1367312101e+00 12  1.8655338492e+00  1.8717571255e-13
-2.6884667918e+01  4.6959919926e+05 -5.6947541635e+00 10  3.0052302653e+00  1.8717571255e-13
-3.7387058595e+00  4.6963764692e+05  5.5229126022e+00 11  6.5873996526e+00  1.7921065346e-13
 3.4093927123e+00  4.7779194387e+05 -5.6940571748e-01  7  1.2100000000e+01  1.8226411253e-13
 2.3826906860e+00  4.7778768282e+05 -1.7238007273e+01  7  8.7600000000e+00  1.8274094617e-13
 1.5863086401e+01  4.7777009838e+05 -8.8964323985e+00 10  6.7673581487e+00  1.8588896971e-13
-1.9841212198e+01  4.7783260295e+05 -2.4931477606e+01 11  6.7882496993e+00  1.9750485684e-13
 2.9742551647e+01  4.7776121065e+05 -2.8734759323e+01 10  6.7578709915e+00  1.9865309044e-13
-7.8962365392e-01  4.8442547019e+05  1.3580546653e+00 11  4.0897035156e-01  1.8466442371e-13
-1.0799447299e+01  4.8956163645e+05  7.4782811699e+00 10  6.7727246315e+00  1.8861711669e-13
 6.1662562913e+00  4.8956609500e+05  5.3077161100e+00 11  2.7300434787e-01  1.8695195826e-13
-5.4052952774e+01  4.8959041529e+05  6.7107641857e+00 12  5.0878486773e-01  2.0622815009e-13
-5.2547539307e+01  4.8958961955e+05  9.3662637855e+00 10  1.2690063342e+00  2.0622815009e-13
-4.2097974251e+00  4.9178821464e+05 -1.4943047689e+00  7  1.2100000000e+01  1.8753947607e-13
-2.1405911474e+00  4.9178928982e+05  1.4500177359e+00 10  6.4084323916e+00  1.8753947607e-13
 6.5668097297e+01  4.9185357304e+05  4.9139644247e+01 10  6.6934518674e+00  2.1213473181e-13
-4.6017726766e+00  4.9178808727e+05 -2.6118378876e+00 11  2.9535593332e+00  1.8753208468e-13
 1.0867049814e+01  4.9467618170e+05  2.7036001705e+00 11  6.7104815315e+00  1.9059153768e-13
 9.9625184425e-01  4.9592719177e+05 -2.3900576779e+00 11  3.8160486965e+00  1.8904891404e-13
-3.3270065535e+01  5.0784044185e+05  2.1729570377e+01 12  7.2794181712e-01  1.9743321490e-13
-3.3152322883e+01  5.0784427081e+05  2.3903843719e+01 10  3.0368704424e+00  1.9743321490e-13
-5.2693002430e+01  5.1539114438e+05  9.1869800808e+00 11  2.3020808869e+00  1.9646863041e-13
-3.6437418565e-01  5.2753951951e+05 -5.5748945276e-01 11  3.5827330934e+00  2.0109962698e-13
-1.1491995586e+01  5.2949999057e+05  5.9854560921e+00 11  2.4098221733e+00  2.0184696436e-13
 5.1180862687e+00  5.2956709190e+05 -1.5525581701e+01 10  3.8593815986e+00  2.0266599457e-13
 7.7003092201e+00  5.2956796229e+05 -1.7832330900e+01 11  1.7645157482e+00  2.0266599457e-13
-7.8036657230e+00  5.2958295905e+05  7.2895564726e+00  3  8.7600000000e+00  2.0377152426e-13
-7.8036657230e+00  5.2958295905e+05  7.2895564726e+00 12  1.5798210581e+00  2.0377152426e-13
-9.0832648134e+00  5.2958379307e+05  8.5399031153e+00 10  4.4071911455e+00  2.0377152426e-13
-1.7323345140e+01  5.3510722074e+05 -2.8818848321e+01 10  4.4249439188e+00  2.0462374563e-13
-1.4772238826e+01  5.3511043208e+05 -3.3491047946e+01 11  2.5937409262e-01  2.0462374563e-13
-1.9720971006e+01  5.3509805466e+05 -2.3937129110e+01 11  2.0816429869e+00  2.0399271729e-13
 4.2227920523e+00  5.3521020467e+05  2.5155872936e+00 10  5.8477220383e+00  2.0740699699e-13
 4.6509887749e+00  5.3521015291e+05  2.3572154428e+00 11  1.2124001491e+00  2.0740699699e-13
 4.4890297476e+00  5.3700921980e+05  3.1070470007e-02 10  3.7250592974e+00  2.0636545855e-13
 3.7354436441e+00  5.3700880482e+05  5.3787929971e-01 11  2.7162451645e+00  2.0636545855e-13
 7.1530121219e+00  5.3702860394e+05  1.8565000879e+01 11  1.9635590947e+00  2.0521388463e-13
 1.3256349791e+01  5.3702509786e+05  9.5118642815e+00 11  6.1385769554e+00  2.0506863348e-13
-1.0835784913e+01  5.3966546488e+05  7.2488451068e+00  1  8.4101116078e+00  2.0838618618e-13
-1.3274729992e+01  5.3966999748e+05 -4.6183714291e+00 10  2.3937149473e+00  2.0838618618e-13
-5.1213681511e+01  5.4010957299e+05  4.7922291835e+00 12  1.1957556424e+00  2.0913912177e-13
-4.2396341132e+01  5.4013621012e+05 -2.0026486135e+01 10  6.7554706282e+00  2.1629043220e-13
 3.8350786796e+00  5.4106671779e+05 -2.3307456365e+01  6  8.6651688545e+00  2.0851459600e-13
 9.7029802116e+00  5.4106563986e+05 -2.4655228561e+01 10  8.8081840298e-01  2.0851459600e-13
 1.4987704062e+02  5.4142746065e+05 -9.6787587008e+01 11  5.5314676938e+00  2.0639375127e-13
-9.5625568330e+01  5.4568036850e+05 -1.4197414323e+02 12  3.0614923740e-01  2.0999323956e-13
-8.7669425995e+01  5.4569191587e+05 -1.3765701693e+02 10  3.6770672512e+00  2.0999323956e-13
-8.2522567733e+00  5.4718342957e+05  4.6312125594e+00 11  2.9836742083e+00  2.0858794367e-13
-5.6276054843e+00  5.6623979487e+05  1.4461116299e+01 11  4.9086402170e+00  2.1585228655e-13
-1.5918362497e+01  5.7003420092e+05  8.0280519901e+01 10  6.7285684049e+00  2.3342863832e-13
 2.5044488592e+01  5.7584819620e+05  3.3128470425e+01 10  6.6228853643e+00  2.4132194729e-13
-3.6918692480e+00  5.7583100713e+05  2.2251284716e+00 11  3.1654186144e+00  2.1978434572e-13
-5.6148755999e+01  5.8354428772e+05  6.7984039656e+01 11  6.5921639929e+00  2.2244881047e-13
-2.0543058912e+01  5.8541661577e+05  1.0166170759e+00 10  1.2291778457e+00  2.2374734807e-13
-1.9102358287e+01  5.8541610308e+05 -1.7946955491e+00 11  8.6736590011e-01  2.2374734807e-13
-1.7209792094e+01  5.8542056360e+05  6.2065797148e+00 11  5.5753100711e+00  2.2340448554e-13
-1.1249244417e+01  5.8626260714e+05  3.9536511212e+00 11  4.5984719264e+00  2.2348504188e-13
-2.1225903273e+01  5.8839245864e+05 -8.0268683046e+00  0  8.1381746873e+00  2.3273247182e-13
-2.4838037131e+01  5.8838419326e+05 -6.5053817246e+00 10  6.8873287311e-01  2.3273247182e-13
-1.7768431390e+00  5.8836979963e+05  9.6858712335e+00 11  6.3573039662e+00  2.2569055888e-13
 8.7178997007e+00  5.8993548011e+05 -6.5165860009e+00  0  8.3371828185e+00  2.3292908806e-13
 9.3034212548e+00  5.8993530527e+05 -6.2725673907e+00 10  2.1289731652e+00  2.3292908806e-13
 1.1438951729e+01  5.8990095666e+05 -4.4908476388e+00 11  3.1785934084e-01  2.2491219105e-13
 2.9910473758e+00  5.9350391161e+05 -2.8060252505e-01 11  4.3337528394e-03  2.2624544859e-13
-2.7671852380e+01  5.9648657940e+05 -3.4248660854e-01 11  8.2676345064e-01  2.2738245038e-13
 1.7070428191e+00  5.9646730744e+05  1.2562459265e+01  1  8.8311329546e+00  2.3425286952e-13
 2.6033881593e+00  5.9646767796e+05  1.2109306856e+01 10  2.7822158787e+00  2.3425286952e-13
-2.4852721326e+01  5.9760590100e+05  1.9234865506e+01 10  6.7258574370e+00  2.7220985106e-13
-1.1881960271e+02  6.0102206774e+05  9.1850839493e+00 12  4.7775867528e-01  2.3467116667e-13
-1.1862951855e+02  6.0102004116e+05  1.4707399178e+01 10  5.1997375087e-01  2.3467116667e-13
 3.5964636466e+02  6.0310866915e+05  7.2536979775e+01 11  4.0487552952e+00  2.2990681060e-13
-2.5210882646e+00  6.0342912852e+05  1.2738248882e+01 11  5.1847888399e+00  2.3002897066e-13
-9.6805168797e+00  6.0642980853e+05 -1.5750348235e+00 11  2.5550004823e+00  2.3117283877e-13
-7.9469384686e+00  6.0832589987e+05  9.1974916396e+00 11  2.3612723987e+00  2.3189563440e-13
 3.0475065938e+01  6.1164781850e+05  1.1412639336e+01 10  6.6934561860e+00  2.4921276510e-13
 2.4743122317e+00  6.1495980446e+05 -1.4714159687e+02  7  8.7600000000e+00  2.3631240245e-13
 3.3518011160e+00  6.1496146515e+05 -1.4760309557e+02 10  5.3073875577e-01  2.3631240245e-13
 2.4743122317e+00  6.1495980446e+05 -1.4714159687e+02 11  6.6159830514e+00  2.3631240245e-13
-2.8385269698e+01  6.3066449504e+05  3.0516502461e+00 11  6.7734434961e+00  2.4514386485e-13
-1.4491347986e+01  6.3151719962e+05  2.6283985531e+01  0  8.4209785864e+00  2.4806624848e-13
-6.0401559945e+00  6.3152710023e+05  2.6380644768e+01 10  1.7903937411e+00  2.4806624848e-13
 2.7036964245e+00  6.3153050781e+05  4.2668061837e-01 11  4.0293067968e+00  2.4125617942e-13
 4.0184791914e+01  6.3165215683e+05 -6.7589944178e+00 10  6.1720860012e+00  2.4109437913e-13
 4.0407105191e+01  6.3165085046e+05 -7.0276842697e+00 11  1.0451525731e+00  2.4109437913e-13
-6.0007151441e+00  6.3373994477e+05 -4.7720132286e+00  3  8.7600000000e+00  2.4209739332e-13
-1.7205852054e+01  6.3377734511e+05  6.7055498485e-01 12  2.0081361572e+00  2.4289841042e-13
-1.7170738749e+01  6.3377704057e+05 -6.1166069316e+00 12  2.3866614658e+00  2.4301392303e-13
-2.4051107190e+01  6.3380622368e+05 -4.0703214057e+01 12  6.0365409693e-01  2.4573833444e-13
 1.2506151181e+01  6.3384464516e+05 -3.5369063603e+01  8  8.6402897901e+00  2.4976555765e-13
 1.1688289011e+01  6.3384375873e+05 -3.7580539894e+01 10  3.1171103329e+00  2.4976555765e-13
-2.3042573895e+01  6.3379818494e+05 -1.0298850568e+01  1  7.9641923254e+00  2.4466640912e-13
-1.2408438079e+01  6.3379611587e+05 -1.8020396071e+01 10  4.7838312897e+00  2.4466640912e-13
-1.0722294372e+01  6.3378652309e+05  9.1285608709e+00 11  5.2110528187e+00  2.4281585249e-13
-1.2111292372e+01  6.3377833983e+05  5.9362161667e+00 11  2.6237436239e+00  2.4277301717e-13
-1.0925175048e+01  6.3377884858e+05 -9.6330451332e-01 10  2.5110513282e+00  2.4261885663e-13
-6.0279613452e-01  6.3376714812e+05  5.4399229902e-01 11  5.9745215018e-02  2.4261885663e-13
-2.6362791432e+01  6.3379685365e+05 -1.3177779787e+01  1  7.3891967037e+00  2.4898329916e-13
-3.7675293607e+01  6.3379417146e+05 -1.3430839888e+01 10  6.7103421929e+00  2.5374616590e-13
-1.3245558767e+01  6.3377125064e+05 -6.9831858725e+00 11  3.2167009538e+00  2.4246700048e-13
-1.3040491184e+00  6.3375390133e+05 -1.1619572376e+01 12  1.4660729512e+00  2.4231097471e-13
-6.0007151441e+00  6.3373994477e+05 -4.7720132286e+00 11  1.3624210724e+00  2.4209739332e-13
-3.9508970105e+00  6.3372161471e+05  3.5933607296e+00 11  7.0371926547e-01  2.4163416055e-13
-3.6016437594e+00  6.3372491424e+05  3.5351331450e+00 11  5.2720341586e+00  2.4161701268e-13
 1.0219549455e+03  6.4208333431e+05 -3.8023282416e+02 11  5.6882191247e+00  2.4476406837e-13
-3.4862555148e+00  6.4370088568e+05 -4.7520888300e+00  7  8.7600000000e+00  2.4544505618e-13
-6.2708362557e+00  6.4371185111e+05  1.9763888407e+00  7  1.6800000000e+01  2.4549089191e-13
-1.3266974161e+01  6.4370342285e+05 -6.4422297795e+00  7  8.7600000000e+00  2.4675488094e-13
-1.7233496226e+01  6.4370472402e+05 -7.8034588452e+00 10  3.6122485451e+00  2.4675488094e-13
 4.7266059875e-01  6.4370469080e+05 -1.2730434086e+01  0  7.8893414589e+00  2.4914492972e-13
 3.8035656507e+00  6.4370271357e+05 -1.3559601785e+01 10  6.3508675085e+00  2.4914492972e-13
-1.4935170102e+01  6.4369104340e+05 -1.1010218075e+01 11  2.7867848380e+00  2.4612569544e-13
-6.2708362557e+00  6.4371185111e+05  1.9763888407e+00 11  4.3283299872e+00  2.4549089191e-13
-6.8661135152e+00  6.4374082967e+05 -2.5739558437e+01 10  6.7082585415e+00  2.5781976868e-13
-2.0973218658e+00  6.4451266911e+05  1.6677761537e+01  7  1.2100000000e+01  2.4680457705e-13
-3.5064799284e+00  6.4451040354e+05  1.8847773770e+01 10  9.1252608154e-01  2.4680457705e-13
-2.0973218658e+00  6.4451266911e+05  1.6677761537e+01 11  3.3509407483e+00  2.4680457705e-13
 5.4957550366e-02  6.4736106126e+05 -7.8696510111e-01  7  8.7600000000e+00  2.4680637829e-13
-5.1432377601e+00  6.4735639210e+05 -7.3866642197e+00  7  1.2100000000e+01  2.4695238531e-13
-7.4096082832e+00  6.4735882462e+05 -4.2385451085e+00  7  1.6800000000e+01  2.4698366860e-13
-3.0461419249e+01  6.4735192785e+05 -3.6157051443e+01 12  5.1696028935e-02  2.5264292335e-13
-2.8487766899e+01  6.4735084649e+05 -3.6043263490e+01 10  4.1358462386e+00  2.5264292335e-13
-7.4096082832e+00  6.4735882462e+05 -4.2385451085e+00 11  2.6043978948e+00  2.4698366860e-13
 6.4796622236e+00  6.4737028650e+05 -3.0274570449e+01 12  9.4512257849e-01  2.5063050133e-13
 6.8183841035e+00  6.4736989814e+05 -2.9256904756e+01 10  1.1060241289e+00  2.5063050133e-13
 1.1971585371e+01  6.4733880557e+05  3.1585151935e+01  1  7.8286727619e+00  2.5042302574e-13
 1.0072329689e+01  6.4734019285e+05  3.0875256745e+01 10  5.2525998605e+00  2.5042302574e-13
-2.7317568852e+01  6.5477643088e+05  5.5369599207e+01 11  1.4448315026e-01  2.4960271437e-13
 1.6706818410e+01  6.5880545088e+05 -2.0271303437e+01 11  4.6866317555e+00  2.5113858873e-13
-7.4998391192e+00  6.5940402094e+05 -1.7634966911e+01  1  8.4075801426e+00  2.5298872771e-13
-7.5337268791e+01  6.5940725271e+05 -4.9837912321e+01 10  6.6044008556e+00  2.7637774516e-13
-1.0934676569e+00  6.5939349215e+05  8.5309176416e+00 10  6.7765144367e+00  2.7994960897e-13
 6.2260353121e+00  6.5941488199e+05  2.5120154992e+00 11  5.2247337858e+00  2.5154687830e-13
-5.4573401621e+00  6.5939249739e+05 -1.2270609210e+00 11  4.5067360890e+00  2.5153605604e-13
 7.8651108150e+00  6.6332084281e+05  1.7404100896e+01  1  7.5784023872e+00  2.5487444147e-13
 4.1811384895e+01  6.6332354527e+05  6.8457344151e+01 10  6.2573900049e+00  2.6723420767e-13
 1.9822750313e+02  6.6661847554e+05  2.7095254775e+02 11  2.2139848857e+00  2.5411693686e-13
-5.6559470287e-02  6.7427710121e+05  9.2253244571e-02 11  3.2616878612e+00  2.5703642765e-13
 9.7976410865e+00  6.8073178395e+05  2.5023859791e+01 12  2.1338403612e+00  2.5984219271e-13
 3.1923805754e+01  6.8073863941e+05  1.7518655088e+01  7  8.7600000000e+00  2.6026139650e-13
 1.8950091160e+01  6.8075363527e+05  1.4661253670e+01  7  8.7600000000e+00  2.6170453420e-13
 2.3924037235e+01  6.8077362900e+05  1.8724669788e+01  0  8.6980368899e+00  2.6471754451e-13
 2.0169700083e+01  6.8077792295e+05  2.4088115479e+01 10  1.3392512499e+00  2.6471754451e-13
 1.1411806865e+01  6.8075981776e+05  1.5347253317e+01 11  2.5888659661e+00  2.6210663994e-13
 1.8391181239e+01  6.8075481354e+05  1.4610313140e+01 11  2.7770614224e+00  2.6172152581e-13
 1.7448944760e+01  6.8074266542e+05  1.8152133707e+01 10  3.4958441588e+00  2.6417815431e-13
 2.1509620626e+01  6.8073674929e+05  1.6683579269e+01 11  3.1238980422e-01  2.6417815431e-13
 2.5157514509e+01  6.8071586027e+05  1.0863015498e+01  0  8.5373353136e+00  2.6319684182e-13
 1.7772012299e+01  6.8071489720e+05  8.5335425004e+00  0  7.9692207283e+00  2.6363541748e-13
 2.1804342387e+01  6.8068528021e+05  6.0358161848e+00  9  1.1201084068e+01  2.6838872089e-13
 2.6278885961e+01  6.8068709497e+05  8.4355596490e+00 10  1.6110934467e-01  2.6838872089e-13
 3.2399757322e+01  6.8073866991e+05  2.3628785023e+01 12  3.7449983967e-01  2.6148440259e-13
 3.2966077901e+01  6.8073993338e+05  2.3329273807e+01 10  4.7123870288e+00  2.6148440259e-13
 1.2297868305e+01  6.8073157539e+05  2.6832874269e+01 10  5.5638735036e+00  2.6173465579e-13
 1.6115465075e+01  6.8073544625e+05  2.5739122878e+01 11  2.3303184866e+00  2.6173465579e-13
 2.0357665778e+01  6.8073217472e+05  2.2635536965e+01 11  2.0757814342e+00  2.6025067236e-13
 1.6106769451e+01  6.8072800463e+05  2.4030549623e+01 11  6.2112169942e+00  2.5993965697e-13
 1.4787860264e+01  6.8073759300e+05  2.5583480327e+01 11  6.9240017680e-02  2.5990456531e-13
 1.3093325083e+01  6.8073611922e+05  7.2317284986e-01 11  2.7968832932e+00  2.5956252208e-13
-2.3225955751e+00  6.8411343307e+05 -2.0998750265e+01 11  1.6238127331e+00  2.6078606648e-13
 6.6426155022e+00  6.8475192157e+05  5.8019114552e+00 11  3.7873903296e+00  2.6102946018e-13
 4.4573304659e+02  6.8853010305e+05  1.1947762030e+02 11  4.5084523461e+00  2.6246971415e-13
 9.7501131559e+01  6.9429917029e+05  1.2182641656e+02 11  2.9744199797e+00  2.6466889967e-13
-1.5213098230e+02  6.9977280998e+05  2.8580037932e+02 11  4.5062351511e+00  2.6675546733e-13
 4.5891440779e+00  7.0687216986e+05 -1.2427211139e+02 12  1.1390821900e-01  2.7360341090e-13
 5.6877265461e+00  7.0687024193e+05 -1.2346451131e+02 10  5.1932198213e+00  2.7360341090e-13
-1.3037115620e+02  7.0696762278e+05  4.5765455346e+02 10  6.7717799840e+00  2.9735179836e-13
 1.4787906014e+01  7.0845767583e+05  4.9182064526e+01  7  1.2100000000e+01  2.7013727823e-13
 1.5657106551e+01  7.0845539755e+05  4.9348373192e+01 10  7.6791330224e-01  2.7013727823e-13
 1.6401450828e+01  7.0846935001e+05  2.8333157268e+01 10  6.7270208298e+00  2.8486528007e-13
 4.4414052285e+00  7.1086003810e+05 -1.1672177178e+01 10  5.3798452291e+00  2.7213240719e-13
 3.3344819332e+00  7.1085929411e+05 -1.1325424336e+01 11  2.4882862828e+00  2.7213240719e-13
 1.3506007373e+01  7.1673853927e+05 -1.2522490891e+00  7  1.2100000000e+01  2.7335231465e-13
 2.3228611685e+01  7.1673975975e+05 -2.9871895433e+00 12  3.4480218382e-01  2.7345299963e-13
 4.9832580265e+01  7.1672637818e+05 -1.1096349015e+01  7  1.6800000000e+01  2.7387888592e-13
 6.7428374534e+01  7.1670807551e+05  7.6887519836e+00  7  1.2100000000e+01  2.7470503723e-13
 7.1671745764e+01  7.1670146576e+05 -4.2396341644e+00  1  8.4293141839e+00  2.7616681422e-13
 9.6109683740e+01  7.1667007867e+05 -7.7818953638e+00 10  6.6573984412e+00  2.8531171418e-13
 8.8268179962e+01  7.1672685427e+05  2.2867745853e+01  0  8.4346216217e+00  2.8280462792e-13
 8.2832460777e+01  7.1672515008e+05  2.4539662712e+01 10  1.0146183175e+00  2.8280462792e-13
 7.4915993340e+01  7.1669173855e+05  9.9557416292e+00 12  1.0702954156e+00  2.7744326677e-13
 7.6068436051e+01  7.1668704500e+05  8.0264965620e+00 10  2.3651834984e+00  2.7744326677e-13
 7.5648302601e+01  7.1673551846e+05 -2.2265294648e+00 12  1.2785261612e+00  2.7597107942e-13
 7.3891598798e+01  7.1673079963e+05 -6.0846367449e+00 10  4.4199862345e+00  2.7597107942e-13
 5.7161507346e+01  7.1672192273e+05  4.2419821040e+00 11  1.6156519141e+00  2.7493780866e-13
 6.2909260141e+01  7.1673287134e+05 -6.1314657441e+00 11  7.6674028429e-02  2.7401949520e-13
 4.9832580265e+01  7.1672637818e+05 -1.1096349015e+01 11  5.5708044836e+00  2.7387888592e-13
 4.0963598339e+01  7.1673214514e+05 -1.5750714329e+01 12  2.3700195919e-01  2.7373042438e-13
 3.0485450546e+01  7.1673382561e+05 -1.7259577234e+01 10  5.8613836643e+00  2.7491178082e-13
 2.7267929707e+01  7.1672511346e+05 -2.4348759722e+01 11  1.3271736299e+00  2.7491178082e-13
 3.2366580264e+01  7.1677746294e+05 -2.6543610330e+01 10  7.7293444052e-01  2.8293813768e-13
 3.2684387887e+01  7.1677894074e+05 -2.6210794611e+01 11  3.1535667072e-01  2.8293813768e-13
 2.6883065983e+01  7.1674235538e+05  6.4802893860e-01 12  2.2008673317e+00  2.7374864997e-13
-8.7091565033e+00  7.1669903704e+05 -6.5629923499e+00 12  4.5321858905e-01  2.7579840090e-13
-5.6080123636e+00  7.1670853516e+05 -4.7619547433e+00 10  2.5476286753e+00  2.7579840090e-13
 9.4373699604e+01  7.1901306477e+05 -1.2800768634e+02 11  1.9402723012e+00  2.7408990943e-13
-1.5810083816e+00  7.2140087508e+05 -5.0747128935e+00  0  8.4589352261e+00  2.7543419993e-13
 5.5653133563e+01  7.2141773234e+05  1.2219172868e+00 10  6.4992542572e+00  3.0861785769e-13
 2.5384338558e+01  7.2224867470e+05 -2.0565157819e+02 11  2.7299505711e+00  2.7532333351e-13
-6.7112348625e-02  7.2258516992e+05  1.9697456236e+02 11  6.7955595033e+00  2.8592832112e-13
 3.3432808959e+01  7.3202724336e+05 -4.0074194688e+01 10  1.7067499566e+00  2.8219294571e-13
 3.5114451631e+01  7.3202546420e+05 -3.9055480479e+01 11  2.8574972430e-01  2.8219294571e-13
 6.1729727759e+01  7.3668363170e+05  1.2327351253e+02 12  1.4630993459e+00  2.8089876658e-13
 8.9239083641e+01  7.3669428049e+05  1.4760970380e+02 10  6.7483298028e+00  2.9797912714e-13
 2.7585844866e+01  7.3899090512e+05 -4.3106497920e+02 11  1.9212545625e+00  2.8170552133e-13
-1.1013552317e+02  7.3962292178e+05 -1.3132979927e+02 10  2.0913831210e+00  2.8728067584e-13
-1.0953764133e+02  7.3962352232e+05 -1.3005361448e+02 11  1.3030292986e-01  2.8728067584e-13
 2.3799068841e+02  7.4197728522e+05  6.4295725386e+01 11  6.2822044144e+00  2.8284393827e-13
-2.0756893290e+02  7.4333098812e+05 -5.0340662273e+01 12  2.5983669982e-01  2.8584400035e-13
-2.0573301656e+02  7.4332662877e+05 -4.7939131658e+01 10  3.3830203795e+00  2.8584400035e-13
-7.8725775499e+00  7.4403935775e+05 -1.7533102843e+01  3  8.7600000000e+00  2.8515378518e-13
-7.8725775499e+00  7.4403935775e+05 -1.7533102843e+01 12  1.3911870418e+00  2.8515378518e-13
-8.0910682443e+00  7.4403971518e+05 -1.8138514577e+01 10  2.3827504294e+00  2.8515378518e-13
-8.8633455451e+00  7.4404641829e+05 -1.4492871980e+01 11  1.8355049954e+00  2.8444416621e-13
 1.0096173167e+01  7.4407413711e+05 -3.7997603017e+01 10  6.7393022317e+00  3.1848456579e-13
 2.9266568999e+02  7.4855384948e+05 -1.3384947880e+03 11  1.8232701484e+00  2.8535094403e-13
-8.0767580442e+00  7.4989815609e+05 -3.7066792030e-01 11  1.7260975962e+00  2.8586339770e-13
-1.3773928550e+02  7.5131829168e+05 -3.1136702184e+01 11  6.4833112329e+00  2.8640475759e-13
 7.5391567146e+00  7.5458550752e+05 -1.1664353849e+01 12  3.0057213756e-01  2.8795839447e-13
 1.3327634839e+01  7.5458596754e+05 -2.3527010949e+00 10  5.0414886102e+00  2.8812643612e-13
 1.4826265616e+01  7.5459333754e+05  2.2671480777e+00 11  1.7572843606e-01  2.8812643612e-13
 6.8015158895e+00  7.5458587105e+05  1.4245936774e+01 11  2.3009218864e-01  2.8767231812e-13
-6.9514583531e+01  7.6124996907e+05 -1.9127133835e-01 10  6.7980542226e+00  3.0654538122e-13
 7.2534185445e-01  7.6131612624e+05  1.3557672669e+00 11  5.3397394455e+00  2.9021596173e-13
-3.0576107275e+01  7.6385710785e+05 -3.3679697890e+01 10  6.5010482685e+00  3.0876035636e-13
 2.7847464461e+02  7.6634541350e+05  9.0549886662e+02 10  6.6446375371e+00  2.9325906403e-13
 2.7806149612e+02  7.6634456622e+05  9.0595140014e+02 11  1.1498146765e-01  2.9325906403e-13
-2.9322485442e-01  7.7267859502e+05 -1.3810840939e+01 12  1.0757380155e+00  2.9533858670e-13
 4.3757476042e+01  7.7266696240e+05 -2.1312982518e+01 10  6.7632551508e+00  3.1399395436e-13
 2.9722777738e+01  7.7317517939e+05 -1.3138055687e+02 10  6.6282473932e+00  3.1860779310e-13
 7.7939148235e+00  7.7761243114e+05  2.7642349557e+01 11  2.4084769104e+00  2.9642816141e-13
-2.0701762159e+01  7.8024797328e+05  2.5931971596e+01 11  3.9576876646e+00  2.9743283788e-13
 1.0296405023e+01  7.8234753041e+05 -7.1574165226e+01 11  4.0227930583e+00  2.9823319527e-13
 1.6238080112e+00  7.8549099834e+05 -2.4708963637e+00 11  3.7081751925e+00  2.9943149456e-13
 1.1223602334e+02  7.8798194730e+05  1.4654935620e+02  7  1.6800000000e+01  3.0038318983e-13
 1.1000657513e+02  7.8797880506e+05  1.4499338423e+02 10  1.5985601802e+00  3.0038318983e-13
 1.1223602334e+02  7.8798194730e+05  1.4654935620e+02 11  2.6609513409e+00  3.0038318983e-13
-1.1018020708e+01  7.9094100671e+05 -6.3139760253e+00  1  8.3061700308e+00  3.0359010185e-13
-5.4739592138e+00  7.9093946302e+05 -4.8210129917e+00 10  4.3564380784e+00  3.0359010185e-13
 1.2157484288e+01  7.9093913200e+05 -1.8821880909e+01 11  4.0435258783e+00  3.0208721914e-13
 8.7129460051e+00  7.9095071995e+05 -1.5565441716e+01 10  1.5093949766e+00  3.0265849234e-13
 9.2891151829e+00  7.9095146181e+05 -1.5788603327e+01 11  1.2269925529e+00  3.0265849234e-13
 3.6377292924e+01  7.9174659201e+05 -2.9979064133e+01 11  6.0771695902e+00  3.0181614539e-13
-4.1127768739e+01  7.9682879062e+05 -2.9888062728e+01 10  6.0843869664e+00  3.0386249834e-13
-4.1150335648e+01  7.9682775013e+05 -3.0181547222e+01 11  2.2622680936e-01  3.0386249834e-13
 1.7090420430e+01  7.9999071098e+05  5.2848191249e+00 11  3.4668648162e-01  3.0495882795e-13
-1.1417331405e+00  8.0358545711e+05  1.1892184860e+01 12  2.6974612169e+00  3.0709408429e-13
-3.0658681093e+00  8.0358881659e+05  7.5658579465e+00 12  4.4801820581e-01  3.0789541725e-13
-1.0782475081e+01  8.0355812308e+05  2.0056160624e+01 10  6.4525173215e+00  3.3023072079e-13
-4.0417810678e+00  8.0527748029e+05  1.6968821488e+00  7  1.2100000000e+01  3.0698381513e-13
 1.7949190996e+01  8.0528053603e+05 -3.4276096346e+01 12  2.0991560449e+00  3.0774045181e-13
 2.6543610076e+01  8.0528825851e+05 -2.9922528328e+01  7  1.2100000000e+01  3.0836534293e-13
 3.0621410515e+01  8.0528917210e+05 -3.2371856478e+01 10  1.7371362922e+00  3.0836534293e-13
-5.2213002000e+00  8.0532322922e+05  6.8395209087e+01 10  6.7661367206e+00  3.4478833204e-13
 2.4872302132e+01  8.0528707248e+05 -3.7654248915e+01 11  2.3067621384e-02  3.0804287134e-13
 3.6505324574e+01  8.0527299706e+05  1.5832564616e+01 11  6.6868107864e+00  3.1942331158e-13
 1.6224692715e+01  8.0849062006e+05 -1.2322126019e+01 11  5.8015142294e+00  3.0819901846e-13
-5.0714856371e+00  8.1310116965e+05 -7.1671956101e-01 11  4.0036767636e+00  3.0995657362e-13
 4.6337933237e+00  8.2119757614e+05 -5.2867042634e+00  8  7.7960169667e+00  3.1539698550e-13
 1.2200353789e+00  8.2119939451e+05 -6.9375004622e+00 10  4.9759386440e-01  3.1539698550e-13
 3.9726188251e+01  8.2855343186e+05  1.0840744125e+02  7  1.2100000000e+01  3.1637524777e-13
 5.2275236273e+01  8.2854855905e+05  9.6168420028e+01 10  6.7155274088e+00  3.2077070728e-13
 3.9726188251e+01  8.2855343186e+05  1.0840744125e+02 11  4.0371208887e+00  3.1637524777e-13
 7.0282189672e+00  8.2919656303e+05  2.1466386541e+01 11  5.1340792184e+00  3.1609218524e-13
 1.4915694270e+02  8.2940915684e+05  8.1692082313e+01  0  7.8740980719e+00  3.1981738260e-13
 1.4962204005e+02  8.2940950740e+05  8.3499086032e+01 10  6.5518063355e+00  3.1981738260e-13
 1.2384087801e+02  8.3292103439e+05 -1.0611085486e+03 11  6.4023427057e+00  3.2431642762e-13
-2.3509740326e+00  8.4139724664e+05  1.7726762229e+00 11  2.5691643818e-01  3.2074312196e-13
-3.2680655834e+01  8.4184840815e+05 -1.0916647443e+01  0  8.4306674610e+00  3.2161333019e-13
-5.7097615755e+01  8.4184714324e+05 -1.2156162252e+01 12  6.0838618866e-01  3.2170546760e-13
-4.4277029139e+01  8.4184886940e+05 -6.4461936817e+00 10  1.4734035831e+00  3.2170546760e-13
 1.3676303821e+02  8.4436243633e+05 -1.1844128959e+02 10  6.1208374670e+00  3.2304322191e-13
 1.3408879031e+02  8.4436310028e+05 -1.1490942900e+02 11  1.2584556312e+00  3.2304322191e-13
-2.8665205940e+00  8.5110527600e+05 -2.7906217210e+00 11  5.0011049071e+00  3.2444385150e-13
-3.6250689084e+01  8.5132009279e+05 -1.7817492063e+00  7  8.7600000000e+00  3.2465452575e-13
-2.1862321668e+01  8.5123980435e+05  4.3975722120e+01  7  8.7600000000e+00  3.2543675156e-13
 2.5655067714e+01  8.5116101584e+05  5.3250561681e+01 10  2.2065107954e+00  3.3303306394e-13
 2.6243580250e+01  8.5116039448e+05  5.4464195182e+01 11  1.5197778020e-01  3.3303306394e-13
-3.2870446569e+01  8.5120288523e+05  4.3084197983e+01 11  3.3253026242e+00  3.2626676427e-13
-4.1003194138e+01  8.5120938685e+05  3.8423487243e+01 11  2.5426219663e+00  3.2604972211e-13
-3.9605784195e+01  8.5122198098e+05  4.5247208693e+01 11  3.7135888849e-02  3.2588471408e-13
-4.2121455289e+01  8.5120933108e+05  3.9489585027e+01 12  1.5958949096e+00  3.2608975707e-13
-4.8703329520e+01  8.5121130473e+05  3.6586081729e+01 12  8.4055246325e-01  3.2612958410e-13
-9.9178845915e+00  8.5122155360e+05 -9.3586937636e-01  1  8.5495040454e+00  3.2962498359e-13
-4.4566590277e+01  8.5121974907e+05 -5.6234660976e+00 12  2.6416405534e-01  3.3178903450e-13
-4.1863111240e+01  8.5122093697e+05 -2.7507219284e+00 10  3.7183274127e+00  3.3178903450e-13
-4.4465405587e+01  8.5120874849e+05  8.9559608572e+00 11  1.8016475911e+00  3.2794132336e-13
-4.6532867971e+01  8.5122028792e+05  3.7865344351e+01 11  5.7414473012e+00  3.2580564907e-13
-4.0477427582e+01  8.5122325864e+05  4.6321749283e+01 11  4.0022119994e-01  3.2570717902e-13
-2.6321125643e+01  8.5123548571e+05  3.2014274548e+01  1  8.3198220137e+00  3.2596574909e-13
-2.1904426003e+01  8.5123203120e+05  3.1851243429e+01 10  3.5236793650e+00  3.2615037607e-13
-2.1205947973e+01  8.5123396465e+05  3.3159471619e+01 11  2.2966838108e+00  3.2615037607e-13
-3.3147065920e+01  8.5123154073e+05  3.1980468099e+01 12  9.6467290244e-01  3.2723784479e-13
-2.4293113277e+01  8.5124190106e+05  4.6182924472e+01 11  6.2183357258e+00  3.2543055568e-13
-4.2202983370e+01  8.5126028520e+05  3.5716087572e+01 12  7.9529871268e-01  3.2651547008e-13
-4.2399487818e+01  8.5126224510e+05  3.7934348507e+01 10  4.5338857229e+00  3.2651547008e-13
-3.6170679955e+01  8.5131968824e+05  7.3354779860e-01 10  5.1207717310e+00  3.2481324463e-13
-3.6016951750e+01  8.5131985768e+05 -1.3247697756e+00 11  1.7643898155e-01  3.2481324463e-13
 1.5250873370e+01  8.5130105570e+05  2.5212449592e+01 11  1.7717029496e+00  3.2461356744e-13
 5.1754109114e-01  8.5642005283e+05  4.4309990977e+00  7  1.6800000000e+01  3.2657108322e-13
 5.1754109114e-01  8.5642005283e+05  4.4309990977e+00 12  2.1113983122e+00  3.2657108322e-13
-6.9497321831e+00  8.5642921916e+05  1.2162275592e+01  7  8.7600000000e+00  3.2719481809e-13
-5.5531352027e-01  8.5643588896e+05 -9.4906048941e+00 12  5.5400260998e-01  3.2939500292e-13
-9.0632917649e+00  8.5643570506e+05 -3.3306356199e+00 10  9.6752610115e-01  3.2939500292e-13
-2.8644699506e+01  8.5641257308e+05  3.1974501749e+01  1  7.9636601979e+00  3.3877164976e-13
-2.8812844902e+01  8.5641291755e+05  3.2425157314e+01 10  3.4405900954e+00  3.3877164976e-13
-1.4465900081e+01  8.5892029216e+05  4.3987636159e+00 12  3.5243612437e-01  3.3078448475e-13
-1.2129812548e+01  8.5892401654e+05  6.1420875501e+00 10  3.3319755751e+00  3.3078448475e-13
 1.4976675071e+02  8.6321192477e+05 -6.9795563924e+01 11  4.2221608041e+00  3.2905894186e-13
 3.1807110060e+00  8.6429363247e+05 -3.1844127006e+00  7  1.6800000000e+01  3.2959214051e-13
 1.2766794504e+01  8.6430779092e+05 -1.5879334131e+01 12  1.4967073375e+00  3.3040878732e-13
 2.2743356346e+01  8.6432161720e+05 -1.4280603337e+01  0  8.6378440598e+00  3.3261580063e-13
 2.6079721713e+01  8.6431873309e+05 -1.5961610705e+01 10  3.2849531888e+00  3.3261580063e-13
 3.1807110060e+00  8.6429363247e+05 -3.1844127006e+00 11  4.9744108073e+00  3.2959214051e-13
-3.4726909045e+01  8.6444395576e+05 -1.8980924002e+01 11  2.3281584947e+00  3.2952859572e-13
-1.9728481654e+01  8.6467788212e+05  2.9181909108e+00  1  8.1574471459e+00  3.3016970133e-13
-1.6988141199e+01  8.6467184468e+05  4.5105466534e+00 10  2.5722736655e+00  3.3016970133e-13
 3.9606962681e+00  8.6778697239e+05  1.1186449078e+01 12  4.8807621909e-01  3.3360471800e-13
 2.9986711617e+00  8.6778739738e+05  1.1502612748e+01 10  3.2108987302e+00  3.3360471800e-13
-1.4710966224e+01  8.7526627370e+05 -4.3393040571e+00 11  2.1759306688e-01  3.3365409537e-13
-4.1983526073e+01  8.7654147292e+05 -3.1589125588e+01 10  4.2816512154e+00  3.3456491089e-13
-4.0628041033e+01  8.7654427296e+05 -3.0823561867e+01 11  1.8988399770e+00  3.3456491089e-13
-1.3620252442e+02  8.8006429886e+05  2.2706147937e+02 11  3.2723984170e+00  3.3548311677e-13
 9.4538225986e+01  8.8096995303e+05  1.7204797056e+02 10  1.1613456032e+00  3.4538012046e-13
 8.4062977297e+01  8.8097128568e+05  1.7439693317e+02 11  2.2276749511e-01  3.4538012046e-13
-3.4803564969e+01  8.8104422931e+05  1.2354030345e+01 11  5.8131463947e+00  3.3585666916e-13
-3.0669096430e+01  8.8660645917e+05 -4.5339638835e+01 11  2.7069152810e-01  3.3797700765e-13
 2.5690358770e+01  8.8684769650e+05  1.5970351314e+01  7  1.2100000000e+01  3.4008106433e-13
 2.3967203398e+01  8.8684798950e+05  1.7232493552e+01 10  4.9376632373e+00  3.4008106433e-13
 9.6826206376e+00  8.8687970116e+05  4.2050657224e+01 10  6.7683385015e+00  3.5414457169e-13
 2.5656127209e+00  8.8686010926e+05  1.2753850659e+01 11  6.0690477523e+00  3.3915387566e-13
 3.7265385022e+01  8.8686692696e+05  1.4719908079e+01 10  4.8800043634e+00  3.4483707434e-13
 4.2635851516e+01  8.8686739004e+05  1.7476549488e+01 11  2.1984516486e+00  3.4483707434e-13
-9.1052263189e+01  8.8851159906e+05  1.3962203229e+02 11  2.8756867990e+00  3.3870325262e-13
-5.6455483855e+01  8.9014135538e+05  5.0655702043e+01  0  8.4551993273e+00  3.4932656163e-13
-5.6757164925e+01  8.9013982050e+05  4.9466602562e+01 10  3.5292820741e+00  3.4932656163e-13
-3.5214783605e+00  8.9215263729e+05 -2.1539840525e+01  7  1.2100000000e+01  3.4009045666e-13
 2.0810671340e+01  8.9215214174e+05  7.2411817521e+00 12  1.3082641556e+00  3.4034025663e-13
 4.6879250062e+01  8.9214540285e+05 -5.7129399400e+01 12  2.3529293374e+00  3.4106739573e-13
 4.4601106354e+01  8.9214028852e+05 -6.0754316037e+01  7  8.7600000000e+00  3.4110972763e-13
 9.5165809783e+01  8.9213728153e+05 -6.4756612992e+01  7  8.7600000000e+00  3.4168131223e-13
 1.5498736263e+02  8.9207666901e+05 -7.4849395624e+01  7  1.6800000000e+01  3.4300429352e-13
 1.4642196317e+02  8.9207886101e+05 -8.1557087880e+01  7  1.2100000000e+01  3.4313442735e-13
 1.4885372152e+02  8.9207276182e+05 -9.8456704345e+01  7  1.6800000000e+01  3.4346856899e-13
 1.4678313804e+02  8.9206778302e+05 -1.0324669846e+02  7  1.6800000000e+01  3.4360419662e-13
 1.4754902059e+02  8.9207384331e+05 -1.0386184457e+02 12  3.7054438921e-01  3.4361478385e-13
 1.4047764999e+02  8.9206223763e+05 -1.1427039821e+02  0  8.1881963932e+00  3.4626867945e-13
 1.4418005036e+02  8.9206198740e+05 -1.1308878178e+02 10  3.6630618325e+00  3.4626867945e-13
 1.3267382417e+02  8.9207883099e+05 -1.2997637445e+02 10  6.7640959665e+00  3.7588027562e-13
 1.4885372152e+02  8.9207276182e+05 -9.8456704345e+01 11  5.2234755893e+00  3.4346856899e-13
 1.5747718505e+02  8.9205565599e+05 -1.0065316560e+02 12  1.3221864608e-02  3.4631875550e-13
 1.5783092465e+02  8.9205331557e+05 -9.9060671957e+01 10  1.9104232303e+00  3.4631875550e-13
 1.5279786690e+02  8.9207455623e+05 -7.6225639230e+01 11  4.7686702299e+00  3.4304017581e-13
 1.5498736263e+02  8.9207666901e+05 -7.4849395624e+01 11  5.0717827224e+00  3.4300429352e-13
 1.5368674286e+02  8.9207828367e+05 -6.9999403899e+01 11  4.3123910894e+00  3.4293558486e-13
 1.3909645610e+02  8.9209823888e+05 -6.7761892224e+01 12  5.9591048677e-01  3.4251657694e-13
 1.4884455003e+02  8.9210519580e+05 -7.5895400615e+01  1  8.2306720524e+00  3.4880037226e-13
 1.5094100419e+02  8.9210574319e+05 -7.3874062581e+01 10  1.2296890518e+00  3.4880037226e-13
 1.2185474104e+02  8.9210783769e+05 -7.9037608570e+01 10  6.7891176661e+00  3.4925994841e-13
 1.4524766217e+02  8.9220740151e+05 -3.7831028724e+01 10  1.6817478147e+00  3.4785164811e-13
 1.4400506459e+02  8.9220842259e+05 -3.6182023450e+01 11  1.2887009937e+00  3.4785164811e-13
 5.4692273507e+01  8.9213999132e+05 -6.4712874368e+01 11  1.6028952634e+00  3.4120538644e-13
 4.3121611040e+01  8.9213156792e+05 -4.1984160561e+01 10  6.7347592009e+00  3.5218791670e-13
 5.1315499024e+01  8.9212790870e+05 -5.3449514090e+01 11  2.4393356946e+00  3.4253117890e-13
 4.3436357343e+01  8.9214926960e+05 -5.4258192061e+01 11  5.3976504510e-01  3.4100977494e-13
 2.7399347670e+01  8.9216415657e+05 -6.6686000177e+01  0  7.8108867061e+00  3.4988702848e-13
 2.5278702577e+01  8.9216358980e+05 -6.5717523775e+01 10  2.9534702112e+00  3.4988702848e-13
 3.5796917750e+01  8.9215841914e+05 -3.3289616188e+01 11  6.7121861896e+00  3.4119610136e-13
 1.6948140993e+01  8.9215497676e+05  8.7085776159e+00  3  8.7600000000e+00  3.4107124832e-13
 1.6948140993e+01  8.9215497676e+05  8.7085776159e+00 12  1.9185107844e+00  3.4107124832e-13
 2.2014679537e+01  8.9215874809e+05  1.1187491974e+01 12  2.1342272264e+00  3.4178764841e-13
 2.0004182004e+01  8.9216157491e+05  1.0533247229e+01  0  8.9060040597e+00  3.4227206374e-13
 1.8284561415e+01  8.9216180437e+05  8.0374146385e+00 10  3.5619722868e+00  3.4227206374e-13
 2.7722145147e+01  8.9211082671e+05 -8.3900806571e-01 11  3.4019643250e+00  3.4023696605e-13
 3.6864408393e+00  8.9213020229e+05  1.4692554200e+01 10  6.2293497360e+00  3.4065705419e-13
 2.7520916112e+00  8.9213126258e+05  9.5651264028e+00 11  6.0806197372e+00  3.4065705419e-13
-6.0432281369e+00  8.9216177225e+05 -8.0572430148e+00 10  6.5066256486e+00  3.4838788912e-13
 2.3841628087e+01  8.9213177269e+05  3.5591150947e+01  7  8.7600000000e+00  3.4051161242e-13
 4.7867657495e+01  8.9213863699e+05  5.6002220450e+01 12  6.8514249689e-01  3.4086187850e-13
 6.2537961804e+01  8.9214583236e+05  6.8847539268e+01 12  2.1244939208e+00  3.4117266884e-13
 2.0948782918e+01  8.9216381926e+05  5.9036052567e+01 10  6.7618803161e+00  3.5556798915e-13
 2.6563402619e+01  8.9215191872e+05  8.4754780261e+01 11  6.6521039613e+00  3.4284497872e-13
 3.2234895893e+01  8.9213276008e+05  7.7803256095e+01 12  6.1228500113e-01  3.4605442243e-13
 1.4272587461e+00  8.9214556450e+05  1.1220782584e+02 10  6.4222000100e+00  3.5697601792e-13
 5.6609738852e+01  8.9215915227e+05  7.7836744814e+01 11  4.1279070732e+00  3.4153109225e-13
 8.1314344624e+01  8.9212792496e+05  9.8651116316e+01 10  6.7534191017e+00  3.5873337524e-13
 6.2418056455e+01  8.9214874348e+05  8.1828724270e+01 11  1.2325825090e+00  3.4138060297e-13
 5.2264547007e+01  8.9215084728e+05  7.2170983875e+01 12  3.9715266236e-01  3.4984239226e-13
 5.4946081261e+01  8.9214742995e+05  7.2424020704e+01 10  5.6827682430e-01  3.4984239226e-13
 6.1133427584e+01  8.9214342442e+05  3.7112798458e+01 12  3.4104468603e-01  3.4307096874e-13
 6.1130950107e+01  8.9214472576e+05  3.7629919804e+01 10  4.0114178923e+00  3.4307096874e-13
 7.8161032931e+01  8.9215935056e+05  3.0030195937e+01 10  6.7394529705e+00  3.4871214158e-13
 6.1937846504e+01  8.9211999299e+05  5.1989455309e+01 11  1.0333375595e-01  3.4088690968e-13
 4.7197957760e+01  8.9212722084e+05  4.7454889525e+01  1  8.9070386760e+00  3.4162002808e-13
 4.5811320573e+01  8.9212639566e+05  4.9699716201e+01 10  5.6776713873e+00  3.4162002808e-13
 1.9419487397e-01  8.9215356678e+05  4.6328320532e+01 12  4.9206630112e-01  3.5074759931e-13
 8.5554092688e-01  8.9215272198e+05  4.6637388331e+01 10  9.5129700377e-01  3.5074759931e-13
-7.9360405269e+01  8.9208593356e+05 -8.2733485203e+00 10  6.7699911853e+00  3.8093843470e-13
 1.8088756775e+00  8.9210414504e+05  3.9142442461e-01 11  2.5025647932e+00  3.4010145849e-13
 4.7493977947e-01  8.9740286480e+05 -2.1744052601e+00 11  1.5292402864e-01  3.4209262944e-13
-7.7950513918e+01  9.0066719443e+05 -9.2240426208e+01 11  1.4114283750e+00  3.4333700157e-13
 9.8143187983e-01  9.0772510095e+05  1.6399407960e+01 11  2.1125010643e+00  3.4602749643e-13
-1.1938962281e+02  9.0971681957e+05  1.7509413143e+01 11  6.6484215457e+00  3.4678674547e-13
 6.2368683034e+01  9.1699165345e+05 -2.4601125091e+01 12  1.7739547019e+00  3.5053257959e-13
 6.4497114570e+01  9.1700411214e+05 -3.4259806846e+01 12  8.6319966726e-02  3.5073761016e-13
 6.0779687236e+01  9.1698854119e+05  1.9762832888e-01 12  1.0649829883e+00  3.5118155960e-13
 5.7488098955e+01  9.1697768223e+05  5.7393244070e-01  7  8.7600000000e+00  3.5125151234e-13
 5.8223763754e+01  9.1697674781e+05  8.6950115802e+00 12  2.6267959061e+00  3.5137575801e-13
 5.4813980087e+01  9.1697257085e+05  1.8193480880e+01 12  5.0312163799e-01  3.5157860995e-13
 5.7505743935e+01  9.1697473791e+05  2.0114513959e+01  7  8.7600000000e+00  3.5208002822e-13
 5.9643106724e+01  9.1701331399e+05  4.4214641358e+01 10  6.7419299740e+00  3.6855646606e-13
 5.8076292552e+01  9.1697422777e+05  1.8813042108e+01 12  1.1751027217e+00  3.5223288899e-13
 5.8846823767e+01  9.1697589900e+05  2.0347312495e+01 10  4.7263880385e+00  3.5223288899e-13
 5.8297166202e+01  9.1696954601e+05  1.3883844402e+01 11  6.3744898646e+00  3.5178214199e-13
 5.1947506137e+01  9.1698216941e+05  5.7176697311e+01 12  8.5614519162e-01  3.5491198812e-13
 4.6449654568e+01  9.1697904343e+05  5.6373893342e+01 10  3.5923847884e+00  3.5491198812e-13
 6.0575639507e+01  9.1698080891e+05  1.8649246988e+01 12  1.7904128862e+00  3.5151180611e-13
 6.0523913033e+01  9.1698472032e+05  3.2652958943e+01  7  8.7600000000e+00  3.5261172881e-13
 6.2498671972e+01  9.1698111423e+05  3.3490846169e+01 10  5.5188914955e+00  3.5261172881e-13
 6.0523913033e+01  9.1698472032e+05  3.2652958943e+01 11  3.6771203765e+00  3.5261172881e-13
 5.2445237257e+01  9.1698806450e+05  1.0500197959e+01 11  6.7110497227e+00  3.5534810083e-13
 8.1596313632e+01  9.1695559497e+05 -1.5731263931e+01  1  8.3127887784e+00  3.5461250805e-13
 8.0845215007e+01  9.1695916330e+05 -1.5078609912e+01 10  2.6701797479e+00  3.5461250805e-13
 7.7419581126e+01  9.1699052633e+05 -1.2079904571e+01  7  8.7600000000e+00  3.5161263118e-13
 8.0625249925e+01  9.1698763286e+05 -1.4612587090e+01 10  6.7878113790e+00  3.5183440529e-13
 7.7419581126e+01  9.1699052633e+05 -1.2079904571e+01 11  4.8252568230e+00  3.5161263118e-13
 1.0025278981e+02  9.1695530384e+05 -3.5061913327e+01 10  6.4091365399e+00  3.6354260259e-13
 2.2185650431e+01  9.1697497063e+05  1.2688992980e+01 11  3.3708393476e+00  3.4998063223e-13
 2.2702429910e+01  9.1697292687e+05 -5.3105641933e+00 12  1.4406695997e+00  3.4999415933e-13
 8.5089120626e+00  9.1696224808e+05  6.9429556451e+00 12  1.0005387725e+00  3.5234493448e-13
 8.7392677048e+00  9.1696366369e+05  7.0549232050e+00 10  2.0203755578e+00  3.5234493448e-13
-8.3713968501e+01  9.1695501658e+05 -8.9984659694e+01 10  6.5959446828e+00  3.8802343639e-13
 9.5742137563e+00  9.1696178261e+05 -3.2189753715e+00 11  2.8433593067e+00  3.4977655145e-13
 3.3420102740e+00  9.1913600104e+05  3.4679229633e+01 10  6.7582870101e+00  3.6480385885e-13
 1.1354655561e+00  9.2032211592e+05 -3.0846369686e+00 11  5.2568782284e+00  3.5082951584e-13
 3.5796185886e+01  9.2221836523e+05  1.5887888385e+01 10  6.6828011002e+00  3.6586576700e-13
-2.4484725551e+00  9.2262063343e+05  3.2746198088e+00  7  1.6800000000e+01  3.5190272021e-13
-6.8980059593e-01  9.2261842130e+05  2.8235496852e+00 10  1.9962409001e+00  3.5190272021e-13
-2.4484725551e+00  9.2262063343e+05  3.2746198088e+00 11  3.5100136711e+00  3.5190272021e-13
-2.3916384870e+00  9.3071538475e+05 -4.3030701118e+01 10  6.6751012562e+00  3.9794780436e-13
 7.7713349727e+00  9.3072724434e+05  7.5316764032e+00 10  6.6701304249e+00  3.6109643244e-13
 1.2692134241e+00  9.3073969446e+05  2.6060836768e+00 11  2.3506289134e+00  3.5501311276e-13
-2.7508816441e+01  9.3916891294e+05 -5.4556028149e+00  7  8.7600000000e+00  3.6013474610e-13
 2.6185657354e+00  9.3918856356e+05 -9.7663985250e+00 10  6.7733303128e+00  3.9073415844e-13
-3.2953882953e+01  9.3918290409e+05  6.7904662363e+00 12  7.9267789844e-01  3.6185196789e-13
-2.1965538322e+01  9.3917296883e+05  4.1397317961e+00 10  1.4232427144e+00  3.6185196789e-13
-3.2303374266e+00  9.3916417931e+05 -6.1791072519e-01 11  7.1030328092e-01  3.5807060273e-13
 1.1348211116e+01  9.3946372965e+05 -7.8959222015e+00 12  3.0078953044e-01  3.6699293410e-13
 9.4716382056e+00  9.3946517705e+05 -7.6948414229e+00 10  5.6984753280e-01  3.6699293410e-13
-1.1007372686e+00  9.4524708298e+05 -3.0051477623e+01 10  5.1455042497e+00  3.6218722072e-13
-4.9668713875e+00  9.4524839067e+05 -2.8968451220e+01 11  3.0098987974e+00  3.6218722072e-13
 1.5874783317e+01  9.5838292674e+05  1.9869987924e+00 10  6.7733545003e+00  3.8375508579e-13
-3.7227761721e-01  9.5839746514e+05 -2.4891366728e+01 11  2.8579178613e+00  3.6674114545e-13
-1.4109484901e+00  9.5840306969e+05 -2.0542394884e+01 11  3.0770446947e+00  3.6603842370e-13
-7.6267570177e+00  9.5840328017e+05 -1.4484026893e+01 11  3.7649143206e+00  3.6581388519e-13
-1.1780015649e+01  9.5840032634e+05 -5.9382850083e+00 11  2.2324782888e+00  3.6561529044e-13
-1.0408887701e+01  9.5840578233e+05 -7.7706692783e+00 12  8.8646887310e-01  3.6558662015e-13
-1.4294123963e+01  9.5841009445e+05 -9.2538997154e+00 12  7.5106482460e-01  3.6563244040e-13
-1.9785848127e+01  9.5838684867e+05 -4.2122770540e+01 10  6.7020906149e+00  3.8392317567e-13
-1.0299964378e+01  9.5876014593e+05  9.2196555699e+00 12  1.8929672963e+00  3.6570373848e-13
-2.1306461378e+01  9.5876138508e+05  3.2758883047e+01  7  1.2100000000e+01  3.6622611895e-13
-1.1957356012e+01  9.5876221801e+05  2.6909221746e+01 12  9.4375710372e-02  3.6637595448e-13
 1.2367275211e+01  9.5876960166e+05  5.6423555769e+01  0  7.7840134723e+00  3.6683851504e-13
 7.8440943662e-01  9.5874339779e+05  3.1042351568e+01 12  1.3736336603e+00  3.6713267218e-13
 4.6893154161e+00  9.5875054386e+05  2.6328186596e+01 10  3.7544504247e+00  3.6713267218e-13
-3.9578625656e+01  9.5872834118e+05 -1.3416449687e+01  1  7.9986270206e+00  3.7095316724e-13
-3.8937996448e+01  9.5872732198e+05 -1.5325869455e+01 10  2.3339373787e+00  3.7095316724e-13
 1.5330768568e+01  9.5872784615e+05  7.4473079142e+00 10  6.7471031450e+00  3.8737546481e-13
 1.5168455915e+00  9.6109013671e+05  8.4488824816e-01 11  2.5910140343e+00  3.6637040609e-13
 1.7571399157e+00  9.6862699519e+05 -1.0498419211e+01  7  1.6800000000e+01  3.6948167617e-13
-6.9809665399e+00  9.6861898394e+05 -9.6811010440e+00 12  2.7752713063e+00  3.6978803550e-13
-1.0153443407e+00  9.6862058539e+05 -9.1448909037e+00 10  2.8580528559e+00  3.6978803550e-13
-2.7161946854e+01  9.6862375468e+05  4.4261371732e+00 11  6.7084055298e+00  3.7287039246e-13
 1.0654586441e+01  9.7216089644e+05  6.5664400187e+00 12  1.8378381297e+00  3.7116356165e-13
 2.4977424027e+01  9.7215601591e+05 -2.6047581029e+01 10  4.7433261884e+00  3.7393423633e-13
 2.5845979678e+01  9.7215694758e+05 -2.5191250415e+01 11  2.9180916747e-01  3.7393423633e-13
 3.3738477650e+01  9.7218421417e+05  2.0287086207e+01 10  6.6489922302e+00  3.8506527576e-13
 5.8337165925e+00  9.7216879836e+05  1.0372495690e+01 11  2.8532828778e-01  3.7088743607e-13
-4.3156650139e+01  9.9191862630e+05 -3.4502532742e+02 11  8.8737468066e-04  3.7812231761e-13
-1.0418748127e+01  9.9792473614e+05 -2.8900556471e+00 10  6.6592062504e+00  3.8428644863e-13
-5.7338573817e+00  9.9801729801e+05  3.2264209623e+00 12  1.0630621704e+00  3.8093034716e-13
 1.5530734477e+01  9.9804190382e+05  4.0831356148e+01 10  6.6907398331e+00  4.0369500587e-13
 2.8053106495e+00  1.0016747832e+06 -6.4242332271e-01 11  3.0206513115e+00  3.8184139352e-13