 x                 y                 z               Event            Energy              Time
-3.9638733737e+00  1.0427328555e+03  5.0049395370e-01  2  1.6800000000e+01  6.8653153695e-16
-2.1819188879e+01  7.9123463102e+03  1.5591748466e+01  2  1.6800000000e+01  5.2094601648e-15
 7.7514938804e+00  1.1072328491e+04 -2.9107783074e+01  1  1.2100000000e+01  7.2899809923e-15
 1.5775426301e+00  1.3649421542e+04  8.5862732117e-01  1  1.2100000000e+01  8.9867297267e-15
 6.6827364138e+01  1.5137685886e+04  9.6206721197e+00  2  1.6800000000e+01  9.9665975833e-15
 1.0379134333e-03  1.7202916439e+04  4.2110733684e-03  2  1.6800000000e+01  1.1326337902e-14
-3.2524682045e+02  1.8763602126e+04  3.3686407487e+02  0  8.7600000000e+00  1.2353887708e-14
 5.2921768132e+00  2.0729284688e+04 -2.0874303205e+00  0  8.7600000000e+00  1.3648085991e-14
-4.4898969585e-03  2.2566850488e+04 -1.6981807755e-03  1  1.2100000000e+01  1.4857932660e-14
-1.3242935465e-03  2.3095823827e+04  2.5983634766e-03  2  1.6800000000e+01  1.5206206791e-14
 2.0010738552e+00  2.8525376271e+04  1.2150888899e-01  0  8.7600000000e+00  1.8781004464e-14
-3.7794532482e+00  3.1651409919e+04  2.2059421798e+00  0  8.7600000000e+00  2.0839173700e-14
 2.2162690095e+00  3.2343526900e+04  1.1050193881e+01  1  1.2100000000e+01  2.1294861014e-14
 4.1519765457e+00  3.3917654140e+04 -3.2144061180e+00  2  1.6800000000e+01  2.2331260691e-14
 6.9495152482e-04  3.5240050400e+04  5.0277581927e-05  0  8.7600000000e+00  2.3201921600e-14
 2.4039122237e+01  3.6270033290e+04 -1.4274730991e+01  2  1.6800000000e+01  2.3880058607e-14
-2.3727376493e+01  3.6900289951e+04 -9.3022727891e+00  0  8.7600000000e+00  2.4295017310e-14
-4.9846805446e-03  3.8271413313e+04  2.4740872800e-03  0  8.7600000000e+00  2.5197759968e-14
 1.9849145631e-03  3.9347882952e+04  4.5906241772e-04  1  1.2100000000e+01  2.5906503681e-14
 1.6993973749e+01  3.9837198184e+04 -1.5132809053e+01  0  8.7600000000e+00  2.6228667058e-14
-3.5036982829e+02  4.3892899544e+04  3.9634610185e+02  0  8.7600000000e+00  2.8898926150e-14
 2.2465103606e+01  4.4170616485e+04  1.4778577271e+01  0  8.7600000000e+00  2.9081773979e-14
-4.5379454268e-03  4.4258267556e+04  7.5121201843e-04  3  3.2200000000e+01  2.9139483127e-14
-6.7494334136e+01  4.5770036783e+04  1.8420938245e+01  2  1.6800000000e+01  3.0134826513e-14
-4.3796063119e-03  4.6498897631e+04  1.9567167046e-03  0  8.7600000000e+00  3.0614705856e-14
 1.9668437296e+00  4.6522188526e+04  1.1130465095e-01  1  1.2100000000e+01  3.0630040497e-14
-1.1125149243e+02  4.8307445938e+04  4.3877998408e+01  0  8.7600000000e+00  3.1805447514e-14
 4.9255283963e+01  5.0076745654e+04 -2.9350529148e+01  2  1.6800000000e+01  3.2970348041e-14
 9.7448252705e+00  5.0233442949e+04  7.2438359070e+00  0  8.7600000000e+00  3.3073516973e-14
-2.4183435978e+00  5.1394727234e+04  1.0834367456e+01  0  8.7600000000e+00  3.3838102342e-14
-5.1880567899e+00  5.2860136999e+04  1.9206800649e+01  1  1.2100000000e+01  3.4802922826e-14
-2.0093744608e+01  5.4658562071e+04  9.0889521533e+00  0  8.7600000000e+00  3.5986999382e-14
 8.4791398185e-01  5.6459886211e+04  5.1945507829e+00  0  8.7600000000e+00  3.7172984674e-14
 1.0845835382e+01  5.6461156965e+04  4.0782055438e+01  0  8.7600000000e+00  3.7173821334e-14
-9.0970785900e+01  5.6488459298e+04  2.4227595895e+02  0  8.7600000000e+00  3.7191797092e-14
-3.4623453200e-03  5.6745980455e+04 -1.6377934984e-03  3  3.2200000000e+01  3.7361348089e-14
-1.1686394799e+00  5.7178731839e+04  3.6716704841e+00  2  1.6800000000e+01  3.7646270034e-14
 3.6046722106e-03  5.7462157100e+04  3.7258430937e-03  1  1.2100000000e+01  3.7832876199e-14
 1.6553337442e+00  5.8044801744e+04  5.1958798863e-01  1  1.2100000000e+01  3.8216487323e-14
 1.9858682871e+01  5.8063395942e+04  6.5804572572e+00  2  1.6800000000e+01  3.8228729676e-14
-7.0864088222e-02  5.8151056445e+04  7.7915860239e+00  2  1.6800000000e+01  3.8286445034e-14
-6.1477209974e+01  5.9538770920e+04  9.7182555510e+01  1  1.2100000000e+01  3.9200111220e-14
 2.5352896401e-01  6.0034533866e+04  4.5411589202e+00  0  8.7600000000e+00  3.9526519749e-14
 1.2873868075e+00  6.3627688347e+04  9.7387302154e-01  2  1.6800000000e+01  4.1892239651e-14
-1.2262716826e+00  6.3838571250e+04  6.1166134894e+00  3  3.2200000000e+01  4.2031084190e-14
-2.4815914761e+01  6.3864998745e+04 -5.5144017024e+01  3  3.2200000000e+01  4.2048483957e-14
 7.7434286143e+00  6.5627966236e+04 -3.1861326778e+01  1  1.2100000000e+01  4.3209215371e-14
-1.8238932365e+01  6.6218344899e+04  6.1243422396e+00  1  1.2100000000e+01  4.3597918545e-14
 4.5765402563e+00  6.7451704202e+04 -1.8455506081e+00  0  8.7600000000e+00  4.4409957845e-14
-2.1176592697e+00  6.8072523927e+04 -8.4022586445e-01  1  1.2100000000e+01  4.4818703305e-14
-3.0947537157e+00  6.9628861237e+04 -1.6830059467e+01  0  8.7600000000e+00  4.5843390155e-14
-1.8075296296e+01  7.1723919258e+04  1.9424752058e+01  2  1.6800000000e+01  4.7222768771e-14
 1.4939061119e+02  7.3244597630e+04 -4.1549721261e+01  0  8.7600000000e+00  4.8223977905e-14
-4.3206508541e+01  7.4430807873e+04  1.5970779151e+02  1  1.2100000000e+01  4.9004974435e-14
-7.8450946862e+00  8.0292162455e+04 -1.1449731513e+01  0  8.7600000000e+00  5.2864069071e-14
-1.3492748286e+00  8.1169553785e+04 -1.5185568104e+00  2  1.6800000000e+01  5.3441740347e-14
-1.5084132826e+02  8.1338234822e+04  5.7933655403e+01  1  1.2100000000e+01  5.3552799331e-14
 5.0413003183e+00  8.2797474873e+04 -4.9078719587e+00  0  8.7600000000e+00  5.4513557697e-14
-3.7836092494e+01  8.3891368664e+04  1.5723449792e+02  3  3.2200000000e+01  5.5233773409e-14
 2.4487574829e-04  8.4821367466e+04 -4.3732984873e-03  2  1.6800000000e+01  5.5846081253e-14
-2.0276766257e-03  8.5528238184e+04  8.3895260274e-04  2  1.6800000000e+01  5.6311482374e-14
-5.3776135855e+00  8.6145365874e+04  1.1029297359e+01  0  8.7600000000e+00  5.6717797012e-14
-6.2600229944e-01  8.8714098770e+04 -4.4556316171e-01  3  3.2200000000e+01  5.8409041450e-14
 7.6246724403e+01  9.0277886083e+04 -7.7098997921e+01  1  1.2100000000e+01  5.9438633355e-14
 2.5780247402e+01  9.1577565471e+04  2.0527453740e+01  0  8.7600000000e+00  6.0294337559e-14
 2.7566516454e+00  9.3883563465e+04 -2.2552161402e+00  0  8.7600000000e+00  6.1812598290e-14
 1.9939211340e+01  9.5321872156e+04  1.6585312183e+01  3  3.2200000000e+01  6.2759575525e-14
 6.5768233304e-01  9.5538992707e+04 -6.8998334332e+00  1  1.2100000000e+01  6.2902526909e-14
-2.1580948048e+01  9.7079080636e+04 -1.9711141847e+01  1  1.2100000000e+01  6.3916515226e-14
 7.4267095880e+00  9.7591406177e+04  3.4532123703e+01  3  3.2200000000e+01  6.4253828508e-14
 2.7639431193e-04  9.7968674383e+04 -4.6407993416e-03  3  3.2200000000e+01  6.4502220529e-14
-1.1845137482e+01  9.8700609876e+04  7.8048413464e+01  0  8.7600000000e+00  6.4984124208e-14
 3.3368884787e+00  9.8936633211e+04  6.1198421988e-01  1  1.2100000000e+01  6.5139521117e-14
 2.6388957563e+00  1.0237752450e+05  2.3992736912e+01  0  8.7600000000e+00  6.7404991481e-14
-1.7080921374e+01  1.0287167495e+05  1.7461617672e+01  2  1.6800000000e+01  6.7730338353e-14
 1.5195242734e+01  1.0356966948e+05  1.4093791969e+01  0  8.7600000000e+00  6.8189895421e-14
-1.3472808391e+00  1.0380172886e+05 -1.9451879710e+01  0  8.7600000000e+00  6.8342682477e-14
 2.3854049315e+00  1.0563499571e+05 -5.4185873392e+00  3  3.2200000000e+01  6.9549698733e-14
 2.0854664673e-03  1.0602716143e+05  4.3491674375e-04  3  3.2200000000e+01  6.9807899225e-14
 1.5258448100e+00  1.0659135894e+05 -3.0225703687e+00  0  8.7600000000e+00  7.0179364822e-14
-3.1518057971e+02  1.0685468599e+05 -3.0782035345e+02  0  8.7600000000e+00  7.0352738397e-14
-1.9771564768e+00  1.0757317387e+05  4.6157873217e+00  0  8.7600000000e+00  7.0825788219e-14
-1.4809909865e+02  1.0947061750e+05  1.2116437219e+02  0  8.7600000000e+00  7.2075058239e-14
-3.5065354852e+01  1.1115410969e+05  9.9257563905e+00  2  1.6800000000e+01  7.3183463397e-14
-3.1865988969e+00  1.1157178289e+05  1.0926470763e+00  2  1.6800000000e+01  7.3458457924e-14
 2.7060863820e+00  1.1287372468e+05 -4.1586294088e+00  0  8.7600000000e+00  7.4315651679e-14
-8.7897413526e-01  1.1316988199e+05 -1.8190733334e+00  1  1.2100000000e+01  7.4510640583e-14
-3.5428786900e-04  1.1518645259e+05 -4.5162142206e-03  0  8.7600000000e+00  7.5838343363e-14
-1.8749245600e-01  1.1565237494e+05 -3.1451674597e+00  0  8.7600000000e+00  7.6145104951e-14
-5.3090191483e+01  1.1671077158e+05 -8.3075736563e+00  3  3.2200000000e+01  7.6841949470e-14
-4.0124049406e-03  1.1862328866e+05  3.5101639659e-03  1  1.2100000000e+01  7.8101143791e-14
 2.4565907443e+01  1.1968844717e+05 -2.7030682887e+01  1  1.2100000000e+01  7.8802440297e-14
-4.6742255798e-03  1.1969654588e+05  2.9068037648e-04  0  8.7600000000e+00  7.8807772459e-14
-9.2363064023e+00  1.2133893916e+05  1.1093034225e+02  1  1.2100000000e+01  7.9889118246e-14
-1.3279765342e+01  1.2158524710e+05  1.5626251934e+00  0  8.7600000000e+00  8.0051286505e-14
 6.8639667244e+00  1.2252742835e+05 -9.0646670781e+00  0  8.7600000000e+00  8.0671615230e-14
 1.6757237112e+01  1.2277368576e+05 -5.6659055314e+01  2  1.6800000000e+01  8.0833750215e-14
-1.8851127758e+01  1.2299043484e+05 -1.3225681057e+01  2  1.6800000000e+01  8.0976457027e-14
 2.0988306804e+00  1.2451250208e+05  3.8838654918e+00  0  8.7600000000e+00  8.1978580586e-14
-4.5349124584e-03  1.2728136199e+05  1.7263115974e-03  3  3.2200000000e+01  8.3801587927e-14
 5.8065156820e+01  1.2884395779e+05 -2.3844737945e+02  1  1.2100000000e+01  8.4830395341e-14
-4.1514493352e+01  1.2935642960e+05  1.8164083951e+01  0  8.7600000000e+00  8.5167804926e-14
 4.1190171657e-03  1.2984380324e+05 -1.6784964952e-03  1  1.2100000000e+01  8.5488689970e-14
 1.0780327820e+01  1.3047590020e+05 -1.3869375536e+01  1  1.2100000000e+01  8.5904860316e-14
-4.9059491395e-04  1.3059180773e+05  4.5712813128e-03  0  8.7600000000e+00  8.5981173419e-14
 8.5797910361e+00  1.3257177642e+05  7.3893991251e+00  1  1.2100000000e+01  8.7284777635e-14
 2.9459533778e+00  1.3270296247e+05 -3.7459359878e+01  0  8.7600000000e+00  8.7371150052e-14
 1.3512699337e+02  1.3277890966e+05 -1.3254119924e+01  0  8.7600000000e+00  8.7421153405e-14
-4.7497635497e-04  1.3308884146e+05 -2.9275979045e-03  2  1.6800000000e+01  8.7625211386e-14
 5.5055797247e+01  1.3350822105e+05 -1.2632423146e+01  1  1.2100000000e+01  8.7901329390e-14
-1.1214872636e+02  1.3417972994e+05  1.1383425751e+02  0  8.7600000000e+00  8.8343448411e-14
-4.0141272366e+01  1.3435941939e+05  4.4749254319e+00  2  1.6800000000e+01  8.8461755293e-14
 7.7455564953e+00  1.3532390783e+05  4.3385534380e-01  2  1.6800000000e+01  8.9096770990e-14
 7.8343449393e+01  1.3568685216e+05  1.4066983711e+02  0  8.7600000000e+00  8.9335732223e-14
-9.4197037489e+01  1.3607638194e+05  9.2878376716e+01  0  8.7600000000e+00  8.9592197222e-14
-4.1379816733e-03  1.3701037544e+05  2.9420168269e-03  0  8.7600000000e+00  9.0207135162e-14
-3.5231900301e-03  1.3773676650e+05 -4.2548365701e-03  0  8.7600000000e+00  9.0685388399e-14
 8.7881732530e+00  1.3781301276e+05  3.6002651619e+01  1  1.2100000000e+01  9.0735588662e-14
-2.6605370517e+01  1.3812987342e+05  8.7050446917e+00  0  8.7600000000e+00  9.0944208578e-14
 3.5242550669e+01  1.3835659856e+05  1.0447014218e+02  2  1.6800000000e+01  9.1093483587e-14
 3.9145035521e+00  1.3991757359e+05  3.9859378765e-01  0  8.7600000000e+00  9.2121223892e-14
 1.8295811713e+01  1.4003811953e+05  7.8907294789e+00  1  1.2100000000e+01  9.2200590907e-14
-1.0382340830e-03  1.4085399335e+05  3.9976702323e-04  2  1.6800000000e+01  9.2737759273e-14
 4.4307364189e+00  1.4179998415e+05  5.4657713743e+00  1  1.2100000000e+01  9.3360596191e-14
-1.1879188939e+01  1.4187487433e+05  5.2436034409e+01  0  8.7600000000e+00  9.3409903614e-14
 1.8223383867e+01  1.4716799616e+05  1.0310813511e+01  0  8.7600000000e+00  9.6894875863e-14
-1.1156405444e-03  1.4726080698e+05 -5.7062950245e-04  3  3.2200000000e+01  9.6955982171e-14
 6.3519543315e-01  1.4942026926e+05  1.0538408202e-01  0  8.7600000000e+00  9.8377764322e-14
-1.6926804563e+00  1.4988004174e+05 -9.7347524601e+00  2  1.6800000000e+01  9.8680476857e-14
-5.7004762142e-04  1.5012705961e+05 -7.9037312222e-04  1  1.2100000000e+01  9.8843112530e-14
-3.8010651845e-03  1.5227908565e+05 -4.5025567149e-03  1  1.2100000000e+01  1.0025999868e-13
-1.2650760534e+00  1.5280140249e+05 -5.4724241483e-02  1  1.2100000000e+01  1.0060389020e-13
 8.7387588302e+00  1.5381008412e+05 -2.5727660300e+01  2  1.6800000000e+01  1.0126800253e-13
-9.5229436443e-01  1.5542331787e+05  4.1064871560e+00  0  8.7600000000e+00  1.0233014979e-13
-8.1615335265e+00  1.5675273694e+05 -6.6102075822e+00  0  8.7600000000e+00  1.0320543449e-13
-4.4707078112e-03  1.5691375597e+05  8.1381768725e-04  4  4.0000000000e+01  1.0331144884e-13
-6.8545152749e+00  1.5773020873e+05  2.4024462539e+00  1  1.2100000000e+01  1.0384899839e-13
-2.1289784280e+01  1.5823333484e+05  4.0688240557e+01  0  8.7600000000e+00  1.0418025479e-13
 8.1820535019e+01  1.5960601606e+05 -3.4659841000e+01  0  8.7600000000e+00  1.0508402314e-13
 2.0721093083e+00  1.6156028562e+05 -1.9027766915e+00  1  1.2100000000e+01  1.0637070714e-13
 2.4238559521e+00  1.6182463000e+05  4.5447899008e-02  3  3.2200000000e+01  1.0654475053e-13
-1.0711974368e+01  1.6186412372e+05 -1.0209142058e+01  0  8.7600000000e+00  1.0657075305e-13
-6.2140551082e+00  1.6350566077e+05  4.5772974012e-01  0  8.7600000000e+00  1.0765153509e-13
-2.8161775140e+01  1.6547822840e+05 -1.2228608186e+01  0  8.7600000000e+00  1.0895026648e-13
-1.8118958688e+02  1.6800436930e+05  1.0334526514e+02  2  1.6800000000e+01  1.1061346851e-13
-2.0125728452e+02  1.6829468643e+05  1.6012559384e+01  0  8.7600000000e+00  1.1080461225e-13
-2.7380498650e+00  1.6839332819e+05  6.3502776777e-03  2  1.6800000000e+01  1.1086955763e-13
-4.2102923783e+00  1.7040957000e+05  1.4346623128e+00  0  8.7600000000e+00  1.1219704394e-13
 2.4966503175e+00  1.7282148597e+05  1.3586143310e+00  0  8.7600000000e+00  1.1378504068e-13
-3.8975289232e+00  1.7391040695e+05 -2.9105677916e+00  3  3.2200000000e+01  1.1450198231e-13
-2.1661304576e-03  1.7398884209e+05  3.8453988400e-03  2  1.6800000000e+01  1.1455362372e-13
-3.8169684605e-04  1.7431638271e+05  4.8211084678e-03  3  3.2200000000e+01  1.1476927528e-13
 6.2244377015e+01  1.7488671617e+05 -7.5346995120e+01  1  1.2100000000e+01  1.1514478077e-13
 1.4423002004e-02  1.7492211616e+05  1.8365431913e+00  0  8.7600000000e+00  1.1516808799e-13
-3.5245962398e-01  1.7497462851e+05 -4.0736027263e-02  0  8.7600000000e+00  1.1520266193e-13
 8.0414346225e+00  1.7740586344e+05  3.2728348848e+01  1  1.2100000000e+01  1.1680337821e-13
 2.8805984008e-01  1.7890359018e+05  7.3420125453e-01  1  1.2100000000e+01  1.1778947607e-13
-3.1093590591e-01  1.7891777418e+05  1.2168711046e+01  1  1.2100000000e+01  1.1779881476e-13
-1.6299817928e-03  1.7972341048e+05  4.8960079858e-03  1  1.2100000000e+01  1.1832924279e-13
 3.5797253095e+00  1.8673504118e+05 -4.2108817286e+00  0  8.7600000000e+00  1.2294567506e-13
-3.2251694053e+01  1.8779694994e+05 -6.5357874776e+01  1  1.2100000000e+01  1.2364483194e-13
-1.3525195857e+00  1.8838788872e+05 -1.3403604606e+01  0  8.7600000000e+00  1.2403390390e-13
-2.7937833396e-03  1.9005876988e+05  4.8834117501e-03  2  1.6800000000e+01  1.2513400600e-13
 1.6807085530e+01  1.9096585301e+05  3.5181518337e+01  2  1.6800000000e+01  1.2573122625e-13
-6.2286619794e-01  1.9183220908e+05 -1.5596304007e+00  1  1.2100000000e+01  1.2630163195e-13
-6.6145883801e+00  1.9196023202e+05  1.0926222839e+01  0  8.7600000000e+00  1.2638592179e-13
 6.0261240715e-01  1.9246714469e+05 -1.2466792889e+01  0  8.7600000000e+00  1.2671967125e-13
-4.4987153446e-03  1.9320147828e+05  9.1203593226e-05  1  1.2100000000e+01  1.2720315383e-13
 9.9746623781e+00  1.9443970149e+05 -1.1476030645e+01  0  8.7600000000e+00  1.2801839551e-13
 1.9407489300e+01  1.9449513080e+05  8.2142980882e+00  2  1.6800000000e+01  1.2805488997e-13
-1.9619714842e+01  1.9482569002e+05 -6.0010163681e+00  2  1.6800000000e+01  1.2827252897e-13
 7.3707244515e+00  1.9684023314e+05  4.8640691194e+01  1  1.2100000000e+01  1.2959889686e-13
-1.1044116800e+01  1.9699494530e+05 -2.1127493926e+00  0  8.7600000000e+00  1.2970075878e-13
-9.0920086490e+00  1.9799710669e+05 -1.0284666020e+01  3  3.2200000000e+01  1.3036057822e-13
-3.6929961966e+01  1.9850291739e+05  3.5988762055e+00  1  1.2100000000e+01  1.3069360215e-13
 1.2352794802e+00  1.9860887248e+05  1.6096584224e+00  0  8.7600000000e+00  1.3076336260e-13
 5.2570570050e+01  1.9902104958e+05 -4.0135100960e+01  1  1.2100000000e+01  1.3103473851e-13
 4.2585938446e+00  1.9985135756e+05 -7.5282849897e-01  3  3.2200000000e+01  1.3158141027e-13
 2.8587913457e-03  2.0227430353e+05 -2.2938534139e-03  1  1.2100000000e+01  1.3317666913e-13
-9.3061081655e-01  2.0235863145e+05  1.0039911287e+00  0  8.7600000000e+00  1.3323219033e-13
-3.1660897718e+01  2.0277084504e+05  2.2206927564e+01  0  8.7600000000e+00  1.3350359027e-13
 1.5136832809e+01  2.0437166295e+05 -3.8755558882e+01  1  1.2100000000e+01  1.3455756298e-13
-1.4901278232e-01  2.0447719749e+05  1.8147601409e+00  3  3.2200000000e+01  1.3462704654e-13
-1.0167249771e+01  2.0501725564e+05 -5.9388933016e+00  0  8.7600000000e+00  1.3498261887e-13
-4.3962788931e+01  2.0512600894e+05  3.1012447771e+01  0  8.7600000000e+00  1.3505422165e-13
 1.2245096853e+01  2.0547119229e+05 -6.4074298237e-01  1  1.2100000000e+01  1.3528148912e-13
 9.5558453699e+00  2.0615011010e+05 -7.7582115859e+00  1  1.2100000000e+01  1.3572848614e-13
-7.0043106545e+00  2.0618687764e+05 -2.4505769407e+01  1  1.2100000000e+01  1.3575269376e-13
-2.7943276883e-03  2.0630367421e+05 -4.2654573867e-03  3  3.2200000000e+01  1.3582959220e-13
-4.8949928691e+01  2.0631656582e+05  6.3785199624e+01  1  1.2100000000e+01  1.3583807999e-13
 4.5770105694e-04  2.0640149447e+05  2.5816640433e-03  2  1.6800000000e+01  1.3589399670e-13
 2.7575471917e-05  2.0739655190e+05  3.4609565085e-03  3  3.2200000000e+01  1.3654913891e-13
-1.7039614994e-03  2.0778171206e+05  1.5190802033e-03  3  3.2200000000e+01  1.3680272697e-13
-8.9667973607e+00  2.1170070753e+05  2.7592550716e+01  0  8.7600000000e+00  1.3938297940e-13
-1.8004056812e+00  2.1306296512e+05  3.5688891178e+00  2  1.6800000000e+01  1.4027988486e-13
-1.2934240752e+02  2.1661166036e+05 -4.7585733919e+01  0  8.7600000000e+00  1.4261633296e-13
 2.1122073878e+02  2.1704678224e+05  2.1381378803e+02  1  1.2100000000e+01  1.4290281563e-13
 1.1809763295e-03  2.1802746837e+05 -1.3308308396e-03  2  1.6800000000e+01  1.4354849583e-13
 1.3562050369e+01  2.1890159452e+05  5.1922948699e+00  2  1.6800000000e+01  1.4412401732e-13
-4.1704175483e+00  2.1936594604e+05 -5.2967446972e+00  1  1.2100000000e+01  1.4442974468e-13
-1.8899192669e-01  2.1959074973e+05  8.8916659705e-01  0  8.7600000000e+00  1.4457775462e-13
-9.3535457517e+00  2.2027885949e+05  4.6953137760e+01  2  1.6800000000e+01  1.4503080359e-13
-1.0732382824e+01  2.2084481515e+05  1.8749424581e+00  0  8.7600000000e+00  1.4540342675e-13
-1.1379769602e+00  2.2698370073e+05 -3.8956093358e+00  0  8.7600000000e+00  1.4944524679e-13
-3.3330607619e+01  2.2882479171e+05  4.6213140939e+01  0  8.7600000000e+00  1.5065741443e-13
 4.2713869952e+01  2.3095140377e+05 -7.7301796333e+01  1  1.2100000000e+01  1.5205756811e-13
 2.9407665410e+00  2.3439625596e+05 -1.5232771276e+00  0  8.7600000000e+00  1.5432564632e-13
 1.8474120796e+01  2.3455148468e+05  9.1597447286e+01  2  1.6800000000e+01  1.5442784834e-13
-1.7696781919e+00  2.3473643641e+05 -1.6732127209e+00  1  1.2100000000e+01  1.5454961989e-13
 2.1519130645e+00  2.3631972153e+05 -9.5063210936e-01  1  1.2100000000e+01  1.5559204909e-13
 1.7714281601e+01  2.3841661343e+05 -2.3055942079e+01  0  8.7600000000e+00  1.5697263512e-13
 2.3715314638e+01  2.3953289397e+05  3.0961823371e+01  0  8.7600000000e+00  1.5770759019e-13
-7.5672468916e+00  2.3956755136e+05  1.9270453051e+01  1  1.2100000000e+01  1.5773040849e-13
-2.8882956617e+01  2.4001977318e+05  3.8366853229e+02  1  1.2100000000e+01  1.5802814969e-13
-5.7155427400e+00  2.4219710716e+05  8.2143794806e+00  1  1.2100000000e+01  1.5946169850e-13
-7.6706268029e+01  2.4406914517e+05 -1.0856160833e+01  0  8.7600000000e+00  1.6069424155e-13
 2.0947760512e+01  2.4412836047e+05 -2.9138807609e+01  0  8.7600000000e+00  1.6073322869e-13
 1.8695870169e+02  2.4467429352e+05  1.2068098007e+01  0  8.7600000000e+00  1.6109266904e-13
 3.9677506164e+00  2.4776986527e+05 -4.8988395076e-01  3  3.2200000000e+01  1.6313078227e-13
 2.7260785632e-03  2.4934719635e+05 -2.7975875874e-03  2  1.6800000000e+01  1.6416929134e-13
 5.5577249029e-01  2.4946085953e+05 -1.2770279710e+01  2  1.6800000000e+01  1.6424412677e-13
 9.9165631626e-01  2.5109759962e+05  1.2609100286e+00  2  1.6800000000e+01  1.6532175052e-13
 6.0134901570e+00  2.5198732792e+05  4.6582488549e+01  2  1.6800000000e+01  1.6590754441e-13
-1.0484015114e+02  2.5415669908e+05  1.0553281611e+02  2  1.6800000000e+01  1.6733585053e-13
-1.2937791085e+01  2.5679068970e+05 -1.0826087632e+01  2  1.6800000000e+01  1.6907006041e-13
 9.4541850311e-04  2.6265516456e+05 -3.5121822979e-04  2  1.6800000000e+01  1.7293120943e-13
-1.6513074662e+00  2.6430164791e+05  3.9451005634e+00  1  1.2100000000e+01  1.7401524811e-13
-1.7218554886e+01  2.6713699668e+05 -1.7976892586e+00  0  8.7600000000e+00  1.7588203147e-13
-2.2117419250e+01  2.6901431586e+05 -6.7955559415e+00  1  1.2100000000e+01  1.7711805162e-13
-2.9247880624e-03  2.7211132359e+05  3.0870348113e-03  3  3.2200000000e+01  1.7915711030e-13
-1.8833913174e+01  2.7214160009e+05  8.5576096756e+01  1  1.2100000000e+01  1.7917704424e-13
-5.2656300600e-01  2.7270963751e+05  5.4927077935e+00  0  8.7600000000e+00  1.7955103802e-13
 3.7940736249e-03  2.7322619254e+05 -3.0045862021e-03  3  3.2200000000e+01  1.7989113598e-13
 1.9197013960e-03  2.7386258068e+05  4.4213623132e-03  2  1.6800000000e+01  1.8031013163e-13
 3.1948732365e+01  2.7585961440e+05 -1.3998005245e+01  2  1.6800000000e+01  1.8162497140e-13
-4.4213748964e+00  2.7652742650e+05 -2.1293428360e+00  0  8.7600000000e+00  1.8206465647e-13
-9.8160625531e+00  2.7786855237e+05  6.4124657184e+00  3  3.2200000000e+01  1.8294764889e-13
-7.1080821384e+00  2.8217353531e+05  7.8799891318e+00  0  8.7600000000e+00  1.8578203407e-13
-4.5947890323e-01  2.8462993292e+05  9.0083450152e-01  0  8.7600000000e+00  1.8739931736e-13
 1.1165127142e+01  2.8493975519e+05 -2.1053547751e+01  0  8.7600000000e+00  1.8760330322e-13
-2.9876899691e+01  2.8504369371e+05  2.4048744498e+01  1  1.2100000000e+01  1.8767173597e-13
 3.6186053519e+00  2.8505008840e+05  2.0062816347e+00  0  8.7600000000e+00  1.8767594621e-13
 1.0236319861e-01  2.8593481237e+05  3.1684089914e+00  1  1.2100000000e+01  1.8825844527e-13
 1.1675764142e+01  2.8706033688e+05 -5.7841242453e+00  0  8.7600000000e+00  1.8899948653e-13
-5.3734075987e+00  2.8740591231e+05 -8.6306611996e-01  3  3.2200000000e+01  1.8922701215e-13
 1.8131527808e+02  2.8770225568e+05  3.7224796921e+01  0  8.7600000000e+00  1.8942212354e-13
 1.5744491348e+00  2.8836851457e+05  2.4415707102e-01  3  3.2200000000e+01  1.8986078599e-13
-3.4458324245e+02  2.8898265142e+05 -9.0195707134e+01  2  1.6800000000e+01  1.9026513146e-13
 2.5318951547e+00  2.8902989590e+05 -1.3642334669e+00  1  1.2100000000e+01  1.9029623706e-13
-5.6350779977e-01  2.9083291390e+05  5.0808293111e-01  1  1.2100000000e+01  1.9148333758e-13
 1.3019197098e+00  2.9322703014e+05  2.5286681012e+00  1  1.2100000000e+01  1.9305961505e-13
-9.6572829791e-01  2.9355032319e+05  2.9517897891e+00  0  8.7600000000e+00  1.9327247002e-13
-1.6360251008e-04  2.9381383058e+05  3.3261312420e-04  3  3.2200000000e+01  1.9344596233e-13
-2.0165090808e+01  2.9502742761e+05  3.3651785823e+02  1  1.2100000000e+01  1.9424499022e-13
 3.6978060720e+01  3.0072217465e+05  1.7643845713e+01  0  8.7600000000e+00  1.9799439106e-13
 2.2877845225e-04  3.0117948813e+05 -4.9205529783e-03  1  1.2100000000e+01  1.9829548460e-13
 2.6609446633e-04  3.0133721105e+05  2.2496956015e-03  0  8.7600000000e+00  1.9839932880e-13
-8.5978447214e+01  3.0236541583e+05  3.6559215067e+01  0  8.7600000000e+00  1.9907629510e-13
-4.4337321289e+00  3.0289599532e+05 -5.1498859250e+00  1  1.2100000000e+01  1.9942562672e-13
-3.1984125956e+00  3.0366526291e+05  1.3137651616e+01  0  8.7600000000e+00  1.9993210971e-13
 6.3397480903e-04  3.0405813033e+05 -4.7853846474e-03  2  1.6800000000e+01  2.0019077220e-13
-2.1076568209e+00  3.0872368234e+05 -2.3976977937e-01  3  3.2200000000e+01  2.0326255475e-13
 2.0402303371e-03  3.0890948627e+05  1.5127536149e-04  1  1.2100000000e+01  2.0338488739e-13
 2.2745416379e+00  3.1147183323e+05  1.7300491443e+01  1  1.2100000000e+01  2.0507192735e-13
 6.2744541731e+00  3.1264874396e+05 -1.4236276706e+01  0  8.7600000000e+00  2.0584680111e-13
-1.8920462198e-01  3.1280739726e+05 -1.1757058402e+00  1  1.2100000000e+01  2.0595125787e-13
-7.7966885930e-01  3.1284599281e+05  2.6233164242e+00  0  8.7600000000e+00  2.0597666904e-13
 2.4850006110e-03  3.1312701818e+05 -4.5947301991e-03  1  1.2100000000e+01  2.0616169513e-13
 3.2407675183e+00  3.1481006106e+05 -4.8707477291e+00  0  8.7600000000e+00  2.0726980446e-13
 3.8104687188e+02  3.1488964386e+05 -3.3721758377e+02  1  1.2100000000e+01  2.0732220149e-13
-1.2060847566e+00  3.1583410086e+05  3.9871770807e+01  1  1.2100000000e+01  2.0794402856e-13
-5.0532830067e-01  3.1659106547e+05  6.8197653349e+00  0  8.7600000000e+00  2.0844241132e-13
-9.5191745521e+01  3.1872312012e+05 -6.2605536538e+01  2  1.6800000000e+01  2.0984614838e-13
-2.8750437620e+00  3.1890957697e+05  3.7821022138e-01  0  8.7600000000e+00  2.0996891090e-13
 1.8299772505e-01  3.2354865176e+05  2.8438472869e-01  3  3.2200000000e+01  2.1302326094e-13
-1.7897183080e+01  3.2372118457e+05 -1.4747255674e+00  2  1.6800000000e+01  2.1313685592e-13
 1.3350562920e+01  3.2530520659e+05 -2.5479038927e+01  0  8.7600000000e+00  2.1417977029e-13
 5.2710197849e+00  3.2577120936e+05  1.2064161052e+00  0  8.7600000000e+00  2.1448658482e-13
 1.2712945310e+02  3.2651848293e+05  8.2990226577e+01  0  8.7600000000e+00  2.1497858703e-13
-3.6304567096e-03  3.2725393533e+05  2.9140818109e-03  1  1.2100000000e+01  2.1546280623e-13
 8.3368397962e+00  3.2734079762e+05 -1.2683745402e+01  0  8.7600000000e+00  2.1551999605e-13
 4.8891773757e+00  3.2906214470e+05 -1.0652716918e+00  2  1.6800000000e+01  2.1665332474e-13
 1.2053588648e+03  3.2980111356e+05  1.3880050160e+03  0  8.7600000000e+00  2.1713985916e-13
 2.4861920008e+00  3.3044904841e+05  7.5004763766e-01  2  1.6800000000e+01  2.1756645712e-13
 2.0558881261e+01  3.3132667095e+05 -2.9403737609e+01  0  8.7600000000e+00  2.1814428062e-13
 1.8974015360e+01  3.3222483238e+05  1.9852929771e+01  2  1.6800000000e+01  2.1873562686e-13
-3.2330498441e+01  3.3249813385e+05 -3.9746682572e+00  2  1.6800000000e+01  2.1891556756e-13
 7.0935153920e+00  3.3272498016e+05  6.4146343361e+01  0  8.7600000000e+00  2.1906492234e-13
 3.3834569286e-01  3.3510812509e+05 -9.1368285275e+00  3  3.2200000000e+01  2.2063397634e-13
-3.0270036394e-03  3.3559569334e+05 -4.8501672316e-03  0  8.7600000000e+00  2.2095498951e-13
 6.1677709104e-01  3.3774983667e+05 -2.6576745461e+00  0  8.7600000000e+00  2.2237326967e-13
-1.3654053595e+01  3.3827857128e+05 -1.5361110656e+01  0  8.7600000000e+00  2.2272138663e-13
 1.4490896412e+00  3.3932219152e+05 -3.0597501740e+00  1  1.2100000000e+01  2.2340850242e-13
 2.2660207171e+02  3.3995042790e+05  6.2827991953e+01  0  8.7600000000e+00  2.2382213097e-13
 3.2393390957e-03  3.4026514622e+05  3.5721806197e-03  3  3.2200000000e+01  2.2402934038e-13
-2.7398674653e+01  3.4071325247e+05  5.6863751194e+00  0  8.7600000000e+00  2.2432437191e-13
-2.8452972115e+00  3.4096386284e+05  1.9568174383e+01  1  1.2100000000e+01  2.2448937287e-13
-2.3603242018e-03  3.4292484678e+05  3.1140220832e-05  3  3.2200000000e+01  2.2578047759e-13
-8.7747654180e+00  3.4487602940e+05 -8.3721196375e+00  2  1.6800000000e+01  2.2706512917e-13
-1.9857150334e+00  3.4531684817e+05 -6.4937715604e-01  3  3.2200000000e+01  2.2735536265e-13
 2.2383281884e+02  3.4601043003e+05 -2.3781782028e+01  0  8.7600000000e+00  2.2781201444e-13
 3.3736915180e-03  3.4849836388e+05  1.6333435926e-03  0  8.7600000000e+00  2.2945006108e-13
-1.5907144430e+01  3.4890217494e+05  2.6746994569e+01  1  1.2100000000e+01  2.2971592882e-13
-3.7379447540e-01  3.4926103362e+05 -1.0901550545e+00  0  8.7600000000e+00  2.2995220007e-13
 3.5726918249e+01  3.5105561726e+05  3.5609839175e+01  2  1.6800000000e+01  2.3113374744e-13
 8.7370662350e+00  3.5194913642e+05 -3.6534873488e+01  1  1.2100000000e+01  2.3172203723e-13
-4.7202192152e+02  3.5247923659e+05 -4.3539649082e+02  1  1.2100000000e+01  2.3207105326e-13
-1.1609086839e+01  3.5307374115e+05 -2.9470711589e+01  2  1.6800000000e+01  2.3246247291e-13
 1.6057605094e-03  3.5622565932e+05 -1.9831180046e-03  0  8.7600000000e+00  2.3453768442e-13
-2.5180360459e+00  3.5767162924e+05 -6.5601413310e+00  2  1.6800000000e+01  2.3548970578e-13
-1.4820977495e+01  3.6001619881e+05  5.1246801589e+00  2  1.6800000000e+01  2.3703336190e-13
-2.9688355275e+00  3.6017411192e+05 -1.0480926041e+01  0  8.7600000000e+00  2.3713733132e-13
-3.1142601483e+01  3.6079605400e+05  7.6962908917e+01  0  8.7600000000e+00  2.3754681573e-13
-2.6430370531e-04  3.6141073565e+05 -2.1523751864e-03  2  1.6800000000e+01  2.3795151990e-13
 4.7191426513e+01  3.6281226394e+05 -6.9154526005e+01  2  1.6800000000e+01  2.3887428105e-13
-8.5138760884e-01  3.6390117220e+05  3.7847857011e+00  2  1.6800000000e+01  2.3959121431e-13
-2.1319096159e+01  3.6440619735e+05 -1.8330480659e+01  1  1.2100000000e+01  2.3992372104e-13
-1.6654608508e+00  3.6759243307e+05  5.9165489510e-01  1  1.2100000000e+01  2.4202152710e-13
 1.6721772528e+00  3.6812689807e+05  2.9579890758e+00  3  3.2200000000e+01  2.4237341693e-13
-2.3131954723e+01  3.6865761596e+05  4.9948243169e+01  0  8.7600000000e+00  2.4272283966e-13
-1.5731626238e+00  3.6904782275e+05 -5.2299113656e+00  1  1.2100000000e+01  2.4297975040e-13
-7.6110258993e+01  3.7023748354e+05  2.9106202152e+02  2  1.6800000000e+01  2.4376301876e-13
 7.1931767920e+00  3.7108364529e+05 -1.3773901560e+01  0  8.7600000000e+00  2.4432012859e-13
 1.6298032639e+01  3.7109818105e+05  3.9676608929e+00  1  1.2100000000e+01  2.4432969888e-13
 2.7156795940e+00  3.7137450514e+05 -2.9141459883e+00  1  1.2100000000e+01  2.4451162966e-13
 1.5122558836e+01  3.7149050559e+05  9.8469404451e+00  3  3.2200000000e+01  2.4458800394e-13
-5.5171443981e-01  3.7320937690e+05  1.2589123510e+01  0  8.7600000000e+00  2.4571970259e-13
-4.9697578046e-03  3.7823827980e+05  3.2805775331e-03  1  1.2100000000e+01  2.4903071405e-13
 4.0554688735e+01  3.7906956646e+05 -2.3425192650e+01  1  1.2100000000e+01  2.4957803017e-13
 1.1263121091e+01  3.8014963518e+05 -1.8678419047e+01  0  8.7600000000e+00  2.5028914351e-13
 1.4785596490e+01  3.8060925460e+05  1.3556584669e+01  2  1.6800000000e+01  2.5059175528e-13
 2.3944311963e+02  3.8127404512e+05 -8.9714955224e+01  1  1.2100000000e+01  2.5102945095e-13
 1.2084968097e+01  3.8233220267e+05  1.0197509438e+01  0  8.7600000000e+00  2.5172613805e-13
 2.3678160259e+01  3.8279981564e+05  1.2245441812e+01  0  8.7600000000e+00  2.5203401273e-13
-1.0996285832e+01  3.8377777331e+05 -6.3709935727e+00  1  1.2100000000e+01  2.5267789652e-13
-8.9020938654e-01  3.8412254455e+05 -2.0220374973e+00  1  1.2100000000e+01  2.5290489266e-13
 3.4198943109e+01  3.8460873829e+05 -1.0316207839e-01  2  1.6800000000e+01  2.5322500086e-13
-9.2451469338e+00  3.8646824407e+05 -1.5022052254e+01  2  1.6800000000e+01  2.5444929273e-13
-3.3334015628e-03  3.8654014525e+05 -4.4800660012e-03  3  3.2200000000e+01  2.5449663221e-13
 6.8826143607e+00  3.9248998248e+05  1.1006089966e+01  2  1.6800000000e+01  2.5841398350e-13
 1.3307100594e+00  3.9351197388e+05 -1.7521575936e+00  2  1.6800000000e+01  2.5908685893e-13
 1.4637279096e+00  3.9458419023e+05 -1.2572965128e+00  0  8.7600000000e+00  2.5979280230e-13
-7.2875934724e+00  3.9469238917e+05 -3.1336705499e+01  2  1.6800000000e+01  2.5986404009e-13
 3.5307182830e-03  3.9558746731e+05  7.8218311341e-04  3  3.2200000000e+01  2.6045335629e-13
 1.9614901995e+00  3.9635151055e+05 -4.5951232518e+00  0  8.7600000000e+00  2.6095639960e-13
-5.9830548161e+01  3.9720061937e+05  1.1348831730e+02  3  3.2200000000e+01  2.6151544977e-13
 7.9005702239e+01  3.9863844548e+05  1.6095439765e+02  2  1.6800000000e+01  2.6246210928e-13
-5.2588983360e+00  3.9978364893e+05 -2.2207600247e+00  0  8.7600000000e+00  2.6321610708e-13
-3.8484129770e-03  4.0292068641e+05 -2.7690436005e-04  0  8.7600000000e+00  2.6528152120e-13
-3.1024990732e-01  4.0439940906e+05  1.1552758574e+00  2  1.6800000000e+01  2.6625510684e-13
-1.4942639677e+02  4.0594727143e+05 -1.5379611387e+02  0  8.7600000000e+00  2.6727421382e-13
 9.8308654318e+01  4.0638675872e+05  9.7510358393e+01  1  1.2100000000e+01  2.6756357066e-13
-9.4683293325e-02  4.0757884782e+05  1.7852862506e+00  1  1.2100000000e+01  2.6834843781e-13
-4.5758148412e-01  4.0767958611e+05 -8.0181193289e-01  0  8.7600000000e+00  2.6841476353e-13
-1.3891655081e+01  4.1343081942e+05 -1.2373260051e+01  0  8.7600000000e+00  2.7220135473e-13
-3.4961625995e-01  4.1415631414e+05 -1.0200140002e+00  2  1.6800000000e+01  2.7267901782e-13
-3.9315794357e-03  4.1587914206e+05  1.9444245598e-03  3  3.2200000000e+01  2.7381332149e-13
-5.6423407540e-05  4.1592103034e+05  1.6917894765e-03  2  1.6800000000e+01  2.7384090058e-13
-7.8362323007e+01  4.1786870150e+05  1.5329002770e+01  2  1.6800000000e+01  2.7512324022e-13
 5.7710505281e+00  4.1808597635e+05 -7.6127043831e+00  1  1.2100000000e+01  2.7526629319e-13
 7.1917191537e-01  4.1829240875e+05 -2.1756201867e+00  2  1.6800000000e+01  2.7540220754e-13
-2.2009599957e+01  4.2267756674e+05 -4.0844677338e+01  2  1.6800000000e+01  2.7828937968e-13
-9.8497673013e+00  4.2520513197e+05  9.7947783093e+00  3  3.2200000000e+01  2.7995351948e-13
 2.4512747733e+01  4.2786619727e+05 -1.3111871466e+01  2  1.6800000000e+01  2.8170555524e-13
 3.9057319234e-03  4.2882506226e+05  3.6364360566e-03  3  3.2200000000e+01  2.8233686848e-13
-6.0435400519e-02  4.2948190355e+05  1.7435264539e+00  0  8.7600000000e+00  2.8276933040e-13
-9.7919871281e+01  4.3014170696e+05 -7.5481157573e+01  0  8.7600000000e+00  2.8320374258e-13
-9.8395919948e+00  4.3341368448e+05 -5.8812230720e+00  1  1.2100000000e+01  2.8535800073e-13
-1.8073483658e+01  4.3405499398e+05 -3.8965371092e+01  2  1.6800000000e+01  2.8578023659e-13
-7.5637861332e+01  4.3407055523e+05  5.8634680402e+00  0  8.7600000000e+00  2.8579048206e-13
-1.7422362226e+01  4.3501647968e+05  2.2419625108e+01  3  3.2200000000e+01  2.8641327529e-13
 1.6084166061e+02  4.3544109029e+05  1.4993711485e+03  0  8.7600000000e+00  2.8669283738e-13
 1.3480051226e+01  4.3562278536e+05 -5.9220104576e+01  0  8.7600000000e+00  2.8681246476e-13
 3.8956802206e+01  4.3682438106e+05  2.9915362821e+01  1  1.2100000000e+01  2.8760359101e-13
 1.4658294242e+01  4.3827683262e+05 -5.6957819470e+01  1  1.2100000000e+01  2.8855987986e-13
 4.5501679239e-01  4.3980987862e+05 -4.1023691757e+00  2  1.6800000000e+01  2.8956923180e-13
 1.0450069844e+00  4.4101762282e+05 -4.8807268661e+00  1  1.2100000000e+01  2.9036440621e-13
 8.8447131436e-01  4.4159217643e+05 -5.5224018217e+01  1  1.2100000000e+01  2.9074269023e-13
 1.0067267218e+02  4.4163554618e+05  2.5423439775e+01  0  8.7600000000e+00  2.9077124471e-13
 2.1626348263e+00  4.4555797528e+05  9.0691519201e+00  0  8.7600000000e+00  2.9335375783e-13
 1.9057450685e+01  4.4670450791e+05 -5.2119850479e-01  0  8.7600000000e+00  2.9410863076e-13
-2.4191960168e-03  4.4730662313e+05  5.7254537268e-04  2  1.6800000000e+01  2.9450506125e-13
 2.7700786655e-03  4.4746257461e+05 -3.2878694489e-03  0  8.7600000000e+00  2.9460773913e-13
-1.2804308156e+01  4.4802222357e+05  1.6260905793e+01  0  8.7600000000e+00  2.9497620998e-13
 6.8666012559e+00  4.5139863670e+05 -2.6585346798e+00  2  1.6800000000e+01  2.9719922816e-13
-2.5253597565e+02  4.5148503683e+05 -6.1193099294e+02  1  1.2100000000e+01  2.9725611370e-13
 7.7817220976e-04  4.5472521056e+05 -1.2596706377e-03  3  3.2200000000e+01  2.9938943235e-13
-5.3767714197e+01  4.5708770301e+05  6.5639700991e+01  0  8.7600000000e+00  3.0094488882e-13
 1.1200937865e+00  4.5750824815e+05 -1.1261457625e+00  1  1.2100000000e+01  3.0122177422e-13
 4.3482781136e+01  4.5890488683e+05  1.8776919138e+01  2  1.6800000000e+01  3.0214131607e-13
 3.8557499249e+00  4.6051975721e+05 -2.2619814023e+00  3  3.2200000000e+01  3.0320454089e-13
 1.8909691337e+00  4.6123777185e+05  1.0896642898e+00  0  8.7600000000e+00  3.0367727912e-13
-1.4821111949e+02  4.6190395042e+05  3.3388370141e+02  1  1.2100000000e+01  3.0411588868e-13
-1.2844073010e-03  4.6307609639e+05  2.9664919749e-03  2  1.6800000000e+01  3.0488762535e-13
-4.9524496381e+01  4.6603884301e+05 -9.9651452480e-01  1  1.2100000000e+01  3.0683828700e-13
 2.9529557562e+00  4.6736733865e+05  5.8056180047e-01  3  3.2200000000e+01  3.0771296371e-13
-2.3855077963e+01  4.6745618566e+05  1.2201496699e+01  0  8.7600000000e+00  3.0777146027e-13
 8.6671570134e+00  4.6772810192e+05 -3.9954174803e+00  2  1.6800000000e+01  3.0795048894e-13
-4.1124999141e+02  4.6884339572e+05  1.3181090977e+02  0  8.7600000000e+00  3.0868479434e-13
 1.3737085307e+02  4.7066891671e+05  2.8305718290e+02  0  8.7600000000e+00  3.0988671075e-13
 5.3916368661e+00  4.7071099015e+05 -3.9961493350e+00  1  1.2100000000e+01  3.0991441176e-13
-9.7230162868e+00  4.7085264993e+05  1.9293328626e+02  1  1.2100000000e+01  3.1000768004e-13
-6.2262407027e+01  4.7226604177e+05 -7.8924911516e+01  0  8.7600000000e+00  3.1093825212e-13
 8.8451090547e-01  4.7637073198e+05 -2.8812127544e+00  0  8.7600000000e+00  3.1364076529e-13
 4.2188813341e+00  4.7693990519e+05 -3.5686751074e+01  0  8.7600000000e+00  3.1401550687e-13
 1.2703598037e+01  4.7855023579e+05 -1.5809870151e+00  2  1.6800000000e+01  3.1507574270e-13
-8.8058450199e+01  4.7907351401e+05 -8.3620956744e+01  3  3.2200000000e+01  3.1542026719e-13
 2.3458148604e+00  4.8049042731e+05  2.5356196383e+00  0  8.7600000000e+00  3.1635315778e-13
 1.6961468565e+01  4.8086574197e+05 -2.5091856242e-01  2  1.6800000000e+01  3.1660026359e-13
 1.5261214538e+00  4.8209177176e+05  6.3357939010e+00  0  8.7600000000e+00  3.1740747717e-13
-3.7973621726e-01  4.8216902350e+05 -1.0467450493e+01  1  1.2100000000e+01  3.1745833943e-13
-9.1265076450e+00  4.8623377389e+05  1.8269968172e+01  2  1.6800000000e+01  3.2013455637e-13
 2.5446995517e+00  4.9009983109e+05 -3.4498832144e+00  1  1.2100000000e+01  3.2267995444e-13
-2.8811893253e-01  4.9085650361e+05 -2.0033249361e+00  1  1.2100000000e+01  3.2317814488e-13
-1.5516406391e+00  4.9154342035e+05 -1.7809686879e+00  3  3.2200000000e+01  3.2363040838e-13
-2.6970656917e+01  4.9193179583e+05 -9.0680276876e+00  1  1.2100000000e+01  3.2388611339e-13
 9.2646639878e+00  4.9403075936e+05  4.3789728872e+00  3  3.2200000000e+01  3.2526806337e-13
 1.8499920283e+01  4.9438447168e+05  2.5990056683e+01  0  8.7600000000e+00  3.2550094629e-13
-5.1302131006e+00  4.9530623184e+05  1.6308396576e+00  2  1.6800000000e+01  3.2610782984e-13
 7.3300437795e+00  4.9677075523e+05 -3.9944280160e-02  2  1.6800000000e+01  3.2707206674e-13
 6.2336505941e-01  4.9885953433e+05 -1.1467652523e+02  1  1.2100000000e+01  3.2844731133e-13
 9.3258743582e+00  5.1014128447e+05 -1.5805329848e+01  0  8.7600000000e+00  3.3587517478e-13
-5.0532583512e+00  5.1016966205e+05 -5.0937976485e+00  0  8.7600000000e+00  3.3589385848e-13
-2.1693782821e-03  5.1040775102e+05 -7.4078751530e-04  1  1.2100000000e+01  3.3605061539e-13
-1.1096153535e+01  5.1258958594e+05 -7.9784006200e+00  2  1.6800000000e+01  3.3748712761e-13
-1.5209387223e-01  5.1294786630e+05 -3.8920875995e+01  0  8.7600000000e+00  3.3772301810e-13
-7.2558106944e-01  5.1393883292e+05  2.1101103745e+00  0  8.7600000000e+00  3.3837546693e-13
-1.3751355552e+01  5.1607963073e+05  1.6473894162e+01  3  3.2200000000e+01  3.3978496046e-13
 7.2313926817e+01  5.1923140365e+05 -1.1882968820e+02  1  1.2100000000e+01  3.4186007634e-13
 2.7658261528e+00  5.1942317525e+05  4.2158064576e+00  2  1.6800000000e+01  3.4198633807e-13
 2.8762950945e+00  5.1973165644e+05 -1.3798606382e-01  3  3.2200000000e+01  3.4218944097e-13
-1.1871926107e+02  5.2004082180e+05  1.0861898433e+02  0  8.7600000000e+00  3.4239299432e-13
 9.1527812117e+00  5.2207613516e+05 -5.8511736245e+00  2  1.6800000000e+01  3.4373303727e-13
-4.1576958048e-04  5.2284979358e+05  2.1606608793e-03  3  3.2200000000e+01  3.4424241117e-13
 5.5444966851e+00  5.2339479956e+05  1.0482928498e+00  0  8.7600000000e+00  3.4460124113e-13
-2.2788198438e+01  5.2459394247e+05  2.2334349152e+00  2  1.6800000000e+01  3.4539075249e-13
 2.9129657106e+01  5.2583331228e+05  6.9965124324e+01  0  8.7600000000e+00  3.4620674908e-13
-7.8096456798e+01  5.2654923864e+05 -1.4723552318e+02  1  1.2100000000e+01  3.4667811241e-13
-6.8727566462e-01  5.2852237070e+05  9.3283588910e-01  1  1.2100000000e+01  3.4797721541e-13
-1.2758044442e+02  5.2943811277e+05 -5.5125457202e+02  0  8.7600000000e+00  3.4858013667e-13
 2.0420236178e+00  5.2955472986e+05  1.2849963842e+01  1  1.2100000000e+01  3.4865691695e-13
-1.5125435411e+00  5.3010599723e+05  1.4750546963e+00  3  3.2200000000e+01  3.4901986939e-13
 2.2933030117e+00  5.3129566380e+05  1.1045666904e+00  2  1.6800000000e+01  3.4980314155e-13
 4.2273983216e-03  5.3131932196e+05 -1.1640880029e-04  0  8.7600000000e+00  3.4981871799e-13
 2.0536091081e+00  5.3188181521e+05  7.4110159276e+00  1  1.2100000000e+01  3.5018906151e-13
-1.4801042343e+00  5.3192231733e+05  1.6880091079e+00  1  1.2100000000e+01  3.5021572796e-13
 3.5172934451e-03  5.3300631922e+05 -4.8490686155e-03  2  1.6800000000e+01  3.5092943089e-13
-6.2099957656e-01  5.3316063835e+05  1.5253877832e+01  0  8.7600000000e+00  3.5103103404e-13
 3.5597957519e+01  5.3404466931e+05 -5.9681811433e+01  0  8.7600000000e+00  3.5161307683e-13
-1.5570356734e+00  5.3657198885e+05 -7.0699829038e-01  3  3.2200000000e+01  3.5327705486e-13
 1.7037790346e-03  5.3756809319e+05 -4.5857647339e-03  0  8.7600000000e+00  3.5393288635e-13
 9.6803673991e-02  5.3784421866e+05  5.6850079552e+00  3  3.2200000000e+01  3.5411468636e-13
 2.1286108151e+00  5.3856084362e+05  5.6872567134e-01  2  1.6800000000e+01  3.5458650964e-13
-8.6177385295e+01  5.3884201450e+05  7.6687718651e+01  2  1.6800000000e+01  3.5477163153e-13
 1.6774986594e+01  5.4003684905e+05 -4.0612821465e+01  1  1.2100000000e+01  3.5555830627e-13
 7.0133590032e+00  5.4021171536e+05 -3.5797325107e+01  0  8.7600000000e+00  3.5567343761e-13
 1.4290329975e+01  5.4110767563e+05 -1.4625863143e+01  3  3.2200000000e+01  3.5626333461e-13
-2.8566328434e-01  5.4180907215e+05 -6.6372418535e+00  1  1.2100000000e+01  3.5672513154e-13
-2.0993111411e+01  5.4237560028e+05 -7.2640758063e-01  1  1.2100000000e+01  3.5709813161e-13
-1.3314641362e+01  5.4303563523e+05  1.2091854320e+01  2  1.6800000000e+01  3.5753269623e-13
 9.8553042445e-01  5.4328514644e+05 -3.1001160977e+00  0  8.7600000000e+00  3.5769697351e-13
 5.6488954319e-01  5.4361166902e+05 -5.8197715007e-01  1  1.2100000000e+01  3.5791195480e-13
 2.3329111289e+01  5.4577472482e+05  2.0830377492e+01  1  1.2100000000e+01  3.5933610291e-13
 1.8422051342e+02  5.4578169272e+05  3.5320070768e+01  1  1.2100000000e+01  3.5934069054e-13
-4.6628464701e+00  5.4727522453e+05 -4.6221016887e+00  0  8.7600000000e+00  3.6032402648e-13
-2.9478823477e-03  5.4865169894e+05  4.9413819378e-03  1  1.2100000000e+01  3.6123029225e-13
 1.2865835953e+00  5.5050829679e+05  7.8156182226e-01  0  8.7600000000e+00  3.6245266955e-13
 2.6841868009e+01  5.5604645673e+05 -3.7006163517e+00  1  1.2100000000e+01  3.6609897401e-13
 2.6782447733e-01  5.5793372749e+05  3.5770924289e+00  1  1.2100000000e+01  3.6734154624e-13
 6.2255937114e+01  5.5810496899e+05 -4.3554364625e+01  0  8.7600000000e+00  3.6745429103e-13
 1.1454670694e+01  5.5950186934e+05  4.1758569101e+00  2  1.6800000000e+01  3.6837400516e-13
-2.4998987171e+02  5.6088031531e+05 -4.6404178902e+01  0  8.7600000000e+00  3.6928156899e-13
-7.7051482426e+00  5.6317451835e+05 -8.6898900587e+00  0  8.7600000000e+00  3.7079206397e-13
-1.8692691681e+00  5.6343363516e+05 -4.9750794514e+00  2  1.6800000000e+01  3.7096266554e-13
 5.9973112290e+02  5.6403084652e+05 -1.2090189623e+02  1  1.2100000000e+01  3.7135586734e-13
 3.2784642436e+00  5.6531782832e+05 -2.0676630734e+00  1  1.2100000000e+01  3.7220321150e-13
-1.3659067030e+01  5.6571603622e+05 -5.3743114307e+00  1  1.2100000000e+01  3.7246539013e-13
 3.6641798757e+00  5.6572577712e+05 -7.6514103510e-02  0  8.7600000000e+00  3.7247180351e-13
 1.0388175480e+02  5.6577334048e+05 -2.6460842855e+02  0  8.7600000000e+00  3.7250311905e-13
 1.3349164676e+01  5.6657437198e+05  9.4492747081e+00  1  1.2100000000e+01  3.7303051529e-13
-1.9377144761e-04  5.6713255094e+05  3.2832800030e-03  1  1.2100000000e+01  3.7339801829e-13
 2.0870106980e-03  5.6936503117e+05 -3.6111992545e-03  3  3.2200000000e+01  3.7486787520e-13
-8.2623889693e+00  5.7016211680e+05  2.9869530467e+00  1  1.2100000000e+01  3.7539267349e-13
 1.9590569145e+00  5.7088126763e+05  3.1074801215e+00  3  3.2200000000e+01  3.7586615979e-13
-5.7253219217e-01  5.7119978123e+05  1.2315248247e+00  1  1.2100000000e+01  3.7607586800e-13
-3.4258696197e-03  5.7271401709e+05  1.4093021706e-03  2  1.6800000000e+01  3.7707283540e-13
-1.0886379992e+00  5.7338542996e+05  1.4750226125e+00  0  8.7600000000e+00  3.7751489121e-13
 9.1773806588e+00  5.7443463137e+05 -1.2614571654e+01  1  1.2100000000e+01  3.7820568161e-13
 1.7271689084e+02  5.7528285810e+05 -2.7699436558e+02  0  8.7600000000e+00  3.7876415103e-13
-2.7225762828e+02  5.7622776546e+05  1.7348810321e+02  1  1.2100000000e+01  3.7938627461e-13
-9.0238941231e+00  5.7740700086e+05  1.6257774208e+00  0  8.7600000000e+00  3.8016267893e-13
 2.8583563944e+00  5.7791399244e+05  8.7580193567e+00  0  8.7600000000e+00  3.8049648035e-13
-1.9644977673e+01  5.7824008184e+05 -9.8771575365e+00  2  1.6800000000e+01  3.8071117643e-13
 6.1420183348e+00  5.7940884146e+05  1.5769144060e+01  0  8.7600000000e+00  3.8148068353e-13
-4.0395707564e+00  5.7991286388e+05 -2.1103115760e+00  3  3.2200000000e+01  3.8181253007e-13
 3.5342846286e+01  5.7997042736e+05  4.0022052967e+01  0  8.7600000000e+00  3.8185042965e-13
-4.3179380457e+01  5.8105070750e+05  9.6320850221e+01  3  3.2200000000e+01  3.8256168219e-13
 1.5285104867e+00  5.8307137432e+05 -3.2526984668e+01  0  8.7600000000e+00  3.8389208191e-13
-2.2073083185e+01  5.8361704576e+05 -2.1226725302e+01  3  3.2200000000e+01  3.8425135001e-13
 2.4067248457e+00  5.8492725784e+05  1.8789709918e+00  2  1.6800000000e+01  3.8511398890e-13
 2.0795084595e+01  5.8570673824e+05 -1.3661276236e+01  1  1.2100000000e+01  3.8562719597e-13
 5.2325218628e+01  5.8601106734e+05 -9.4973935308e+01  0  8.7600000000e+00  3.8582756515e-13
 5.4305438465e+00  5.8641379508e+05 -9.3247064939e+00  2  1.6800000000e+01  3.8609271963e-13
-6.5753464672e-01  5.8722056704e+05 -5.7323670319e-01  0  8.7600000000e+00  3.8662389537e-13
 4.5312549453e+01  5.8873934032e+05  1.0761841228e+02  0  8.7600000000e+00  3.8762385020e-13
 6.7561271448e+01  5.8950305184e+05  5.9351492373e+01  2  1.6800000000e+01  3.8812667510e-13
-4.5048864081e+01  5.9084763761e+05  4.3920361365e+01  2  1.6800000000e+01  3.8901194550e-13
-3.0768605665e+00  5.9199869813e+05 -3.6062484151e+00  0  8.7600000000e+00  3.8976979958e-13
-3.2540238379e+00  5.9320931335e+05  1.8601990674e+01  0  8.7600000000e+00  3.9056686426e-13
 2.0090162436e+01  5.9434866241e+05  2.9367672100e+01  1  1.2100000000e+01  3.9131700756e-13
-3.9049243427e+00  5.9465661431e+05  3.9159845383e+00  1  1.2100000000e+01  3.9151976197e-13
-1.4926757278e+01  5.9602277579e+05 -1.5358787957e+01  0  8.7600000000e+00  3.9241923775e-13
 1.2093013998e+01  5.9733439424e+05  7.9994555373e+00  1  1.2100000000e+01  3.9328280258e-13
 7.1740635109e-01  5.9921536323e+05  1.4886891595e+00  0  8.7600000000e+00  3.9452122575e-13
-6.6287394974e+01  6.0232397596e+05 -2.3513322530e+01  1  1.2100000000e+01  3.9656792512e-13
 2.4402087173e+01  6.0300373382e+05 -1.0960094555e+01  0  8.7600000000e+00  3.9701547524e-13
 1.2062961768e+00  6.0318661176e+05  1.5608299049e+00  0  8.7600000000e+00  3.9713588141e-13
 1.4416440936e+01  6.0357619043e+05 -3.2934294049e+01  2  1.6800000000e+01  3.9739237860e-13
-9.5546302740e+00  6.0552661536e+05 -2.5066044529e+00  0  8.7600000000e+00  3.9867653131e-13
 2.4915528687e+00  6.0593458313e+05  1.3559250536e+01  0  8.7600000000e+00  3.9894513581e-13
-2.2768818178e+00  6.0636023013e+05  2.5007559873e+01  1  1.2100000000e+01  3.9922538026e-13
-1.0243781777e+01  6.0741847027e+05  8.2738001932e+00  2  1.6800000000e+01  3.9992212174e-13
-1.1941283449e+01  6.0772751437e+05  1.5799524076e+01  3  3.2200000000e+01  4.0012559525e-13
 4.6375147528e+00  6.0888366967e+05  3.3918064267e+00  0  8.7600000000e+00  4.0088680372e-13
 4.8931476120e+00  6.1030839401e+05  1.8229899052e+00  2  1.6800000000e+01  4.0182483706e-13
-7.0575707321e-01  6.1613567808e+05 -3.1636784505e-01  0  8.7600000000e+00  4.0566149980e-13
-2.1617732997e+01  6.1738042014e+05  3.6646633995e+01  0  8.7600000000e+00  4.0648103346e-13
-3.8584190788e-03  6.1937044992e+05  1.5505425756e-03  3  3.2200000000e+01  4.0779126187e-13
-1.7634689378e+01  6.2023034348e+05  1.5528528268e+01  1  1.2100000000e+01  4.0835741267e-13
 2.6678396731e+00  6.2039479848e+05 -1.4341572294e+01  2  1.6800000000e+01  4.0846568925e-13
-1.5409146448e+00  6.2090317076e+05  3.4495160940e+00  0  8.7600000000e+00  4.0880039972e-13
-5.2199821643e+00  6.2171100435e+05  1.3684536384e+00  0  8.7600000000e+00  4.0933227442e-13
-1.3172485766e+00  6.2205348341e+05  5.6630556693e+00  0  8.7600000000e+00  4.0955776140e-13
 7.8692717817e+00  6.2259690063e+05 -5.9390073573e+00  2  1.6800000000e+01  4.0991554533e-13
 1.5211264489e+00  6.2543633559e+05 -1.3952979075e+00  1  1.2100000000e+01  4.1178501903e-13
-3.1908192094e+00  6.2628463997e+05  4.6751748490e-01  0  8.7600000000e+00  4.1234353956e-13
-1.3159568211e+02  6.2685157742e+05 -1.0616773689e+02  2  1.6800000000e+01  4.1271680913e-13
 1.7754196500e+01  6.2745244051e+05  2.2251104257e+01  1  1.2100000000e+01  4.1311241521e-13
 1.1728034872e+01  6.2750233141e+05 -1.3482143734e+01  0  8.7600000000e+00  4.1314526320e-13
-1.2463511338e+02  6.2846952206e+05  6.3300124980e+01  1  1.2100000000e+01  4.1378205802e-13
 7.1044850927e-01  6.2975130363e+05 -8.6757616145e+00  1  1.2100000000e+01  4.1462597837e-13
-5.3874228538e-01  6.3222729008e+05  9.9771475635e-01  0  8.7600000000e+00  4.1625615888e-13
 8.3826989345e+00  6.3470239382e+05 -1.3176655958e+01  1  1.2100000000e+01  4.1788575822e-13
-1.9327983274e+00  6.3525537512e+05  1.5760871062e+01  0  8.7600000000e+00  4.1824983910e-13
 2.5601578181e+02  6.3572813196e+05 -9.4499198494e+01  0  8.7600000000e+00  4.1856110050e-13
-3.0932503301e-05  6.3597464995e+05  1.1741701752e-04  0  8.7600000000e+00  4.1872340705e-13
 1.6706650313e+00  6.3735267601e+05 -3.4778991085e+00  0  8.7600000000e+00  4.1963069442e-13
 2.6989892324e+01  6.4010143462e+05  3.9736331286e+01  0  8.7600000000e+00  4.2144046713e-13
 3.4278134296e-03  6.4238405666e+05  1.2603110290e-03  1  1.2100000000e+01  4.2294333722e-13
 2.0474650976e-03  6.4267550301e+05  1.7458961516e-03  2  1.6800000000e+01  4.2313522445e-13
-5.5027920974e+00  6.4274195417e+05  1.4532645441e+01  0  8.7600000000e+00  4.2317897565e-13
 1.0917481200e+02  6.4366582549e+05  1.3580334867e+02  1  1.2100000000e+01  4.2378724918e-13
-8.3280843488e+00  6.4429384096e+05 -9.6078772320e+00  0  8.7600000000e+00  4.2420073229e-13
-5.7560234033e-01  6.4525359731e+05  5.0289251081e-01  0  8.7600000000e+00  4.2483263240e-13
-1.5680996456e-01  6.4555267735e+05  3.2566249395e+00  1  1.2100000000e+01  4.2502954562e-13
 1.2504039803e+00  6.4604773239e+05  1.7871866583e+01  1  1.2100000000e+01  4.2535548806e-13
-7.0183893803e+00  6.4727493442e+05  3.6316195008e+00  1  1.2100000000e+01  4.2616347343e-13
-4.6215015826e+01  6.4897653929e+05 -5.2221693338e+00  2  1.6800000000e+01  4.2728380392e-13
-2.3553244522e+00  6.4913119562e+05  9.0890320304e+00  0  8.7600000000e+00  4.2738562909e-13
-2.9442583142e+00  6.5218531602e+05  3.4646573508e+00  1  1.2100000000e+01  4.2939645090e-13
 8.5783977357e+01  6.5546437734e+05 -5.4226695600e+01  0  8.7600000000e+00  4.3155537300e-13
-3.9272334160e+01  6.5558389701e+05  2.0144672210e+01  0  8.7600000000e+00  4.3163406432e-13
 3.4188848079e+00  6.5607118299e+05  8.2154661066e-01  0  8.7600000000e+00  4.3195489164e-13
-1.7147059159e+00  6.5751983732e+05  2.2912488143e-01  0  8.7600000000e+00  4.3290868041e-13
 1.4704488350e+02  6.5764310968e+05  2.0022783679e+01  0  8.7600000000e+00  4.3298984248e-13
 5.0492429711e+00  6.5766695547e+05  2.2909516316e+01  0  8.7600000000e+00  4.3300554247e-13
 3.2766205577e-03  6.5820143118e+05  1.6171260046e-04  2  1.6800000000e+01  4.3335743934e-13
-1.9816709642e+02  6.5931290247e+05 -2.0827558993e+02  1  1.2100000000e+01  4.3408922802e-13
 1.9024947883e+01  6.6037875042e+05  2.2983664285e+01  1  1.2100000000e+01  4.3479097844e-13
-2.0963240820e-03  6.6091835865e+05 -2.9188468996e-03  2  1.6800000000e+01  4.3514625455e-13
 3.1441197138e+01  6.6229569241e+05 -1.2992964354e+01  2  1.6800000000e+01  4.3605308611e-13
 2.9401583262e-03  6.6364852575e+05 -4.7590123814e-03  0  8.7600000000e+00  4.3694378668e-13
 4.5080339697e+00  6.6389796645e+05  6.9042169730e+00  0  8.7600000000e+00  4.3710801754e-13
 4.3634734302e+01  6.6435370394e+05  7.2130112707e+01  1  1.2100000000e+01  4.3740807345e-13
-2.7824768999e+00  6.6638774478e+05  2.5322293786e+00  1  1.2100000000e+01  4.3874727858e-13
 1.9115944434e+01  6.6660134230e+05  2.7567012856e+01  0  8.7600000000e+00  4.3888791041e-13
 1.7259060787e+02  6.6987324682e+05  2.4078486819e+01  1  1.2100000000e+01  4.4104212050e-13
 5.3604750403e+00  6.7108184392e+05  1.1183542992e-01  0  8.7600000000e+00  4.4183785646e-13
 9.8896630482e+00  6.7116204461e+05  3.2700844162e+00  2  1.6800000000e+01  4.4189066030e-13
 2.9853576955e+00  6.7186583077e+05 -1.0697627017e+01  1  1.2100000000e+01  4.4235403056e-13
-5.2241728117e+00  6.7211553017e+05  1.6899493012e+01  2  1.6800000000e+01  4.4251843175e-13
 7.9737954267e+01  6.7294436001e+05  3.4657127646e+01  2  1.6800000000e+01  4.4306413031e-13
-2.0905456982e-01  6.7472064273e+05  5.3920612774e-02  0  8.7600000000e+00  4.4423362842e-13
-4.7210947609e-03  6.7531290410e+05  2.5603533199e-03  3  3.2200000000e+01  4.4462357116e-13
 1.4644658848e+00  6.7588284557e+05 -4.2931744363e+00  2  1.6800000000e+01  4.4499881856e-13
-3.1734669492e+01  6.7752909846e+05 -1.1771066750e+01  0  8.7600000000e+00  4.4608270551e-13
 1.8582473448e-03  6.7825042770e+05  1.5631237470e-03  3  3.2200000000e+01  4.4655762607e-13
 1.4208164562e-03  6.7970587109e+05 -3.3782125699e-04  3  3.2200000000e+01  4.4751588472e-13
-2.0770530487e+00  6.8141917287e+05 -2.0416169207e+01  2  1.6800000000e+01  4.4864391641e-13
 2.2381337300e-03  6.8220272294e+05 -3.6863996874e-03  0  8.7600000000e+00  4.4915980294e-13
 2.9846364319e+00  6.8394016116e+05 -4.2446986520e+00  2  1.6800000000e+01  4.5030372597e-13
 2.6804538479e-03  6.8514945939e+05  3.8782241074e-04  3  3.2200000000e+01  4.5109992355e-13
 1.9897736725e+02  6.8598614889e+05 -2.2382320338e+01  0  8.7600000000e+00  4.5165079689e-13
-3.7443290678e+00  6.8607434028e+05 -1.4400501842e+01  0  8.7600000000e+00  4.5170886178e-13
 2.5278670759e+00  6.8708772083e+05  3.2391379009e+00  0  8.7600000000e+00  4.5237606787e-13
 5.8985199238e+01  6.8767718807e+05 -1.8854756747e+02  0  8.7600000000e+00  4.5276417096e-13
-1.8687427262e-03  6.8860537293e+05  2.0410004803e-03  3  3.2200000000e+01  4.5337528452e-13
 1.2312445633e+00  6.8902987267e+05 -6.0393259669e-01  0  8.7600000000e+00  4.5365477361e-13
-1.4135308419e+00  6.8930420922e+05  9.1895626317e+00  0  8.7600000000e+00  4.5383539580e-13
 4.9871583053e+00  6.9024709409e+05 -1.2601864434e+01  2  1.6800000000e+01  4.5445618778e-13
-4.5910554495e+00  6.9084708536e+05 -1.2436723212e+00  1  1.2100000000e+01  4.5485121986e-13
 1.5421304918e+00  6.9223489388e+05  1.9219163806e+00  0  8.7600000000e+00  4.5576494797e-13
 3.0950726886e-03  6.9234360540e+05 -1.1133230506e-03  2  1.6800000000e+01  4.5583652324e-13
-4.0764016755e+01  6.9442485426e+05 -6.6778986083e+01  2  1.6800000000e+01  4.5720680995e-13
 6.8678612144e+00  6.9495725793e+05 -1.9758842488e+01  0  8.7600000000e+00  4.5755734260e-13
-1.6205114995e-03  6.9632063820e+05  4.0632275255e-03  0  8.7600000000e+00  4.5845498724e-13
-3.8250953147e-01  6.9647054373e+05  1.3814613077e+00  0  8.7600000000e+00  4.5855368450e-13
-1.1668737902e+01  6.9717333443e+05  9.6517270268e+00  0  8.7600000000e+00  4.5901639935e-13
 6.6502067524e-04  6.9767241553e+05 -2.9975112006e-03  2  1.6800000000e+01  4.5934499254e-13
-2.3215731729e+00  7.0122243769e+05  3.8328593308e+00  2  1.6800000000e+01  4.6168231428e-13
 1.8562117562e+01  7.0149408821e+05  3.2963763998e+01  0  8.7600000000e+00  4.6186116800e-13
-1.2162935800e+01  7.0151413852e+05  2.6396242368e+01  0  8.7600000000e+00  4.6187436904e-13
 5.0672823078e+01  7.0153586544e+05  4.3507086963e+01  3  3.2200000000e+01  4.6188867397e-13
 8.2925142060e-04  7.0390838970e+05 -2.7713738977e-03  3  3.2200000000e+01  4.6345073536e-13
 2.7467800060e+00  7.0391671871e+05 -1.5784823657e+00  0  8.7600000000e+00  4.6345621915e-13
-8.4031094696e+00  7.0451734362e+05  1.8368548574e+00  2  1.6800000000e+01  4.6385166841e-13
-8.5772924030e+00  7.0487630552e+05  2.0912748109e+00  0  8.7600000000e+00  4.6408800763e-13
-2.9244363026e+01  7.0944663494e+05  1.1869125889e+01  0  8.7600000000e+00  4.6709709597e-13
 1.3438423852e+01  7.0974675465e+05 -1.9895988462e+01  0  8.7600000000e+00  4.6729469370e-13
-3.8892231625e+01  7.1002043256e+05 -2.6251322256e+01  3  3.2200000000e+01  4.6747488225e-13
 8.2014030809e+00  7.1034546037e+05  3.4028547701e+01  3  3.2200000000e+01  4.6768887938e-13
 9.9838375507e+01  7.1096932801e+05  9.0644641970e+01  3  3.2200000000e+01  4.6809963157e-13
 1.5189016175e-03  7.1328898775e+05 -1.8205145452e-03  0  8.7600000000e+00  4.6962688715e-13
 1.2865514708e+02  7.1367495568e+05 -4.2798063032e+01  1  1.2100000000e+01  4.6988100704e-13
-4.9951128355e+00  7.1411694019e+05 -8.4717120421e-01  0  8.7600000000e+00  4.7017200804e-13
-1.1882398841e+01  7.1648704680e+05 -1.8061061174e+01  1  1.2100000000e+01  4.7173247765e-13
 3.1709397614e+00  7.1742133613e+05  4.5715273912e+00  0  8.7600000000e+00  4.7234761036e-13
 1.5783577001e+01  7.1858000579e+05  1.7821281346e+01  0  8.7600000000e+00  4.7311047427e-13
-4.0955416138e+00  7.2130581912e+05 -6.4083808587e+00  2  1.6800000000e+01  4.7490513990e-13
-1.7274967316e+00  7.2238787651e+05  1.0294609276e+00  2  1.6800000000e+01  4.7561756257e-13
 1.6987983226e+01  7.2248906652e+05  1.8147555017e+00  0  8.7600000000e+00  4.7568418570e-13
 9.1135248581e-02  7.2300697744e+05  5.2396073232e+00  0  8.7600000000e+00  4.7602517638e-13
 7.3745830890e+01  7.2356028908e+05  3.9085965203e+02  3  3.2200000000e+01  4.7638947476e-13
 1.6169399001e+01  7.2836943264e+05  1.4223966282e+00  0  8.7600000000e+00  4.7955579747e-13
-2.1638128302e+00  7.2885298862e+05 -3.6211788851e+01  0  8.7600000000e+00  4.7987416897e-13
 3.6282562356e+00  7.3183224560e+05 -3.9659750619e+00  3  3.2200000000e+01  4.8183570098e-13
 2.6858095179e+01  7.3252833960e+05  1.2343233089e+01  0  8.7600000000e+00  4.8229400675e-13
 5.8755535654e-01  7.3263421085e+05  5.5595603182e-01  1  1.2100000000e+01  4.8236371200e-13
 1.7893550117e+01  7.3633328838e+05 -1.2828503264e+02  1  1.2100000000e+01  4.8479917126e-13
 3.4991771536e-01  7.3697399801e+05 -1.8893701449e+01  0  8.7600000000e+00  4.8522101216e-13
-7.8850310882e+00  7.3819128520e+05  6.4323023790e+00  0  8.7600000000e+00  4.8602246964e-13
 2.6120383747e-03  7.3987021060e+05  5.2896354605e-04  2  1.6800000000e+01  4.8712786804e-13
-5.0942338755e+00  7.4012557196e+05 -9.7075156789e-01  1  1.2100000000e+01  4.8729599703e-13
 5.3808423461e-01  7.4039587163e+05  3.0958100115e+00  3  3.2200000000e+01  4.8747396136e-13
-2.6265838544e+00  7.4066502722e+05 -3.8928062453e+01  0  8.7600000000e+00  4.8765117242e-13
 2.9031845056e-04  7.4248870564e+05 -6.1780143791e-04  0  8.7600000000e+00  4.8885187569e-13
-6.7314817830e+00  7.4316887783e+05  3.4890230531e+00  1  1.2100000000e+01  4.8929969860e-13
-1.5173210135e+01  7.4542526132e+05 -4.1619169048e+01  0  8.7600000000e+00  4.9078529332e-13
-3.6608860572e+00  7.4689643141e+05  9.3454751664e+00  0  8.7600000000e+00  4.9175390638e-13
-1.5647557739e+01  7.4693086249e+05 -4.8528007048e+00  0  8.7600000000e+00  4.9177657568e-13
-1.6822039844e+01  7.4977204673e+05 -2.1486698499e+01  1  1.2100000000e+01  4.9364720110e-13
 1.2869242672e+01  7.5195418831e+05 -9.5748464365e+00  1  1.2100000000e+01  4.9508391522e-13
-1.1794674754e+01  7.5412611149e+05  1.0740507539e+01  1  1.2100000000e+01  4.9651390157e-13
 5.0085514394e+01  7.5480257275e+05  6.3584350304e+01  1  1.2100000000e+01  4.9695928122e-13
-5.6267931642e+00  7.5485849910e+05  4.2274719413e+01  2  1.6800000000e+01  4.9699610292e-13
-3.3887669157e-03  7.5513811904e+05  4.9944475200e-03  2  1.6800000000e+01  4.9718020368e-13
-6.7885062607e+01  7.5704946486e+05  4.9452179917e+00  1  1.2100000000e+01  4.9843862685e-13
-6.4326246425e+01  7.5969486860e+05 -2.6158048591e+01  1  1.2100000000e+01  5.0018035110e-13
-1.5663463004e+01  7.5995436478e+05  6.8537311327e+00  2  1.6800000000e+01  5.0035120244e-13
 2.0888792670e+01  7.6140255287e+05  1.1439801371e+01  0  8.7600000000e+00  5.0130468424e-13
-5.9290846309e+01  7.6141157816e+05 -1.2865914486e+02  0  8.7600000000e+00  5.0131062645e-13
-7.5915779572e+01  7.6211003146e+05  2.3309721292e+02  0  8.7600000000e+00  5.0177048558e-13
-9.4905223962e+01  7.6318218382e+05  1.9133232994e+01  0  8.7600000000e+00  5.0247638681e-13
 2.7132578888e+00  7.6430339388e+05  1.7973103203e+00  2  1.6800000000e+01  5.0321458745e-13
 9.0982351277e-01  7.6660538358e+05 -6.6382394450e-01  1  1.2100000000e+01  5.0473020914e-13
-5.9346365933e+00  7.6678703646e+05 -1.0411025225e+01  2  1.6800000000e+01  5.0484980874e-13
 1.6794686423e-03  7.6725251197e+05 -3.1705287742e-03  4  4.0000000000e+01  5.0515627612e-13
-4.0522227224e+01  7.6786313229e+05 -6.6004689033e+01  0  8.7600000000e+00  5.0555830634e-13
 2.9228915311e-03  7.6859488065e+05 -4.9620367400e-03  4  4.0000000000e+01  5.0604008680e-13
 1.9735185996e+01  7.7126825835e+05  1.0222356222e+01  0  8.7600000000e+00  5.0780022901e-13
 2.2530018480e+01  7.7150599455e+05  1.9862403773e+00  3  3.2200000000e+01  5.0795675366e-13
 7.1687763929e+00  7.7181874515e+05  1.1977295420e+00  1  1.2100000000e+01  5.0816266752e-13
 2.3434095746e+00  7.7706639183e+05  1.1901744703e+01  1  1.2100000000e+01  5.1161769909e-13
-5.3279045805e+00  7.7881674421e+05 -6.3778955704e+00  1  1.2100000000e+01  5.1277012477e-13
 4.6919162659e+00  7.8035671647e+05  9.8853653732e+00  2  1.6800000000e+01  5.1378403693e-13
 4.4743132517e+01  7.8045170806e+05 -1.0257064512e+02  2  1.6800000000e+01  5.1384657904e-13
 3.0485105319e-03  7.8069236582e+05 -3.6834900634e-03  3  3.2200000000e+01  5.1400502724e-13
 1.9144025812e+02  7.8074157500e+05  1.9326226783e+01  0  8.7600000000e+00  5.1403742639e-13
 1.0077651787e+02  7.8086467232e+05  4.0209156882e+01  2  1.6800000000e+01  5.1411847322e-13
-3.4607477847e+01  7.8272426364e+05  8.1255291796e+00  1  1.2100000000e+01  5.1534282141e-13
 1.3456138908e+01  7.8297279838e+05 -1.7248153724e+01  0  8.7600000000e+00  5.1550645578e-13
 5.3585471460e+00  7.8300687813e+05  8.8720467114e+00  0  8.7600000000e+00  5.1552889377e-13
 2.7627239936e+00  7.8383579182e+05  6.7579341590e+00  0  8.7600000000e+00  5.1607464754e-13
-2.2583471675e+00  7.8478364394e+05  8.5096527416e+00  1  1.2100000000e+01  5.1669870994e-13
-2.2905627148e+01  7.8512336549e+05  4.0652839718e+01  2  1.6800000000e+01  5.1692238138e-13
-2.4154867490e-01  7.8534084104e+05  1.8221911736e+00  2  1.6800000000e+01  5.1706556650e-13
-8.5884202098e+00  7.8566096331e+05 -8.0216762971e+00  1  1.2100000000e+01  5.1727633384e-13
 1.9782631604e+00  7.8727541214e+05  9.9451170363e+00  0  8.7600000000e+00  5.1833928111e-13
 4.2082084183e+00  7.8733678817e+05  6.1619361566e-01  0  8.7600000000e+00  5.1837969086e-13
 3.2442340765e+01  7.8736327394e+05 -3.0702074116e+01  3  3.2200000000e+01  5.1839712900e-13
 5.0629059589e+00  7.8766798473e+05  1.9424784672e+01  0  8.7600000000e+00  5.1859774948e-13
 2.1619980299e+01  7.8769264634e+05 -2.3412049528e+00  1  1.2100000000e+01  5.1861398659e-13
 2.8191792058e+01  7.8787866613e+05  1.8012416945e+02  0  8.7600000000e+00  5.1873646135e-13
 2.0290253621e+00  7.8977886939e+05 -7.6855633381e+00  1  1.2100000000e+01  5.1998754830e-13
 1.4338291553e+01  7.8988960325e+05 -2.8258699057e+00  2  1.6800000000e+01  5.2006045507e-13
 1.5566582888e+02  7.8998233037e+05  1.1028263519e+02  0  8.7600000000e+00  5.2012150627e-13
-3.2428603284e+01  7.9064738513e+05  8.0521133020e+00  0  8.7600000000e+00  5.2055937591e-13
-9.1299709809e+00  7.9107159767e+05  4.9256144737e+00  1  1.2100000000e+01  5.2083867592e-13
 1.5332635093e+01  7.9398686218e+05  1.9456119413e+02  2  1.6800000000e+01  5.2275807551e-13
 2.0225892128e+01  7.9433238364e+05 -4.4346998180e+01  1  1.2100000000e+01  5.2298556559e-13
-2.5068908019e+01  7.9477723021e+05 -3.0813193711e+00  2  1.6800000000e+01  5.2327845097e-13
 1.5825047375e-03  7.9521495059e+05 -2.8428774736e-03  3  3.2200000000e+01  5.2356664448e-13
-2.4169894645e-04  7.9537718548e+05 -2.2341929969e-03  0  8.7600000000e+00  5.2367345934e-13
-2.2756468316e+01  7.9639646012e+05  9.0907571940e+00  0  8.7600000000e+00  5.2434454608e-13
 2.4474515218e+00  7.9688728500e+05 -1.1631941971e+02  0  8.7600000000e+00  5.2466770340e-13
-8.1698235628e-05  7.9731929830e+05 -3.1022462007e-03  3  3.2200000000e+01  5.2495213939e-13
 4.9324898534e-01  7.9772195544e+05  6.5531254504e-01  1  1.2100000000e+01  5.2521724740e-13
 5.4810460915e-04  8.0017175565e+05  1.9941660236e-03  1  1.2100000000e+01  5.2683018699e-13
 1.0769301253e+01  8.0304601443e+05  7.5923174886e+01  0  8.7600000000e+00  5.2872258856e-13
-4.0516420123e-03  8.0326123838e+05  4.0526985885e-03  2  1.6800000000e+01  5.2886429123e-13
-1.3347196355e+00  8.0356505929e+05 -2.9342181371e+00  1  1.2100000000e+01  5.2906432581e-13
 3.0929624889e+00  8.0402204432e+05  8.0060923952e+00  0  8.7600000000e+00  5.2936520310e-13
-8.5921110190e+00  8.0500086349e+05  5.9837933357e+00  1  1.2100000000e+01  5.3000965411e-13
 3.8096132664e+00  8.0562605128e+05 -3.5225309165e+00  3  3.2200000000e+01  5.3042127548e-13
 2.5416581004e+01  8.0668124312e+05  2.3774890000e+01  1  1.2100000000e+01  5.3111600997e-13
 2.1696118876e-01  8.0682224022e+05  5.0306732845e-01  0  8.7600000000e+00  5.3120884195e-13
 2.3501425463e+02  8.0704178227e+05 -2.5326534510e+02  0  8.7600000000e+00  5.3135338764e-13
 3.9786060172e+00  8.0768697226e+05  1.0089743369e+01  0  8.7600000000e+00  5.3177817839e-13
-2.1824587548e+02  8.0927251940e+05 -5.1932031153e+01  2  1.6800000000e+01  5.3282209689e-13
 3.7051767338e-03  8.1091857138e+05  2.9053643476e-03  3  3.2200000000e+01  5.3390585155e-13
 3.8848848050e+02  8.1175457667e+05  2.1727666936e+02  0  8.7600000000e+00  5.3445627441e-13
-7.0408418859e+00  8.1245792630e+05 -5.7115522950e+00  0  8.7600000000e+00  5.3491935726e-13
-1.0302333456e+01  8.1318002845e+05 -7.3654385575e+00  1  1.2100000000e+01  5.3539478670e-13
 1.3719865348e+00  8.1326010250e+05  6.4420073288e-01  2  1.6800000000e+01  5.3544750717e-13
 3.8246147502e+01  8.1770009925e+05 -4.4938505537e+01  0  8.7600000000e+00  5.3837078495e-13
-1.2759122612e-01  8.1802749559e+05 -7.0171537514e+00  2  1.6800000000e+01  5.3858634151e-13
 4.5858973891e-04  8.2005033184e+05 -2.4822580710e-03  1  1.2100000000e+01  5.3991816958e-13
 7.6123809730e-01  8.2351157245e+05 -1.9884312307e+00  3  3.2200000000e+01  5.4219703787e-13
 2.3679332940e+00  8.2529234387e+05 -1.2270923755e+01  2  1.6800000000e+01  5.4336949132e-13
-2.7842849682e+02  8.2550202080e+05 -1.3588133717e+02  1  1.2100000000e+01  5.4350754185e-13
-3.9436124961e+01  8.2581258148e+05  1.0930776687e+01  2  1.6800000000e+01  5.4371201388e-13
 6.8860153467e-04  8.2659310674e+05  3.3259931758e-03  1  1.2100000000e+01  5.4422590889e-13
 8.3273010296e+00  8.2847659316e+05  2.2069835875e+01  0  8.7600000000e+00  5.4546598953e-13
-8.3783377290e+00  8.2887463325e+05 -2.1034534616e+01  0  8.7600000000e+00  5.4572805768e-13
-1.4925441268e+01  8.2947837352e+05  6.0156834772e+00  2  1.6800000000e+01  5.4612555809e-13
-3.2694831040e-05  8.3031401648e+05  4.9797470937e-04  2  1.6800000000e+01  5.4667574239e-13
-5.3905955308e-04  8.3082595366e+05  2.6091372141e-05  3  3.2200000000e+01  5.4701279997e-13
 1.0427822685e+02  8.3356188292e+05 -2.1607739708e-01  1  1.2100000000e+01  5.4881412590e-13
-2.7888878526e+00  8.3467936156e+05 -2.5444336562e+00  0  8.7600000000e+00  5.4954986978e-13
-1.2519544603e+00  8.3689952870e+05 -5.8759719008e+00  1  1.2100000000e+01  5.5101161979e-13
-1.0526285702e+02  8.3756742055e+05 -3.8560170051e+01  2  1.6800000000e+01  5.5145135736e-13
 1.4666491147e+01  8.3877114016e+05 -2.8971139310e+00  2  1.6800000000e+01  5.5224388200e-13
-1.4823084308e-03  8.3880765939e+05 -3.1577968216e-03  1  1.2100000000e+01  5.5226792613e-13
-3.0911811432e-03  8.3925142662e+05 -3.4814742573e-03  1  1.2100000000e+01  5.5256010087e-13
-3.1378424159e-03  8.4361741221e+05  2.2825160331e-03  0  8.7600000000e+00  5.5543464998e-13
 4.4625977293e-01  8.4491669739e+05  2.6333145140e+00  0  8.7600000000e+00  5.5629009463e-13
 1.1955586400e+00  8.4587573911e+05  1.1464484854e+00  1  1.2100000000e+01  5.5692152423e-13
 2.2469675482e-03  8.4689393872e+05  4.7835818211e-03  2  1.6800000000e+01  5.5759190316e-13
-4.0175084276e+00  8.4734275578e+05 -9.8330650106e-01  1  1.2100000000e+01  5.5788740269e-13
 1.3561349420e+01  8.4901769478e+05 -2.6043761018e+01  1  1.2100000000e+01  5.5899017646e-13
-9.7934307485e+00  8.5020583266e+05  9.0375353454e+00  1  1.2100000000e+01  5.5977244214e-13
 7.9098218518e+00  8.5138637307e+05 -7.1278585849e-01  1  1.2100000000e+01  5.6054970567e-13
-9.5481782780e-01  8.5220069391e+05 -4.7327202162e-01  0  8.7600000000e+00  5.6108585157e-13
 1.6731565775e+00  8.5622329090e+05 -2.0169296672e+00  0  8.7600000000e+00  5.6373431486e-13
-3.8091686623e+00  8.5711641092e+05  9.0726584395e+00  0  8.7600000000e+00  5.6432234185e-13
-2.6764867034e-01  8.5806613457e+05 -1.0424719418e+01  0  8.7600000000e+00  5.6494763646e-13
-2.8439508475e+00  8.5910366778e+05 -8.0689164504e-01  1  1.2100000000e+01  5.6563074457e-13
 1.6471802193e+01  8.5944919184e+05 -8.6559407818e+00  1  1.2100000000e+01  5.6585823637e-13
-4.4891862090e+01  8.6051226526e+05  9.6904514729e-01  2  1.6800000000e+01  5.6655816005e-13
-2.7970057701e-01  8.6310640669e+05 -1.3883389678e+00  2  1.6800000000e+01  5.6826613338e-13
 3.1017450392e+02  8.6375542153e+05 -1.3440889157e+02  0  8.7600000000e+00  5.6869344240e-13
-2.1536807210e+01  8.6581039149e+05  5.5137910023e+00  0  8.7600000000e+00  5.7004642718e-13
-2.3403319797e-03  8.6618859847e+05 -3.9595831553e-03  3  3.2200000000e+01  5.7029543729e-13
-1.2245756883e+02  8.6812914718e+05  6.6321749954e+01  1  1.2100000000e+01  5.7157308754e-13
-3.1914295486e+01  8.7010514961e+05 -3.1855803264e+01  1  1.2100000000e+01  5.7287408038e-13
 1.3337168049e+02  8.7070153226e+05  2.3161188841e+02  0  8.7600000000e+00  5.7326673656e-13
 9.8477584015e-01  8.7165183426e+05 -3.3367955569e-02  0  8.7600000000e+00  5.7389241196e-13
 3.2032078312e+00  8.7210579792e+05  6.6390051169e-01  2  1.6800000000e+01  5.7419129998e-13
 1.2859084300e-03  8.7267502233e+05  2.2629832883e-03  2  1.6800000000e+01  5.7456607528e-13
-3.9847396144e+00  8.7318515971e+05 -1.0658129639e+00  0  8.7600000000e+00  5.7490194788e-13
 5.3645139960e+01  8.7350835587e+05 -2.5389017505e-01  1  1.2100000000e+01  5.7511473906e-13
-5.9211519282e+00  8.7411222683e+05 -4.2464144749e+00  1  1.2100000000e+01  5.7551232551e-13
 3.9601260000e-03  8.7507266831e+05 -2.1623184658e-03  2  1.6800000000e+01  5.7614467671e-13
 5.5793793720e+00  8.7642430277e+05 -7.1012976338e+00  0  8.7600000000e+00  5.7703458795e-13
 1.4477633279e+02  8.7735183406e+05  1.2309843218e+01  0  8.7600000000e+00  5.7764527119e-13
-2.0864553922e-03  8.8119614763e+05  2.9442228600e-03  2  1.6800000000e+01  5.8017635332e-13
 4.3997102290e+01  8.8192268564e+05 -3.8522886978e+02  0  8.7600000000e+00  5.8065470332e-13
-6.3075459662e+00  8.8327193663e+05  8.0977504925e+00  1  1.2100000000e+01  5.8154304529e-13
-1.5126117503e+00  8.8433551776e+05 -1.7298026095e+00  2  1.6800000000e+01  5.8224330325e-13
-3.3519261832e+00  8.8659893666e+05 -5.4456146909e+00  1  1.2100000000e+01  5.8373353006e-13
-3.2861204293e+00  8.8705115259e+05  4.6198392372e+01  1  1.2100000000e+01  5.8403126739e-13
 1.3711469893e+00  8.8760954859e+05 -7.4111391888e+00  0  8.7600000000e+00  5.8439891329e-13
 1.8855226826e+00  8.8761799410e+05 -8.6118007255e+00  0  8.7600000000e+00  5.8440447379e-13
 9.3265648784e-01  8.8842537477e+05  2.9797648950e+00  1  1.2100000000e+01  5.8493605030e-13
-8.5331619397e-01  8.8853969674e+05  2.0301414936e+00  1  1.2100000000e+01  5.8501131947e-13
 3.5186651132e-01  8.8900880210e+05 -4.9183626351e+00  0  8.7600000000e+00  5.8532017674e-13
 2.4916290300e+00  8.9319940423e+05 -4.0575693170e+00  2  1.6800000000e+01  5.8807925401e-13
-9.8402739473e+00  8.9530022742e+05 -5.6223904341e-01  0  8.7600000000e+00  5.8946242839e-13
-4.3712631907e+00  8.9700783250e+05 -1.1139462880e+00  1  1.2100000000e+01  5.9058670940e-13
 2.2002390897e+01  8.9906417686e+05 -2.6101996948e+01  0  8.7600000000e+00  5.9194059908e-13
 4.6237243306e+01  9.0079962349e+05 -2.7381127530e+01  0  8.7600000000e+00  5.9308321086e-13
-9.6883299846e+01  9.0238486121e+05  6.1844092280e+00  3  3.2200000000e+01  5.9412692563e-13
 3.0181257100e+00  9.0535296506e+05 -4.9183460046e+01  1  1.2100000000e+01  5.9608111446e-13
 6.8718331942e+01  9.0686538733e+05 -3.4699969077e+01  0  8.7600000000e+00  5.9707688781e-13
-1.3485257346e+00  9.0796810110e+05 -3.2636189388e+01  2  1.6800000000e+01  5.9780291056e-13
 4.9663119464e+00  9.0932023065e+05  2.0306888649e+00  0  8.7600000000e+00  5.9869314776e-13
-1.4823691399e+01  9.1090399950e+05 -9.7079848240e+00  3  3.2200000000e+01  5.9973589544e-13
 2.3186477770e+01  9.1111634604e+05  2.8359924377e+01  1  1.2100000000e+01  5.9987570363e-13
 1.0322511626e+01  9.1353561376e+05  1.5091602606e+01  2  1.6800000000e+01  6.0146854074e-13
-1.2399337193e+01  9.1494263298e+05 -4.3508528506e+00  0  8.7600000000e+00  6.0239491711e-13
 3.5536082268e-03  9.1508914525e+05 -4.5065313715e-03  0  8.7600000000e+00  6.0249138025e-13
-2.2989380041e+02  9.1758083980e+05 -3.8346466499e+02  0  8.7600000000e+00  6.0413190293e-13
 2.9550531369e+02  9.1762121982e+05 -8.4381919775e+01  1  1.2100000000e+01  6.0415848898e-13
 2.3588129236e+01  9.1762123369e+05 -1.8211904053e+01  2  1.6800000000e+01  6.0415849811e-13
-1.2727608887e-03  9.1791584393e+05 -1.2922561896e-03  0  8.7600000000e+00  6.0435246843e-13
 8.3059632589e+02  9.1807012545e+05  4.1407428237e+02  2  1.6800000000e+01  6.0445404682e-13
 1.0502206143e-03  9.1899695600e+05  1.0578649193e-03  3  3.2200000000e+01  6.0506426870e-13
 3.9106276790e+01  9.1902187706e+05 -2.7158063064e+01  0  8.7600000000e+00  6.0508067664e-13
-4.6430079055e-04  9.1931270159e+05 -3.5033868107e-03  1  1.2100000000e+01  6.0527215446e-13
-2.6481758526e+02  9.2145945278e+05 -5.5817058653e+01  1  1.2100000000e+01  6.0668556767e-13
-4.0115874401e+00  9.2166760132e+05  2.3969014719e+00  3  3.2200000000e+01  6.0682261191e-13
-8.5590743545e-01  9.2612671467e+05  6.2493399298e+00  1  1.2100000000e+01  6.0975847600e-13
-1.2634469284e+02  9.2614305845e+05 -2.4727069878e+02  3  3.2200000000e+01  6.0976923668e-13
 5.6345581139e+00  9.2719070252e+05 -8.1098561271e+00  2  1.6800000000e+01  6.1045900175e-13
 1.7137548075e-01  9.2807376090e+05  1.1892069435e+00  0  8.7600000000e+00  6.1104040418e-13
-1.6910940049e+00  9.2817125396e+05  4.1710205766e-01  2  1.6800000000e+01  6.1110459326e-13
 6.6867773952e+00  9.2901927956e+05  4.5780778604e+00  2  1.6800000000e+01  6.1166293025e-13
-4.8094992542e+00  9.3302786277e+05 -3.1693725995e+00  0  8.7600000000e+00  6.1430216692e-13
 6.6051557235e+00  9.3655702454e+05 -1.4233781319e+01  0  8.7600000000e+00  6.1662575425e-13
-1.4221267013e-03  9.3731887924e+05 -1.6834687193e-03  1  1.2100000000e+01  6.1712735663e-13
-1.0797522838e+00  9.4348808053e+05  9.4493224260e-01  0  8.7600000000e+00  6.2118913643e-13
 3.3408509134e+00  9.4459030720e+05  4.2178324606e+00  0  8.7600000000e+00  6.2191483847e-13
 2.8655696829e+00  9.4561076032e+05  3.8388975699e+00  0  8.7600000000e+00  6.2258670111e-13
 1.3806804047e-01  9.4803482676e+05  2.6646627352e+00  1  1.2100000000e+01  6.2418269768e-13
-9.0073287516e+00  9.4880841365e+05 -4.4616138291e+00  1  1.2100000000e+01  6.2469202449e-13
-2.5893733481e-01  9.4968970539e+05  8.3825381615e+00  1  1.2100000000e+01  6.2527226378e-13
-1.1332692369e+01  9.4976908444e+05  2.6264255023e+01  2  1.6800000000e+01  6.2532452666e-13
 9.0313158469e+01  9.5014435982e+05 -1.8738127531e+02  0  8.7600000000e+00  6.2557160661e-13
 2.7337742029e+01  9.5157108090e+05  8.1704788855e-01  2  1.6800000000e+01  6.2651095461e-13
 5.8179120636e-01  9.5299886369e+05  7.6215883531e-01  1  1.2100000000e+01  6.2745100162e-13
-2.1075450024e+02  9.5329142199e+05  3.1375704316e+02  1  1.2100000000e+01  6.2764362095e-13
 6.4184658104e+02  9.5352872321e+05 -6.0304355854e+02  0  8.7600000000e+00  6.2779985921e-13
-2.3060025940e+01  9.5409226548e+05 -1.5611575591e+01  1  1.2100000000e+01  6.2817089341e-13
-8.0406579960e+01  9.5426390412e+05 -9.6099613102e+00  1  1.2100000000e+01  6.2828389967e-13
 3.6079903206e+01  9.5430500585e+05  3.6028832187e+01  2  1.6800000000e+01  6.2831096089e-13
-2.7883024721e+01  9.5452024310e+05 -1.9032145633e+01  1  1.2100000000e+01  6.2845267232e-13
-4.8412607689e+00  9.5614746756e+05 -7.2468825892e+00  1  1.2100000000e+01  6.2952403101e-13
 6.9772343383e+01  9.5772567550e+05 -3.7450973530e+01  2  1.6800000000e+01  6.3056311741e-13
-1.9070410837e+00  9.5977371168e+05 -2.9076432273e+00  2  1.6800000000e+01  6.3191153701e-13
 7.3078428546e+00  9.6273252705e+05 -1.3132142785e+00  2  1.6800000000e+01  6.3385961034e-13
-3.1104095898e+01  9.6314294190e+05  5.7155486438e-01  1  1.2100000000e+01  6.3412982599e-13
 3.9335517445e+01  9.6415258999e+05 -3.2262406121e+00  3  3.2200000000e+01  6.3479457464e-13
-4.2831417200e+00  9.6443834552e+05 -1.7013918625e-01  1  1.2100000000e+01  6.3498271505e-13
-6.3077529645e-01  9.6659547950e+05 -1.6636896983e+00  2  1.6800000000e+01  6.3640296425e-13
-5.4595512221e+00  9.6661808037e+05  3.7916659183e+00  0  8.7600000000e+00  6.3641784458e-13
-1.6805087206e+00  9.6790741386e+05  8.9246590881e-01  1  1.2100000000e+01  6.3726673708e-13
-4.0587658012e-03  9.6971412138e+05  4.3231798566e-03  2  1.6800000000e+01  6.3845626677e-13
 9.3986526197e+01  9.6990317961e+05 -2.0763820287e+01  0  8.7600000000e+00  6.3858074202e-13
-1.2657389410e+00  9.7183152778e+05 -2.3313895259e+00  1  1.2100000000e+01  6.3985035948e-13
-1.1727887625e+00  9.7230453342e+05 -2.3793624218e-01  2  1.6800000000e+01  6.4016178468e-13
 5.2968734584e+00  9.7315449606e+05  6.8464198552e-01  1  1.2100000000e+01  6.4072139701e-13
-1.3659961698e+02  9.7509728643e+05 -4.0859346238e+01  0  8.7600000000e+00  6.4200052315e-13
 1.6487545154e+01  9.7530017920e+05 -1.5657897636e+02  0  8.7600000000e+00  6.4213410702e-13
 7.3914306711e+01  9.7547438115e+05 -1.6311883109e+01  2  1.6800000000e+01  6.4224880095e-13
-3.1615081491e-04  9.7634551283e+05 -3.5467461536e-03  2  1.6800000000e+01  6.4282235089e-13
-1.6260421144e-04  9.7653727425e+05 -2.8889816664e-03  3  3.2200000000e+01  6.4294860592e-13
 1.2210762126e+00  9.8084241152e+05  2.1316290572e+00  0  8.7600000000e+00  6.4578309271e-13
-1.6307990513e+01  9.8115995440e+05  4.6875773020e+00  1  1.2100000000e+01  6.4599216179e-13
 4.8851334163e-03  9.8399338449e+05  4.4373283998e-03  3  3.2200000000e+01  6.4785768191e-13
 5.9467744648e+01  9.8522290555e+05 -1.9705310431e+01  0  8.7600000000e+00  6.4866719412e-13
-4.1976536069e+00  9.8548642187e+05  3.4312281356e+00  2  1.6800000000e+01  6.4884069231e-13
-1.1694611378e+01  9.8565288459e+05 -1.0751041932e+01  1  1.2100000000e+01  6.4895029077e-13
 2.8785414596e-01  9.8686635435e+05  2.0479204590e+00  0  8.7600000000e+00  6.4974923486e-13
-2.8631613148e+01  9.8719045066e+05  3.7399530179e+01  0  8.7600000000e+00  6.4996261870e-13
 6.1660587452e+01  9.9021825546e+05  1.6295339753e+00  0  8.7600000000e+00  6.5195611441e-13
 1.5466223822e+00  9.9050572117e+05  2.2040765564e+01  2  1.6800000000e+01  6.5214538080e-13
-1.0226886964e+00  9.9255316095e+05  4.0622895337e+00  0  8.7600000000e+00  6.5349340774e-13
 1.2775830755e+02  9.9729981050e+05 -1.3448045725e+02  1  1.2100000000e+01  6.5661858462e-13
-1.8215840854e-03  9.9963983872e+05  4.6362769323e-03  4  4.0000000000e+01  6.5815925072e-13
 1.9539209467e+01  1.0007455845e+06  1.4464667460e+01  2  1.6800000000e+01  6.5888726976e-13