 x                 y                 z               Event            Energy              Time
-5.5421742447e+01  3.5004683828e+01  7.9125070967e+01  0  8.7600000000e+00  1.9028702685e-17
-1.1950494606e+00  1.1299334148e+03  4.3012157774e-01  0  8.7600000000e+00  6.1423685785e-16
-3.9208626975e-03  1.3843282552e+03  2.0606432236e-03  2  1.6800000000e+01  7.5252703084e-16
 1.3712602075e-01  3.5999386763e+03  3.5252735912e+00  3  3.2200000000e+01  1.9569427649e-15
-3.6018405223e+01  7.3927367616e+03 -1.6944442624e+02  0  8.7600000000e+00  4.0187247672e-15
-8.1902825997e+00  7.9692563579e+03 -2.5164768776e+01  0  8.7600000000e+00  4.3321233982e-15
-2.6874631344e+01  1.2602049723e+04 -3.1688369827e+01  0  8.7600000000e+00  6.8505305912e-15
 3.2306591832e-03  1.3020736075e+04 -2.3111075849e-03  3  3.2200000000e+01  7.0781303646e-15
-1.3649120592e+00  2.0464989503e+04 -2.5162631891e+01  2  1.6800000000e+01  1.1124859822e-14
-4.0441580664e+00  2.0585549907e+04 -1.6737119365e+01  0  8.7600000000e+00  1.1190396997e-14
 1.8242778235e+02  2.2311462692e+04 -6.7911555841e+01  2  1.6800000000e+01  1.2128610906e-14
 1.4903191604e+01  2.2389412028e+04  1.4396426479e+01  0  8.7600000000e+00  1.2170984514e-14
-7.2640579962e-01  2.3301841864e+04  1.5354797768e+00  0  8.7600000000e+00  1.2666985453e-14
-2.4521354482e+01  2.3484130188e+04 -2.4334396583e+01  0  8.7600000000e+00  1.2766078202e-14
 4.8009095165e+01  2.4365448561e+04 -1.3926055605e+01  1  1.2100000000e+01  1.3245166810e-14
-3.9871965044e-01  2.5032430639e+04  6.6358320762e+00  0  8.7600000000e+00  1.3607741252e-14
-2.7851791763e-03  2.6580559964e+04 -5.0641553267e-04  4  4.0000000000e+01  1.4449311276e-14
-2.8071521741e+01  2.8491736458e+04 -5.3055081364e+00  0  8.7600000000e+00  1.5488235366e-14
-2.0516387450e+00  3.0955048260e+04 -2.7830650582e+00  1  1.2100000000e+01  1.6827302679e-14
-1.3258576190e-03  3.1055568921e+04 -3.6890021193e-03  1  1.2100000000e+01  1.6881946160e-14
-1.5433760759e+00  3.4483546833e+04 -3.5621411321e+00  0  8.7600000000e+00  1.8745410284e-14
 1.9167338265e+01  3.4679115672e+04  9.5223729815e+01  1  1.2100000000e+01  1.8851722379e-14
-1.3206173301e+02  3.4925110245e+04 -4.5182525874e+00  0  8.7600000000e+00  1.8985446130e-14
 4.1836557995e+01  3.5323612511e+04 -2.8388582113e+01  0  8.7600000000e+00  1.9202073744e-14
 2.3299128702e+00  4.1245377562e+04 -1.0756277698e+01  1  1.2100000000e+01  2.2421171710e-14
-1.5037325256e+00  4.2542259330e+04 -2.8012590113e+00  3  3.2200000000e+01  2.3126162440e-14
 2.3091718916e+01  4.4296605260e+04  3.8592984949e+00  2  1.6800000000e+01  2.4079832733e-14
-1.0586195048e-03  4.4395990873e+04 -2.2180175396e-03  1  1.2100000000e+01  2.4133859197e-14
-2.4815755419e+01  4.5513359124e+04  5.9558182090e-01  1  1.2100000000e+01  2.4741265576e-14
-1.1020151881e+01  4.7211019533e+04 -7.6342735074e-01  0  8.7600000000e+00  2.5664121366e-14
 1.7792123355e-03  4.8457385506e+04  3.2217225378e-03  2  1.6800000000e+01  2.6341651484e-14
-2.5093079533e-03  5.1031976965e+04 -3.9387711226e-03  0  8.7600000000e+00  2.7741210915e-14
 1.0737429262e-03  5.4253078129e+04 -3.6026401113e-03  1  1.2100000000e+01  2.9492215914e-14
-1.0762571022e+01  5.4757395247e+04  4.4965073787e+00  0  8.7600000000e+00  2.9766364956e-14
 4.5431133740e+01  5.5654804683e+04  6.9347828553e+01  1  1.2100000000e+01  3.0254200739e-14
-5.5909024734e+00  5.6880688447e+04 -4.2431513196e+01  1  1.2100000000e+01  3.0920596635e-14
-9.8923638027e+00  5.6902681290e+04  3.6832223286e+01  0  8.7600000000e+00  3.0932552043e-14
 1.1285827444e+02  5.6979988373e+04 -1.3189932274e+01  1  1.2100000000e+01  3.0974576519e-14
 4.2085809967e+02  5.8826595678e+04 -2.3132661474e+02  0  8.7600000000e+00  3.1978400509e-14
-4.2938295407e+02  6.0367881112e+04 -3.4849640848e+02  0  8.7600000000e+00  3.2816250164e-14
 1.7777962150e+02  6.2512127488e+04  4.0789202714e+02  1  1.2100000000e+01  3.3981872084e-14
-4.9826996461e-01  6.3045990733e+04 -1.3296176373e+00  1  1.2100000000e+01  3.4272082532e-14
-1.4094160743e+00  6.3756701974e+04  7.1766214632e+00  0  8.7600000000e+00  3.4658428341e-14
-5.5795939163e+00  6.3978381943e+04  8.1273062078e+00  0  8.7600000000e+00  3.4778934564e-14
-1.4165839118e+01  6.4270033955e+04 -6.7725710343e+01  0  8.7600000000e+00  3.4937477902e-14
 6.6064794732e+01  6.7020195445e+04  1.9140950702e+02  2  1.6800000000e+01  3.6432477988e-14
-8.2077871983e+01  6.7643148140e+04 -2.5787193042e+01  0  8.7600000000e+00  3.6771117859e-14
-1.3519799632e+01  7.1665598922e+04  1.9092932108e+01  0  8.7600000000e+00  3.8957740094e-14
 2.7472892345e+01  7.2483086819e+04 -1.8771403072e+01  2  1.6800000000e+01  3.9402130171e-14
-2.2512915297e+02  7.3793373097e+04 -9.7186841530e+01  0  8.7600000000e+00  4.0114407652e-14
-4.9083328299e+00  7.4073853675e+04 -3.3598477744e+00  0  8.7600000000e+00  4.0266878149e-14
 1.0211772805e+01  7.4794855536e+04 -2.7241280818e+01  1  1.2100000000e+01  4.0658817985e-14
-4.6548264013e+00  7.7341982089e+04 -2.3058855565e+00  0  8.7600000000e+00  4.2043447371e-14
 4.2764971751e-04  7.9411600064e+04 -2.4911977851e-03  1  1.2100000000e+01  4.3168500958e-14
-3.5837887236e+01  8.0584086807e+04 -8.3499784458e+01  1  1.2100000000e+01  4.3805869996e-14
 3.5769613866e+02  8.1075968032e+04  1.6872205882e+02  0  8.7600000000e+00  4.4073258830e-14
-3.1322818593e+02  8.2032886618e+04  9.7506740750e+01  2  1.6800000000e+01  4.4593444053e-14
-1.1347647005e+01  8.3698165122e+04  1.4158159774e+01  2  1.6800000000e+01  4.5498696895e-14
-2.0406835991e+01  8.3719450400e+04 -3.2355628530e+01  2  1.6800000000e+01  4.5510267668e-14
-2.3673453286e+02  8.3801739839e+04  8.9488919371e+00  0  8.7600000000e+00  4.5555000575e-14
-6.1199459262e+01  9.5265774612e+04  6.9756601169e+01  2  1.6800000000e+01  5.1786901150e-14
-1.0748569937e+02  9.7013007570e+04 -2.9001510026e+01  0  8.7600000000e+00  5.2736704800e-14
-1.8269850368e+00  9.8218294028e+04  3.2961604254e+00  2  1.6800000000e+01  5.3391903909e-14
-5.8072910523e+02  9.8498852869e+04 -6.9720185960e+02  0  8.7600000000e+00  5.3544416950e-14
 1.0549825264e+02  1.0332056118e+05 -7.7475545475e+01  0  8.7600000000e+00  5.6165519153e-14
-3.3679715243e+00  1.0525437428e+05 -1.4133285235e+01  2  1.6800000000e+01  5.7216748604e-14
 1.8324443606e+01  1.0694297185e+05 -8.2555978925e+01  1  1.2100000000e+01  5.8134677793e-14
-9.1550792655e+00  1.0744922477e+05  9.1997352222e+00  2  1.6800000000e+01  5.8409879147e-14
 5.9702433208e+00  1.0903101205e+05  3.3065571312e+01  0  8.7600000000e+00  5.9269745783e-14
 9.4315495491e+01  1.1075817557e+05  5.0149717160e+01  1  1.2100000000e+01  6.0208639601e-14
-1.6172385920e+02  1.1181958016e+05 -1.8883539177e+02  0  8.7600000000e+00  6.0785623881e-14
 3.5158298384e+00  1.1251347322e+05  6.4111351594e+00  2  1.6800000000e+01  6.1162827254e-14
 4.3882539283e-04  1.1350325433e+05 -4.6616226340e-03  2  1.6800000000e+01  6.1700876689e-14
 5.3680853492e+00  1.2046010746e+05  1.7074452769e+01  1  1.2100000000e+01  6.5482653168e-14
-9.5797056557e+01  1.2057317069e+05  1.6321483642e+03  1  1.2100000000e+01  6.5544114845e-14
-2.4382700826e+01  1.2158182596e+05  3.9827284074e+01  0  8.7600000000e+00  6.6092424360e-14
 2.0672478869e+00  1.2344014780e+05 -3.1183721803e+00  0  8.7600000000e+00  6.7102616424e-14
 3.6985296110e+01  1.2401328181e+05 -7.9403209726e+00  1  1.2100000000e+01  6.7414174634e-14
-1.3585611461e+01  1.2833260468e+05  1.9533132859e+01  2  1.6800000000e+01  6.9762177866e-14
 3.1477772486e+02  1.3133606582e+05  2.4705621936e+02  0  8.7600000000e+00  7.1394872771e-14
 2.1083903625e-03  1.3245735814e+05 -4.2831771585e-03  3  3.2200000000e+01  7.2004412290e-14
 1.1588385369e+00  1.3979910754e+05 -1.6167114046e+01  1  1.2100000000e+01  7.5995420102e-14
 4.0765186772e+02  1.3989849382e+05  3.9765872270e+01  1  1.2100000000e+01  7.6049446930e-14
 9.1525499309e+01  1.4414204354e+05 -8.7181902092e+01  0  8.7600000000e+00  7.8356259535e-14
 1.1682952969e+00  1.4551263549e+05 -2.3911992408e-01  0  8.7600000000e+00  7.9101319446e-14
-7.6300687706e+00  1.4555649294e+05 -2.1348846725e+01  0  8.7600000000e+00  7.9125160555e-14
 2.6414977376e-03  1.4648566988e+05 -4.3475248103e-03  1  1.2100000000e+01  7.9630265298e-14
 2.9488992637e+00  1.4648771022e+05  7.7844857160e+00  0  8.7600000000e+00  7.9631374435e-14
 1.0565829617e+00  1.4706383678e+05 -4.5119250103e+00  0  8.7600000000e+00  7.9944559408e-14
 3.2538988948e+01  1.4740139354e+05 -6.1757838615e-01  1  1.2100000000e+01  8.0128056772e-14
 8.2248042939e+00  1.5074117870e+05  6.3323518805e+00  0  8.7600000000e+00  8.1943578923e-14
 2.9020431105e+01  1.5325252088e+05  1.2359362795e+01  3  3.2200000000e+01  8.3308755762e-14
 7.0466831636e-02  1.5370632904e+05 -8.1416216255e-01  0  8.7600000000e+00  8.3555447907e-14
-1.1347989356e+02  1.5437454393e+05 -3.7399099722e+01  0  8.7600000000e+00  8.3918692511e-14
-1.9745046068e+01  1.5521618132e+05  1.4407028035e+01  2  1.6800000000e+01  8.4376210363e-14
 5.0805783653e+02  1.5595655413e+05 -8.3435088151e+01  0  8.7600000000e+00  8.4778680331e-14
-6.7026262955e+01  1.5625289344e+05  8.5303362265e+01  3  3.2200000000e+01  8.4939771707e-14
 1.0687445141e+02  1.5625680170e+05  3.7510657855e+01  0  8.7600000000e+00  8.4941896253e-14
 1.1505136481e-03  1.5654012007e+05 -3.3171159533e-03  2  1.6800000000e+01  8.5095909388e-14
-7.6782778174e-04  1.5800768680e+05 -4.8815277125e-03  3  3.2200000000e+01  8.5893685224e-14
 1.8846132357e+01  1.6321680697e+05 -2.2496436561e+01  1  1.2100000000e+01  8.8725386244e-14
-2.9300507752e+01  1.6356743388e+05 -2.8615317913e+01  0  8.7600000000e+00  8.8915988603e-14
 1.0256589166e+01  1.6719885283e+05  7.2996156139e+00  0  8.7600000000e+00  9.0890044186e-14
 4.0956334355e+00  1.7208918198e+05  6.6747596778e+00  0  8.7600000000e+00  9.3548448982e-14
-2.3452115697e+01  1.7247995008e+05 -3.1380575961e+01  2  1.6800000000e+01  9.3760872272e-14
-3.8362642139e-03  1.7578936267e+05  3.9073563688e-03  0  8.7600000000e+00  9.5559883753e-14
-3.0935422746e+01  1.7774515867e+05  1.4973653334e+02  1  1.2100000000e+01  9.6623063206e-14
-1.0812224041e+02  1.8000196045e+05  1.8944500360e+02  3  3.2200000000e+01  9.7849870746e-14
 9.3849042707e-04  1.8045048511e+05  3.2086077743e-03  2  1.6800000000e+01  9.8093690757e-14
 4.4548036422e+01  1.8076657595e+05 -5.4765180177e+00  1  1.2100000000e+01  9.8265519153e-14
 1.4570278638e+00  1.8305573587e+05  2.8253711576e+00  0  8.7600000000e+00  9.9509916726e-14
-6.5139612724e+00  1.8512692918e+05  1.1658883364e+00  0  8.7600000000e+00  1.0063582667e-13
-2.9291369198e-03  1.8677164316e+05 -4.2103393954e-06  0  8.7600000000e+00  1.0152990055e-13
 1.5026042284e+01  1.8918003835e+05  3.1880990003e+01  0  8.7600000000e+00  1.0283911494e-13
-1.8276452123e+01  1.8925106300e+05  1.4747297358e+02  1  1.2100000000e+01  1.0287772426e-13
-1.8600695375e+00  1.9046919874e+05  3.9822034306e+00  1  1.2100000000e+01  1.0353990830e-13
-7.6317421895e-04  1.9125561965e+05  3.3309021631e-03  0  8.7600000000e+00  1.0396741022e-13
 3.6112445260e+00  1.9153464931e+05  2.7900159743e+00  1  1.2100000000e+01  1.0411909199e-13
 3.3661286664e+02  1.9166562224e+05  2.2318745805e+02  0  8.7600000000e+00  1.0419028946e-13
 2.0767502982e+00  1.9311301399e+05 -1.2696353486e+01  0  8.7600000000e+00  1.0497709809e-13
 6.0375746477e+02  1.9521488507e+05 -6.0968694820e+02  0  8.7600000000e+00  1.0611968461e-13
-1.9821679495e+00  1.9575821219e+05 -2.1316434136e+00  0  8.7600000000e+00  1.0641503966e-13
 6.0629674730e+01  2.0520060926e+05  1.6999255414e+01  1  1.2100000000e+01  1.1154796894e-13
 2.4726551107e-03  2.0832364291e+05 -2.0855536764e-03  3  3.2200000000e+01  1.1324566400e-13
-1.9006391787e-03  2.1115080408e+05 -4.0426755832e-03  4  4.0000000000e+01  1.1478252146e-13
-1.6351926989e+01  2.1155826557e+05  7.6997375996e-01  1  1.2100000000e+01  1.1500401935e-13
 8.5633442225e+01  2.1226331469e+05  2.6810867909e+02  2  1.6800000000e+01  1.1538728720e-13
-4.7683659571e+01  2.1288408152e+05  4.8953515048e+01  0  8.7600000000e+00  1.1572473883e-13
 1.1442076087e+02  2.1351366585e+05  3.3660714737e+01  2  1.6800000000e+01  1.1606698368e-13
-1.8027417673e+00  2.1490997185e+05  5.2296070558e+00  0  8.7600000000e+00  1.1682602187e-13
 4.7514735347e-03  2.1709402612e+05 -1.9843016830e-03  2  1.6800000000e+01  1.1801328354e-13
-8.4851753726e+00  2.1715541697e+05 -6.9081837206e+00  2  1.6800000000e+01  1.1804665588e-13
-1.5838651692e-04  2.1757860543e+05 -2.0021899450e-03  0  8.7600000000e+00  1.1827670302e-13
 6.8836029377e+00  2.1819928347e+05 -9.7977558492e+00  2  1.6800000000e+01  1.1861410638e-13
 1.2914108394e+01  2.2126789328e+05  4.5511804748e+00  2  1.6800000000e+01  1.2028221640e-13
-8.0640502544e-04  2.2145443320e+05 -3.2492626404e-03  2  1.6800000000e+01  1.2038362033e-13
 3.0740181809e+01  2.2186904486e+05 -6.3091449124e+01  2  1.6800000000e+01  1.2060900508e-13
 2.9011099547e+02  2.2518027838e+05  1.6308809564e+02  0  8.7600000000e+00  1.2240900643e-13
 3.4180069993e+00  2.2873653370e+05  2.7792000393e+00  0  8.7600000000e+00  1.2434220273e-13
-1.7532934800e+01  2.3170322690e+05 -1.9973215299e+01  1  1.2100000000e+01  1.2595491042e-13
-5.7666190661e+02  2.3185776312e+05  2.3340081322e+02  0  8.7600000000e+00  1.2603891700e-13
-4.2711427212e+02  2.3700599509e+05 -4.2231547785e+02  2  1.6800000000e+01  1.2883751892e-13
-3.5719667811e-04  2.3778658546e+05 -3.4045689639e-03  1  1.2100000000e+01  1.2926185134e-13
-2.8132139297e+00  2.3942657581e+05 -1.7379939685e-01  1  1.2100000000e+01  1.3015335743e-13
-1.5450655615e+01  2.4554245693e+05  1.2327679939e+01  0  8.7600000000e+00  1.3347797776e-13
-5.9057580567e-04  2.4559262772e+05  4.1924340274e-03  1  1.2100000000e+01  1.3350525083e-13
 1.9344718844e+00  2.4585049100e+05  3.3431935898e+00  1  1.2100000000e+01  1.3364542646e-13
 6.9363607027e+01  2.4968291993e+05  1.7427764138e+02  2  1.6800000000e+01  1.3572875196e-13
-1.1016770506e+01  2.5337142630e+05  4.6683971010e+00  1  1.2100000000e+01  1.3773384053e-13
-3.1235086162e+02  2.5407443838e+05 -4.7061692668e+01  1  1.2100000000e+01  1.3811600104e-13
-4.9686776032e+00  2.5515049148e+05  2.8121011809e+00  0  8.7600000000e+00  1.3870094832e-13
 2.6773957938e+00  2.5786157871e+05 -1.5512966674e+00  0  8.7600000000e+00  1.4017470746e-13
 5.2766604409e+01  2.6286092132e+05  1.5240117873e+02  0  8.7600000000e+00  1.4289237246e-13
 1.6501052118e+02  2.6353669410e+05  3.3206029061e+01  0  8.7600000000e+00  1.4325972557e-13
 5.8176596886e+00  2.6409444939e+05 -5.4749114317e+00  0  8.7600000000e+00  1.4356292383e-13
 1.8332005208e+02  2.6464812158e+05 -2.1027164727e+02  1  1.2100000000e+01  1.4386390251e-13
-1.1390374590e+00  2.7213543717e+05  1.0383934010e+00  0  8.7600000000e+00  1.4793404075e-13
 2.3922352638e+00  2.7530040840e+05 -2.4280715280e+00  2  1.6800000000e+01  1.4965453327e-13
-1.2962194173e+02  2.7671236847e+05  1.8837208056e+01  0  8.7600000000e+00  1.5042208108e-13
-1.1839648656e+00  2.7679976359e+05 -2.0803319841e+00  1  1.2100000000e+01  1.5046958946e-13
 2.2386987634e-03  2.7724035307e+05 -4.1898832280e-03  4  4.0000000000e+01  1.5070909587e-13
-8.9791301327e+00  2.7809848273e+05 -3.7390600600e+00  0  8.7600000000e+00  1.5117557899e-13
-1.6676315422e+00  2.8051294184e+05  3.2086747621e+00  0  8.7600000000e+00  1.5248808976e-13
 1.2137057772e+01  2.8126376909e+05  4.2320744289e-01  0  8.7600000000e+00  1.5289624281e-13
 5.0324871411e+00  2.8196971680e+05  8.2861552358e+00  0  8.7600000000e+00  1.5327999915e-13
-9.9645560410e+01  2.8677646299e+05  9.7316114538e+01  2  1.6800000000e+01  1.5589296787e-13
 6.3258676586e-04  2.8821259526e+05  1.8857738641e-03  1  1.2100000000e+01  1.5667365580e-13
 1.1711687803e+01  2.8866809508e+05  7.2212934219e+00  0  8.7600000000e+00  1.5692126754e-13
-6.3575414632e+01  2.8889305094e+05 -5.3068684825e+01  0  8.7600000000e+00  1.5704355455e-13
 8.8248689066e+00  2.9067285139e+05  1.2861213677e+01  2  1.6800000000e+01  1.5801106203e-13
 9.3597873070e+01  2.9264963199e+05  4.9912117682e+01  0  8.7600000000e+00  1.5908564881e-13
-2.6323625322e+01  2.9441784957e+05  9.9290200213e+00  2  1.6800000000e+01  1.6004685979e-13
 2.3116095009e+00  2.9521737379e+05  1.0851192638e+01  0  8.7600000000e+00  1.6048148474e-13
-1.7720907812e+01  2.9652069331e+05  7.0132444040e+01  0  8.7600000000e+00  1.6118997505e-13
 9.9725626944e+02  2.9950195183e+05  2.5861876234e+02  0  8.7600000000e+00  1.6281060052e-13
 4.0096807534e+00  3.0126147216e+05 -1.5603984556e+00  0  8.7600000000e+00  1.6376708364e-13
-2.1446028649e+01  3.0564038277e+05  7.5642063257e+00  1  1.2100000000e+01  1.6614747903e-13
 3.1816649047e-01  3.0589944226e+05 -1.8433646707e+00  0  8.7600000000e+00  1.6628830493e-13
-5.4181147082e+00  3.0791712774e+05 -2.1930225063e+01  0  8.7600000000e+00  1.6738512778e-13
-4.6971572769e+01  3.0859368091e+05  4.5486899799e+01  1  1.2100000000e+01  1.6775290511e-13
 4.2013331871e-03  3.0873809383e+05  1.8068764064e-03  1  1.2100000000e+01  1.6783140862e-13
-1.0688413993e+00  3.1023687018e+05  2.5964849351e-01  0  8.7600000000e+00  1.6864615015e-13
 1.2087276159e+02  3.1128925984e+05 -2.9512151476e+01  1  1.2100000000e+01  1.6921823387e-13
 5.5940829809e-01  3.1156593221e+05  5.2178450321e+00  0  8.7600000000e+00  1.6936863421e-13
-2.7031959948e+01  3.1171778483e+05 -5.6727853570e+00  2  1.6800000000e+01  1.6945118197e-13
-4.4700978377e+01  3.1194088925e+05  7.4652225493e+01  0  8.7600000000e+00  1.6957246253e-13
-7.7306602255e+00  3.1349461889e+05  1.7127577703e+02  2  1.6800000000e+01  1.7041707692e-13
 2.9730470030e+01  3.1668097107e+05  1.6955712637e+01  0  8.7600000000e+00  1.7214919221e-13
-1.8282368066e-03  3.1909941002e+05  2.8239916069e-03  3  3.2200000000e+01  1.7346386644e-13
 2.8269365187e-03  3.1996109679e+05  2.3220696707e-03  2  1.6800000000e+01  1.7393228322e-13
 1.1712257160e+01  3.2256319343e+05 -8.9237657897e+00  2  1.6800000000e+01  1.7534679459e-13
 3.3825535179e+01  3.2508669957e+05  8.9531669833e+01  0  8.7600000000e+00  1.7671858382e-13
-5.2628661898e-01  3.2634331018e+05  6.6263028906e-03  0  8.7600000000e+00  1.7740168296e-13
 7.8137381977e+01  3.2661324722e+05  5.3900967401e+01  1  1.2100000000e+01  1.7754842195e-13
 5.3610939213e+00  3.2704314864e+05  3.9487197331e+01  0  8.7600000000e+00  1.7778211828e-13
-2.9750447245e-03  3.2704873563e+05 -1.5766850051e-03  3  3.2200000000e+01  1.7778515540e-13
 5.3642551319e+02  3.2919275459e+05  7.0194647609e+01  0  8.7600000000e+00  1.7895065369e-13
 8.7999021839e+00  3.2982780954e+05 -2.2138160074e+01  1  1.2100000000e+01  1.7929587240e-13
-2.4640062313e+00  3.3120586106e+05  2.8362788720e-01  0  8.7600000000e+00  1.8004498737e-13
 6.5511867667e-04  3.3133565670e+05  5.7959884665e-04  0  8.7600000000e+00  1.8011554486e-13
-1.9190948264e+01  3.3175805314e+05 -2.1548042330e+01  1  1.2100000000e+01  1.8034516146e-13
-5.4096036792e+01  3.3377784791e+05 -9.6900201601e+00  0  8.7600000000e+00  1.8144313093e-13
-1.5515118798e+01  3.3484526376e+05 -5.3175437489e+00  1  1.2100000000e+01  1.8202338295e-13
 8.9727136381e+00  3.3671696041e+05  5.5901058461e+00  2  1.6800000000e+01  1.8304084563e-13
 1.9778549954e-01  3.3859180538e+05  2.0490197327e+00  0  8.7600000000e+00  1.8406001974e-13
 1.3178156392e-03  3.3918610815e+05 -1.4725515183e-03  0  8.7600000000e+00  1.8438308538e-13
-6.7430922723e-01  3.4110005185e+05 -2.0336071531e-01  2  1.6800000000e+01  1.8542351374e-13
-1.6438692988e+00  3.4796544669e+05 -1.6938389918e+00  2  1.6800000000e+01  1.8915557308e-13
-3.8496791150e+01  3.5003173278e+05  1.3217205016e+02  1  1.2100000000e+01  1.9027881543e-13
-2.5644533621e+01  3.5036918888e+05 -7.9845643778e+01  1  1.2100000000e+01  1.9046225808e-13
-7.1659121573e+00  3.5317496003e+05  5.3197933783e+00  1  1.2100000000e+01  1.9198748783e-13
 8.2663126096e-04  3.5323796118e+05  3.1916028718e-03  4  4.0000000000e+01  1.9202173553e-13
 2.1749190061e+02  3.5345570264e+05 -1.9204164591e+02  0  8.7600000000e+00  1.9214010076e-13
 1.2638071486e+01  3.5620306227e+05  1.0369587937e+01  0  8.7600000000e+00  1.9363357775e-13
-1.0910994867e+00  3.5658756057e+05  1.1272723172e+01  0  8.7600000000e+00  1.9384259274e-13
-1.5678246465e+00  3.5706726918e+05  2.0916251487e+00  1  1.2100000000e+01  1.9410336449e-13
 1.2703383559e+00  3.5816888387e+05 -2.9768471208e+00  1  1.2100000000e+01  1.9470220716e-13
 2.2129664143e+00  3.5820852628e+05  3.7523319395e+00  0  8.7600000000e+00  1.9472375695e-13
-1.1264870730e+01  3.5828477987e+05 -6.7231632611e+01  3  3.2200000000e+01  1.9476520874e-13
 3.0012066506e+01  3.5830892063e+05 -5.6956647905e+02  0  8.7600000000e+00  1.9477833177e-13
-6.3224492784e+00  3.6058523356e+05  1.7009649993e+01  2  1.6800000000e+01  1.9601574566e-13
-2.1378689328e+00  3.6218280130e+05 -2.8996258328e-01  1  1.2100000000e+01  1.9688419063e-13
-1.1395993496e+01  3.6249595931e+05  3.7850397669e+00  0  8.7600000000e+00  1.9705442472e-13
 1.2731572134e+02  3.6646998183e+05  7.8752676369e+01  0  8.7600000000e+00  1.9921472114e-13
-2.1344223073e+01  3.6686835948e+05 -1.4149069529e+01  0  8.7600000000e+00  1.9943128101e-13
-2.5814215149e+01  3.6782036854e+05  2.8750058412e+01  2  1.6800000000e+01  1.9994879739e-13
 4.4972955637e-01  3.7111959207e+05  7.0826035107e-01  0  8.7600000000e+00  2.0174227006e-13
-1.0488528359e+02  3.7139349729e+05  1.5424980596e+02  2  1.6800000000e+01  2.0189116616e-13
-1.2858136233e+00  3.7435684553e+05 -3.8423491324e-01  0  8.7600000000e+00  2.0350205552e-13
-2.9279283677e+00  3.7493841060e+05 -3.2547326287e+00  2  1.6800000000e+01  2.0381819689e-13
 2.8438490521e+02  3.7625705302e+05 -4.1701318276e+02  0  8.7600000000e+00  2.0453501681e-13
-4.0308438218e+01  3.7636394537e+05 -1.7559464940e+00  0  8.7600000000e+00  2.0459312397e-13
 7.0795720915e+01  3.7960146886e+05  8.3360347340e+01  2  1.6800000000e+01  2.0635305622e-13
 5.8449796644e+00  3.8557110475e+05  8.0756568180e-01  0  8.7600000000e+00  2.0959817699e-13
 1.2694670569e-03  3.8622258369e+05 -4.0671754484e-03  2  1.6800000000e+01  2.0995232385e-13
-1.1760909368e+02  3.8632014570e+05 -2.2135692231e+01  0  8.7600000000e+00  2.1000535900e-13
 1.9760533837e+01  3.8712780800e+05  5.2102943292e+00  2  1.6800000000e+01  2.1044440783e-13
-6.8163635758e+02  3.8776668099e+05  6.3728057526e+02  0  8.7600000000e+00  2.1079170205e-13
 2.6668358539e+00  3.9145106930e+05 -5.0891831721e+00  0  8.7600000000e+00  2.1279455201e-13
 2.9822381064e-03  3.9476914129e+05  2.4758546229e-03  2  1.6800000000e+01  2.1459827079e-13
 1.6886468682e-03  3.9614141140e+05  1.0879137023e-03  2  1.6800000000e+01  2.1534424295e-13
 4.5655942706e-03  4.0308011956e+05  3.9429063624e-03  3  3.2200000000e+01  2.1911615575e-13
 2.4902557804e+02  4.0463422498e+05 -8.4504155706e+01  0  8.7600000000e+00  2.1996097440e-13
-1.5727664095e-03  4.0927281789e+05 -3.4850448409e-03  3  3.2200000000e+01  2.2248253426e-13
-1.3847206025e+01  4.1141396845e+05  5.4943751895e+01  1  1.2100000000e+01  2.2364647327e-13
-1.0278785067e-01  4.1674428999e+05 -1.0036237892e+01  1  1.2100000000e+01  2.2654405990e-13
-1.4219254256e+02  4.1812189672e+05 -7.3903378364e+00  1  1.2100000000e+01  2.2729293308e-13
 1.5421039888e+00  4.2122699771e+05 -2.8028783848e+00  1  1.2100000000e+01  2.2898087987e-13
 4.2622668500e+01  4.2392410442e+05 -2.1182529824e+02  0  8.7600000000e+00  2.3044703914e-13
-4.0521261009e+01  4.2460321370e+05  4.4801956567e+01  1  1.2100000000e+01  2.3081620598e-13
 1.6331041016e+00  4.3391074767e+05  1.1923256020e+00  1  1.2100000000e+01  2.3587582307e-13
 3.6881793527e+02  4.3513633550e+05  5.3440053556e+01  0  8.7600000000e+00  2.3654205810e-13
 2.3544250169e+01  4.3787168932e+05  1.3363436849e+01  0  8.7600000000e+00  2.3802900867e-13
-1.6968339752e+00  4.3873348614e+05 -3.3939541040e+00  0  8.7600000000e+00  2.3849748527e-13
-2.1718846218e+02  4.4029702629e+05 -1.9920184883e+02  0  8.7600000000e+00  2.3934743269e-13
-3.9881412141e+01  4.4085184270e+05 -5.3155100998e+00  0  8.7600000000e+00  2.3964903338e-13
 2.9858457960e+00  4.4352738153e+05 -2.9958861271e+01  1  1.2100000000e+01  2.4110346825e-13
 2.1602755028e+00  4.4413091563e+05 -1.6947243528e+00  0  8.7600000000e+00  2.4143155208e-13
-2.7923095650e+01  4.4778295352e+05 -1.6487448372e+01  1  1.2100000000e+01  2.4341681622e-13
-3.0249498698e+01  4.4920264362e+05 -1.4327752483e+01  2  1.6800000000e+01  2.4418856610e-13
-5.6676675758e+01  4.5234004994e+05  1.8427904289e+01  3  3.2200000000e+01  2.4589407421e-13
-3.1486418322e-03  4.5318646762e+05  7.7672550724e-04  0  8.7600000000e+00  2.4635419065e-13
-3.2671791241e+01  4.5343174239e+05 -5.8404402650e+01  2  1.6800000000e+01  2.4648752311e-13
 3.1646472914e-01  4.5361882228e+05  4.7398597602e+00  3  3.2200000000e+01  2.4658922058e-13
 4.9230483972e+00  4.5666790111e+05 -3.2047710571e-01  1  1.2100000000e+01  2.4824671346e-13
-3.3842968659e+02  4.5977637614e+05  8.5990952545e+02  0  8.7600000000e+00  2.4993649439e-13
 1.2982035415e+02  4.6642990661e+05  2.1692102289e+01  1  1.2100000000e+01  2.5355338331e-13
-5.7369028066e-01  4.6651782264e+05 -3.7820325007e+00  1  1.2100000000e+01  2.5360117486e-13
 2.5366366453e+00  4.6795605080e+05  2.7692175326e+00  1  1.2100000000e+01  2.5438300212e-13
-1.1036904940e+02  4.6827104165e+05  3.2327092697e+02  0  8.7600000000e+00  2.5455423255e-13
 4.4256001382e-03  4.6997069137e+05  1.0615231544e-03  0  8.7600000000e+00  2.5547816975e-13
-5.8433980163e-01  4.7134569175e+05 -2.1734985965e+00  0  8.7600000000e+00  2.5622562610e-13
-2.4422007418e+01  4.7135850463e+05  1.6565640720e+01  0  8.7600000000e+00  2.5623259124e-13
-8.3654681043e-01  4.7137778790e+05 -5.8379995899e-01  3  3.2200000000e+01  2.5624307371e-13
 1.9645565036e+01  4.7231684079e+05  7.7646338267e+01  0  8.7600000000e+00  2.5675354706e-13
 1.0196561115e-03  4.7618656170e+05 -2.6397340967e-03  3  3.2200000000e+01  2.5885714465e-13
 2.1285287690e+01  4.7696489548e+05  1.3199972458e+01  0  8.7600000000e+00  2.5928025038e-13
-8.4508777044e+00  4.7930150056e+05 -3.9144571674e+00  0  8.7600000000e+00  2.6055043935e-13
-5.3322766254e+01  4.8009182750e+05 -7.0758838024e+01  0  8.7600000000e+00  2.6098006461e-13
-4.4965543318e+00  4.8144592565e+05  9.1504705992e+00  0  8.7600000000e+00  2.6171615842e-13
 3.9890374797e-03  4.8324372032e+05  3.7529218983e-03  3  3.2200000000e+01  2.6269344764e-13
-2.6405921647e+00  4.8369499471e+05  4.4032534806e+00  1  1.2100000000e+01  2.6293876242e-13
-3.9036470790e+02  4.8804654970e+05  5.8074177913e+01  0  8.7600000000e+00  2.6530428718e-13
-4.6416557998e-03  4.8955761617e+05 -2.3090266657e-03  3  3.2200000000e+01  2.6612570966e-13
 3.1862253708e+01  4.9067595285e+05  1.4593001996e+01  0  8.7600000000e+00  2.6673364249e-13
 1.5698487414e-01  4.9263447518e+05  1.2088059013e+01  1  1.2100000000e+01  2.6779830398e-13
 1.2174540448e+02  4.9323646166e+05 -1.9443976392e+02  0  8.7600000000e+00  2.6812554653e-13
 2.8856252748e+01  4.9832903565e+05  2.3981105301e+01  0  8.7600000000e+00  2.7089389253e-13
-1.2469971761e+01  4.9863876440e+05  5.5692037177e+00  1  1.2100000000e+01  2.7106226246e-13
 2.1888301881e-03  5.0201423772e+05 -2.3310286400e-03  0  8.7600000000e+00  2.7289718485e-13
-3.0512979354e+00  5.0288487057e+05 -4.1500364705e+00  1  1.2100000000e+01  2.7337046476e-13
 2.5459468079e+00  5.0486157862e+05  4.0395909384e+00  3  3.2200000000e+01  2.7444501210e-13
 1.3446662564e+01  5.0540261883e+05 -1.1151978500e+01  0  8.7600000000e+00  2.7473912398e-13
 2.4016482138e-03  5.0644827244e+05  4.5015294754e-03  3  3.2200000000e+01  2.7530754596e-13
 2.5202024837e+02  5.0770953352e+05  2.5303499907e+02  1  1.2100000000e+01  2.7599317312e-13
-4.1438187229e+00  5.0784037259e+05 -5.7360579454e-01  1  1.2100000000e+01  2.7606429783e-13
 1.4621578557e+00  5.1095112677e+05 -1.3955996844e+00  1  1.2100000000e+01  2.7775531771e-13
-1.2508334937e+01  5.1535981114e+05 -2.5777220120e+00  1  1.2100000000e+01  2.8015189825e-13
 1.7420299221e+00  5.1662175634e+05  2.6410345148e+00  0  8.7600000000e+00  2.8083789731e-13
 6.3765649520e+01  5.1667101296e+05  2.7190810491e+02  0  8.7600000000e+00  2.8086467342e-13
-2.5847883867e+01  5.2087325344e+05 -3.9240500507e+01  0  8.7600000000e+00  2.8314903014e-13
-1.5285464167e+00  5.2354892091e+05  4.8140110621e+00  0  8.7600000000e+00  2.8460353495e-13
 1.0043026327e+02  5.2570108293e+05  4.4252747279e+01  0  8.7600000000e+00  2.8577345985e-13
-1.5558073439e-01  5.2721694051e+05  2.0057086608e+00  0  8.7600000000e+00  2.8659748680e-13
-2.7941062477e-03  5.2809772946e+05 -5.4370574911e-04  3  3.2200000000e+01  2.8707628762e-13
 1.9808109861e+01  5.2869336060e+05  6.5637428297e+01  1  1.2100000000e+01  2.8740007537e-13
-6.7016902291e+01  5.2953931490e+05  6.0895917799e+01  0  8.7600000000e+00  2.8785993991e-13
-2.0799802167e+02  5.3130321715e+05 -1.2715784855e+03  0  8.7600000000e+00  2.8881880507e-13
-1.1771486960e+01  5.3197081024e+05 -1.0298053736e+01  2  1.6800000000e+01  2.8918171165e-13
-2.3837469450e+02  5.3228731156e+05  2.6210740254e+02  1  1.2100000000e+01  2.8935376319e-13
-1.0307846962e+03  5.3581249518e+05 -1.1256506476e+03  0  8.7600000000e+00  2.9127006877e-13
 1.9374746582e-03  5.3848464532e+05  3.1365806694e-03  0  8.7600000000e+00  2.9272266154e-13
-4.5532507988e+00  5.4045631685e+05 -7.4517941383e-01  1  1.2100000000e+01  2.9379447100e-13
-2.0072029181e+00  5.4106185909e+05  2.2298234388e+00  0  8.7600000000e+00  2.9412364647e-13
-9.2574807398e-01  5.4228115308e+05 -5.7750513921e-02  2  1.6800000000e+01  2.9478646013e-13
 2.4393039456e+01  5.4252663985e+05 -1.0706977718e+01  1  1.2100000000e+01  2.9491990784e-13
 5.8108410038e+01  5.4318670934e+05  1.2349592083e+02  1  1.2100000000e+01  2.9527872457e-13
-1.7883627807e+00  5.4406362998e+05 -1.9218842838e+01  2  1.6800000000e+01  2.9575542255e-13
 7.3861496379e-01  5.4421508912e+05  2.4422915211e+00  0  8.7600000000e+00  2.9583775641e-13
 2.6703208344e+00  5.4432141905e+05 -7.1022762812e-01  1  1.2100000000e+01  2.9589555784e-13
 3.2264320359e+01  5.4758995024e+05  6.7058745205e+01  3  3.2200000000e+01  2.9767234601e-13
-3.4886896510e-03  5.4794421715e+05 -4.4069645085e-03  2  1.6800000000e+01  2.9786492709e-13
-1.5163760364e-01  5.4991901810e+05 -1.1522633805e+00  2  1.6800000000e+01  2.9893843772e-13
 1.6766125690e+02  5.5547642326e+05  4.8408679058e+02  1  1.2100000000e+01  3.0195946802e-13
 2.1475049607e-03  5.5636172954e+05  3.1158748400e-03  2  1.6800000000e+01  3.0244072447e-13
 2.6334692881e+02  5.5978761329e+05  3.7648629484e+02  0  8.7600000000e+00  3.0430305020e-13
-1.2400821154e+02  5.6316839088e+05  4.2663210986e+01  2  1.6800000000e+01  3.0614085602e-13
-1.2011876916e+02  5.6758368371e+05 -2.3761889212e+01  0  8.7600000000e+00  3.0854102895e-13
-1.0800044631e+01  5.6916205714e+05  1.6130354790e+01  0  8.7600000000e+00  3.0939903980e-13
 6.2035156789e+00  5.7004864384e+05  1.2490638399e+00  1  1.2100000000e+01  3.0988099230e-13
-1.4915641102e-03  5.7114912490e+05  1.2820007029e-03  2  1.6800000000e+01  3.1047921872e-13
 7.7310912021e+01  5.7161523979e+05 -1.7972612395e+02  1  1.2100000000e+01  3.1073260087e-13
-3.4141857356e-03  5.7196274751e+05 -2.2196580596e-03  2  1.6800000000e+01  3.1092150761e-13
 4.2069916982e-03  5.7305114271e+05 -3.0905279555e-03  0  8.7600000000e+00  3.1151316411e-13
 1.7193723848e+01  5.7708702423e+05 -1.0248980525e+01  1  1.2100000000e+01  3.1370708736e-13
-5.4840982939e+00  5.7753536018e+05 -9.3030442315e-01  0  8.7600000000e+00  3.1395080478e-13
 2.5095369068e+01  5.7816187612e+05  1.7955583245e+02  0  8.7600000000e+00  3.1429138165e-13
 1.5360278548e+00  5.8041890986e+05  7.2194195099e-02  0  8.7600000000e+00  3.1551831529e-13
 7.0971907511e+00  5.8163213746e+05 -5.9405015244e+00  0  8.7600000000e+00  3.1617783124e-13
-2.9655026885e+01  5.8343092360e+05  3.5584465988e+00  1  1.2100000000e+01  3.1715565943e-13
-2.3754386519e+01  5.8367766894e+05 -2.5098088612e+02  2  1.6800000000e+01  3.1728979130e-13
-1.4853127450e+01  5.8610444250e+05  1.5204267720e+01  1  1.2100000000e+01  3.1860899626e-13
-2.5033478334e-03  5.8685459393e+05 -3.7670361152e-03  3  3.2200000000e+01  3.1901678193e-13
 3.4115619274e+00  5.8874084596e+05 -8.1216327828e+00  1  1.2100000000e+01  3.2004215697e-13
 1.2933532352e+01  5.8965295728e+05 -5.5506140851e+00  0  8.7600000000e+00  3.2053798476e-13
 7.5094581041e+01  5.9116541674e+05 -1.1373971907e+02  0  8.7600000000e+00  3.2136016449e-13
-3.2070373342e+01  5.9270652334e+05 -1.2671945539e+01  1  1.2100000000e+01  3.2219791693e-13
-1.0629813856e+02  5.9277253352e+05  1.9917561495e-02  2  1.6800000000e+01  3.2223380036e-13
-2.4299556131e+00  5.9363176882e+05 -1.2376981631e+01  2  1.6800000000e+01  3.2270088451e-13
 6.1846429279e+01  5.9512292926e+05  5.3518155928e+01  1  1.2100000000e+01  3.2351148600e-13
 1.0317774763e+01  5.9589330297e+05 -6.6096192596e+00  1  1.2100000000e+01  3.2393026459e-13
-4.0964831989e+01  5.9778944008e+05  7.5955301029e+01  1  1.2100000000e+01  3.2496101320e-13
-2.5759877719e-03  5.9918228168e+05 -4.6264821103e-03  2  1.6800000000e+01  3.2571816813e-13
-5.0200828692e+02  5.9972173212e+05 -9.9593817011e+01  0  8.7600000000e+00  3.2601141580e-13
-7.9134183227e-02  6.0045399215e+05 -2.7787283467e+01  1  1.2100000000e+01  3.2640947563e-13
-3.7853080925e+00  6.0100862889e+05  1.0958226960e+00  1  1.2100000000e+01  3.2671097864e-13
 2.7151722450e-03  6.0188780224e+05  3.8999222959e-03  0  8.7600000000e+00  3.2718890120e-13
-1.9601579083e+00  6.0212964498e+05 -1.7765433768e+00  3  3.2200000000e+01  3.2732036800e-13
-4.0059729335e-03  6.0292177339e+05  1.6129067897e-03  3  3.2200000000e+01  3.2775097254e-13
-3.2654105847e+01  6.0381817806e+05 -1.6457515050e+01  2  1.6800000000e+01  3.2823826213e-13
-1.8755856375e-03  6.0520669456e+05 -2.9678088417e-03  3  3.2200000000e+01  3.2899306591e-13
-6.5042405281e+00  6.0729110114e+05  2.5491735286e+00  1  1.2100000000e+01  3.3012615865e-13
-9.3031386365e-01  6.1147160898e+05 -6.9962575942e+00  1  1.2100000000e+01  3.3239870141e-13
-1.0198004590e+01  6.1217100480e+05  5.1157587048e+00  0  8.7600000000e+00  3.3277889610e-13
 6.9724396357e+01  6.1439051040e+05 -1.0284701107e+01  0  8.7600000000e+00  3.3398542928e-13
 7.7715913234e+00  6.1553603261e+05  7.0664719669e+00  1  1.2100000000e+01  3.3460814027e-13
-3.4721873568e+01  6.1624452087e+05 -4.7401377939e+01  1  1.2100000000e+01  3.3499327766e-13
 4.2232718769e+00  6.1831378156e+05  2.3368126003e+00  1  1.2100000000e+01  3.3611813703e-13
 3.6797334923e-05  6.1841920812e+05 -1.5471919517e-03  3  3.2200000000e+01  3.3617544738e-13
 2.1158799189e+00  6.2096411815e+05  1.7911062098e+00  1  1.2100000000e+01  3.3755887185e-13
-4.6257168103e+02  6.2118613432e+05  2.9413839268e+01  2  1.6800000000e+01  3.3767956083e-13
 5.4702338218e+00  6.2195523675e+05 -7.6093628034e+00  1  1.2100000000e+01  3.3809764835e-13
-2.8850283493e+01  6.2225453268e+05 -9.2265817542e+01  0  8.7600000000e+00  3.3826034696e-13
-3.1072568531e+02  6.2336108398e+05 -1.3162985494e+02  1  1.2100000000e+01  3.3886187320e-13
-5.6300231174e+01  6.2757486880e+05 -8.1079086279e+00  0  8.7600000000e+00  3.4115250547e-13
-1.8201320729e+00  6.2848986321e+05  9.9217362350e+00  0  8.7600000000e+00  3.4164990053e-13
-4.9671219504e+00  6.2923237109e+05 -4.2400293525e+00  0  8.7600000000e+00  3.4205353113e-13
-3.6551318637e-03  6.2937792686e+05 -1.8012337977e-03  3  3.2200000000e+01  3.4213265589e-13
-8.5083588089e-01  6.2986901284e+05 -1.6282663778e+01  3  3.2200000000e+01  3.4239961243e-13
 2.2197399284e+01  6.3537721145e+05 -3.1306747476e+00  0  8.7600000000e+00  3.4539389383e-13
-4.3768618700e+00  6.3744236633e+05 -5.1155068522e+00  2  1.6800000000e+01  3.4651652126e-13
-1.4216311945e+00  6.3900743715e+05  2.3726973254e+00  0  8.7600000000e+00  3.4736730076e-13
-3.3364380656e-03  6.4501201009e+05  4.4854322772e-03  0  8.7600000000e+00  3.5063141346e-13
-3.3397172011e-03  6.4542241100e+05 -6.2699914706e-04  2  1.6800000000e+01  3.5085450923e-13
 2.6222744905e-01  6.4853516932e+05 -2.8858023157e+00  3  3.2200000000e+01  3.5254661858e-13
-1.1326831758e+01  6.5053920783e+05 -3.1140437744e+00  2  1.6800000000e+01  3.5363602287e-13
 7.0581852036e+00  6.5157618191e+05 -8.6567123587e+00  1  1.2100000000e+01  3.5419972662e-13
-3.3460775793e+01  6.5192998241e+05  1.0077159758e+01  0  8.7600000000e+00  3.5439205416e-13
-1.4634513737e+01  6.5512284830e+05 -8.4220709037e+00  0  8.7600000000e+00  3.5612771033e-13
-5.9154324005e+00  6.5874230096e+05 -9.3820412170e+00  2  1.6800000000e+01  3.5809526099e-13
 2.0253353180e-03  6.6343946944e+05 -1.8931112959e-04  3  3.2200000000e+01  3.6064866278e-13
-1.7521551003e-03  6.6498327290e+05  1.5292284901e-03  0  8.7600000000e+00  3.6148788125e-13
 4.8866466734e+00  6.6565199029e+05  1.9325499229e+01  0  8.7600000000e+00  3.6185139901e-13
-3.0043952393e+01  6.6695485909e+05  9.3707689390e+01  0  8.7600000000e+00  3.6255964432e-13
-4.1629797047e+01  6.6741681235e+05  4.4381765323e+01  0  8.7600000000e+00  3.6281076417e-13
-4.7398718334e+00  6.6809005388e+05 -8.9983735990e+00  0  8.7600000000e+00  3.6317674128e-13
 5.0615756248e+00  6.6870989590e+05 -2.3568073886e+00  0  8.7600000000e+00  3.6351369017e-13
 4.5982618415e+02  6.7010751856e+05  3.3654811560e+02  1  1.2100000000e+01  3.6427344411e-13
-1.6919898121e+00  6.7134774409e+05 -1.6675672319e+02  1  1.2100000000e+01  3.6494763625e-13
-1.2586620360e+00  6.7475910968e+05 -8.9736499391e-03  0  8.7600000000e+00  3.6680206984e-13
 1.3918718970e+01  6.7502283239e+05  6.8743218685e+00  0  8.7600000000e+00  3.6694543069e-13
-1.6533597999e+02  6.7806663078e+05 -1.5485030199e+01  1  1.2100000000e+01  3.6860005310e-13
-7.3182980820e-01  6.7915773986e+05 -1.1617176883e+00  0  8.7600000000e+00  3.6919318488e-13
 1.9880769320e+01  6.7992314396e+05 -3.6802702532e+01  0  8.7600000000e+00  3.6960926197e-13
-3.5915497646e+00  6.8034988827e+05  3.2997364597e+00  1  1.2100000000e+01  3.6984124209e-13
-3.9242549319e+02  6.8848062157e+05  3.6487798039e+01  0  8.7600000000e+00  3.7426114508e-13
 6.9259392721e+00  6.9099723547e+05 -1.1290416786e+00  1  1.2100000000e+01  3.7562918765e-13
 8.8134966690e+00  6.9258801743e+05  2.9376380265e+00  1  1.2100000000e+01  3.7649394384e-13
-6.6488316109e+00  6.9392918214e+05  5.1204981143e+00  0  8.7600000000e+00  3.7722300697e-13
-2.0479071092e+00  6.9604150695e+05 -6.7445992215e+00  1  1.2100000000e+01  3.7837127618e-13
-4.8298520484e+00  6.9835232726e+05 -2.1942273146e+00  1  1.2100000000e+01  3.7962744843e-13
-2.7976933261e+01  6.9850050887e+05 -1.9081478987e+01  0  8.7600000000e+00  3.7970800062e-13
 5.3363068981e+00  7.0079480530e+05  2.2416434762e-01  0  8.7600000000e+00  3.8095519042e-13
 8.1362373810e+00  7.0269836061e+05  1.5010122983e+01  2  1.6800000000e+01  3.8198997160e-13
 8.4270818690e+00  7.0322748680e+05 -3.6314430238e+00  3  3.2200000000e+01  3.8227760696e-13
-2.4940550624e+01  7.0613423369e+05 -5.8889570434e+00  0  8.7600000000e+00  3.8385772757e-13
 4.4374283045e+00  7.0724191457e+05 -6.3086343264e+00  0  8.7600000000e+00  3.8445986786e-13
 1.5714533000e+02  7.0924154087e+05  1.1530278376e+02  0  8.7600000000e+00  3.8554687366e-13
 1.7432329835e-03  7.1201049346e+05 -1.4832461376e-03  3  3.2200000000e+01  3.8705208867e-13
-5.8060332430e-01  7.1287924745e+05  1.6984226877e+00  2  1.6800000000e+01  3.8752434722e-13
 3.1460875884e+00  7.1611939676e+05 -9.8359377587e-01  0  8.7600000000e+00  3.8928570688e-13
-1.4910181291e+00  7.1627440995e+05 -3.3607880116e-01  0  8.7600000000e+00  3.8936997274e-13
-1.6148406877e+00  7.1801979434e+05 -1.2969055464e-01  1  1.2100000000e+01  3.9031877150e-13
 4.3480831483e+01  7.1809383135e+05 -2.4589898434e+02  1  1.2100000000e+01  3.9035901835e-13
-3.4995071633e+00  7.2035748399e+05 -8.8159564139e-01  0  8.7600000000e+00  3.9158955005e-13
-1.3868529067e+02  7.2036597934e+05 -2.6906768932e+02  1  1.2100000000e+01  3.9159416816e-13
 1.4753160103e+00  7.2123791669e+05 -1.5860083739e+00  0  8.7600000000e+00  3.9206815721e-13
 1.4367386803e+02  7.2624665771e+05  7.2898607929e+01  0  8.7600000000e+00  3.9479093123e-13
 2.2432595837e+01  7.2755262865e+05 -4.0844690776e+01  2  1.6800000000e+01  3.9550086287e-13
 2.2697563545e+01  7.2755941139e+05 -2.6667363063e+01  0  8.7600000000e+00  3.9550455000e-13
 9.7402326009e+00  7.3257945399e+05  2.1032040952e+01  2  1.6800000000e+01  3.9823346761e-13
-8.5980428422e+01  7.3353625920e+05 -3.4117695177e+01  0  8.7600000000e+00  3.9875359120e-13
 1.8658002945e+01  7.3432432896e+05 -2.3981895742e+01  3  3.2200000000e+01  3.9918198945e-13
 5.7095260198e+00  7.3452152776e+05 -1.2813444257e+01  0  8.7600000000e+00  3.9928918759e-13
-1.2034872184e+00  7.3862804774e+05  4.4694117811e+00  2  1.6800000000e+01  4.0152151022e-13
 2.7647724673e+01  7.4043721062e+05  3.1282868950e+01  1  1.2100000000e+01  4.0250497926e-13
 1.3279772072e+01  7.4122307133e+05  2.6527713283e+01  0  8.7600000000e+00  4.0293217665e-13
-3.3868964328e+01  7.4165241502e+05 -1.7029231098e+01  0  8.7600000000e+00  4.0316556980e-13
 6.9920799061e+00  7.4396148915e+05  4.9885375713e+01  1  1.2100000000e+01  4.0442079282e-13
-1.3323538676e+01  7.4452736453e+05  1.1469655945e+01  0  8.7600000000e+00  4.0472840521e-13
-4.2003354255e+01  7.4454194065e+05 -4.0324540025e+01  2  1.6800000000e+01  4.0473632886e-13
 1.0747406506e+02  7.4713944768e+05  7.2719822025e+01  1  1.2100000000e+01  4.0614834530e-13
-1.4410513132e+00  7.4755622666e+05 -1.2334263131e+01  0  8.7600000000e+00  4.0637490821e-13
-2.0806018342e-01  7.4841767595e+05  2.0867657705e+00  0  8.7600000000e+00  4.0684319590e-13
-1.8676750185e+01  7.4854279405e+05 -7.1191433074e+01  0  8.7600000000e+00  4.0691121066e-13
-1.8700304202e+01  7.4943504348e+05  7.6695643200e+00  0  8.7600000000e+00  4.0739624144e-13
-3.1371514871e+00  7.5135366366e+05  1.1753109118e+01  1  1.2100000000e+01  4.0843921195e-13
-2.8145487602e+00  7.5175050717e+05 -1.8858580302e+01  1  1.2100000000e+01  4.0865493786e-13
 1.0438378792e+01  7.5243339329e+05  3.4194421777e-01  0  8.7600000000e+00  4.0902615780e-13
 5.8182185332e+01  7.5292665464e+05 -5.7054390979e+01  0  8.7600000000e+00  4.0929429688e-13
 6.8002691731e-02  7.5340669432e+05  8.8052912466e-01  2  1.6800000000e+01  4.0955524860e-13
-1.5718204281e+00  7.5453870595e+05  5.2864067281e+00  1  1.2100000000e+01  4.1017061518e-13
 1.0821651370e-03  7.5650476709e+05 -2.0505429185e-03  0  8.7600000000e+00  4.1123937481e-13
 2.2299088777e+00  7.5902109989e+05  1.3381933714e+00  0  8.7600000000e+00  4.1260726458e-13
-3.3528640097e+01  7.6112390618e+05 -7.5345697879e+00  1  1.2100000000e+01  4.1375035948e-13
 4.2106244805e+01  7.6739669702e+05 -7.8220552809e+01  0  8.7600000000e+00  4.1716027664e-13
-3.4748316177e-03  7.6781971431e+05 -1.4949979850e-03  3  3.2200000000e+01  4.1739023073e-13
-1.0799556038e+02  7.7116221769e+05 -8.2637239640e+02  0  8.7600000000e+00  4.1920723051e-13
 3.5688667738e-03  7.7514428360e+05  1.9438668093e-03  4  4.0000000000e+01  4.2137189935e-13
-7.8670750678e+01  7.7569443458e+05 -9.7059367287e+01  0  8.7600000000e+00  4.2167096388e-13
-3.0282282687e+00  7.8269466991e+05 -2.3177440811e+01  0  8.7600000000e+00  4.2547632312e-13
-7.7996386555e+01  7.8567186351e+05  1.3606076386e+02  2  1.6800000000e+01  4.2709473888e-13
 3.0359248449e+01  7.8702427629e+05  3.5036603313e+01  2  1.6800000000e+01  4.2782991651e-13
-4.2745666139e+01  7.8719537815e+05 -1.3471470617e+01  1  1.2100000000e+01  4.2792292825e-13
 5.6946454829e-04  7.9008203809e+05  9.9066311772e-04  3  3.2200000000e+01  4.2949212950e-13
 1.0253383616e+02  7.9448593874e+05 -2.9916037112e+01  1  1.2100000000e+01  4.3188610959e-13
-1.0303093202e+01  7.9545058860e+05  1.6456758291e+01  2  1.6800000000e+01  4.3241049757e-13
-2.3192183577e+00  7.9618881155e+05 -3.2293797832e+00  2  1.6800000000e+01  4.3281179887e-13
 1.0995865480e+00  7.9797417489e+05 -6.1415482880e+00  0  8.7600000000e+00  4.3378233036e-13
-1.1765223024e+02  7.9839575387e+05  8.7638991056e+01  2  1.6800000000e+01  4.3401150258e-13
-4.9010416978e+02  8.0584925166e+05 -4.1219514540e+02  0  8.7600000000e+00  4.3806325731e-13
-1.1267099466e+01  8.0642605725e+05 -3.5665718440e+00  3  3.2200000000e+01  4.3837681141e-13
 1.9976765582e+01  8.0656348763e+05  2.9508316521e+01  1  1.2100000000e+01  4.3845151918e-13
-4.1108232822e+00  8.0688547830e+05  1.1434448314e+02  0  8.7600000000e+00  4.3862655475e-13
-6.2073336262e+01  8.0785763637e+05  1.4190193738e+01  0  8.7600000000e+00  4.3915502423e-13
 7.3162195030e+01  8.0961508266e+05  5.2100394742e+01  0  8.7600000000e+00  4.4011037989e-13
 1.0799417314e+02  8.1102710703e+05 -3.0441563751e+01  0  8.7600000000e+00  4.4087796265e-13
 8.8681081407e+00  8.1298868763e+05 -1.5845165504e+01  1  1.2100000000e+01  4.4194428664e-13
 2.4975117130e+00  8.1328439646e+05  1.1010477459e+01  0  8.7600000000e+00  4.4210503528e-13
-6.2801067395e+00  8.1540275348e+05  4.4852294886e+00  2  1.6800000000e+01  4.4325658363e-13
 7.5019600370e-05  8.1555863977e+05  8.5442342602e-04  2  1.6800000000e+01  4.4334132412e-13
-8.7225624755e+00  8.2211397206e+05  1.5406186536e+01  1  1.2100000000e+01  4.4690483207e-13
 2.5756919497e+01  8.2250613140e+05  1.2589313978e+01  1  1.2100000000e+01  4.4711801164e-13
-2.6180148168e+01  8.2294866848e+05 -1.2213085541e+01  1  1.2100000000e+01  4.4735857677e-13
 2.9452118338e-04  8.2397697278e+05  1.7529039186e-05  2  1.6800000000e+01  4.4791756759e-13
-1.2495675830e+01  8.2839355856e+05 -3.1506208322e+01  1  1.2100000000e+01  4.5031844338e-13
 1.6974889502e+00  8.2870246324e+05  2.3677999970e+00  1  1.2100000000e+01  4.5048636534e-13
-9.1989046334e-01  8.3055290537e+05  7.7916680873e-01  0  8.7600000000e+00  4.5149227396e-13
 4.6487059900e+00  8.3227487774e+05 -9.9340193225e+00  1  1.2100000000e+01  4.5242834584e-13
-1.1338893544e+01  8.3465321927e+05  1.3458326315e+00  1  1.2100000000e+01  4.5372122293e-13
-1.2586317228e+01  8.3548576194e+05 -1.2041045118e+01  0  8.7600000000e+00  4.5417379685e-13
 4.6105616026e-03  8.3720907553e+05 -2.9114564661e-04  3  3.2200000000e+01  4.5511059783e-13
 1.3129037877e+01  8.3755264933e+05  3.8142438919e+00  0  8.7600000000e+00  4.5529736608e-13
 4.1194280654e+02  8.3882218688e+05 -2.5924711594e+03  0  8.7600000000e+00  4.5598749237e-13
 1.3024388645e+00  8.4004164955e+05  4.6424575060e+01  3  3.2200000000e+01  4.5665039773e-13
 1.0088507141e+01  8.4586497108e+05  3.5464268964e+01  1  1.2100000000e+01  4.5981598136e-13
-6.0169878132e+01  8.5103074596e+05 -1.3365839048e+02  0  8.7600000000e+00  4.6262411969e-13
 1.1801179810e+01  8.5258477688e+05  2.5476954306e+01  0  8.7600000000e+00  4.6346889785e-13
-3.2848826508e-03  8.5332455402e+05  9.7728727664e-04  1  1.2100000000e+01  4.6387104401e-13
-1.5238679007e+01  8.5446554874e+05 -6.4939800995e+00  1  1.2100000000e+01  4.6449129384e-13
 7.1958308700e+00  8.5459256972e+05 -1.9551796753e+01  0  8.7600000000e+00  4.6456034301e-13
 6.0498703451e+00  8.5734527349e+05 -3.1323582755e+00  1  1.2100000000e+01  4.6605672509e-13
-2.8457121370e+01  8.5815411199e+05 -4.3935347796e+01  2  1.6800000000e+01  4.6649641332e-13
 3.1905010054e+01  8.6507908303e+05  2.5333304635e+01  1  1.2100000000e+01  4.7026085855e-13
-2.3549525584e+01  8.6969584294e+05  3.9573206127e+01  0  8.7600000000e+00  4.7277054988e-13
-3.4318505721e+01  8.7118946378e+05 -2.5080183971e+01  0  8.7600000000e+00  4.7358248885e-13
-1.1099328355e+01  8.7289812998e+05  1.6048162328e+00  0  8.7600000000e+00  4.7451132744e-13
 1.6101241891e+01  8.7354050008e+05 -1.1473058648e+00  0  8.7600000000e+00  4.7486052270e-13
-1.2158894469e+01  8.7466959274e+05  1.1020403617e+01  0  8.7600000000e+00  4.7547430252e-13
 1.2344676852e+01  8.7737346906e+05 -4.2292133249e+01  1  1.2100000000e+01  4.7694414178e-13
-5.3426129710e+00  8.7930864879e+05 -7.9570547025e+00  1  1.2100000000e+01  4.7799611414e-13
-4.7327415551e-03  8.8113886651e+05 -3.1873161384e-03  4  4.0000000000e+01  4.7899102867e-13
-2.7030595052e+01  8.8150029834e+05 -1.2645331216e-01  0  8.7600000000e+00  4.7918750464e-13
 1.6268803923e+01  8.8265200916e+05 -5.6850468537e+00  1  1.2100000000e+01  4.7981357979e-13
 1.5111920830e+03  8.8296996900e+05 -4.8161899165e+02  0  8.7600000000e+00  4.7998642418e-13
 1.3534181823e+01  8.8660312981e+05 -3.6136570483e+01  2  1.6800000000e+01  4.8196142665e-13
 1.0093469258e+01  8.8903482738e+05 -1.3906468120e+01  0  8.7600000000e+00  4.8328330832e-13
-1.7039365535e-01  8.8999644741e+05  2.8121713009e+00  0  8.7600000000e+00  4.8380604927e-13
 7.7766217095e-04  8.9173946424e+05  1.6810711248e-04  3  3.2200000000e+01  4.8475356101e-13
 2.8820716498e+00  8.9319659578e+05  1.5400866423e+00  3  3.2200000000e+01  4.8554566423e-13
-8.7148987408e-01  8.9458337505e+05 -2.9980917025e+00  1  1.2100000000e+01  4.8629952365e-13
 2.1008100682e-01  8.9596400699e+05  1.7542465190e-01  1  1.2100000000e+01  4.8705004134e-13
-3.0750000090e+01  8.9608343068e+05  8.8497682160e+00  0  8.7600000000e+00  4.8711496060e-13
 5.0526659717e+00  8.9657926327e+05 -4.3775066619e+00  0  8.7600000000e+00  4.8738449741e-13
 5.2373368217e+00  8.9817982347e+05 -3.5810963707e+00  2  1.6800000000e+01  4.8825456909e-13
 1.4297216497e+00  9.0191059049e+05 -2.1786673859e+00  3  3.2200000000e+01  4.9028263073e-13
 2.9208336103e+00  9.0193296866e+05 -3.4497042887e+00  1  1.2100000000e+01  4.9029479560e-13
-2.3772249366e+01  9.0321584689e+05  4.9617649180e+01  2  1.6800000000e+01  4.9099217395e-13
-1.2209813007e+01  9.0603831657e+05 -4.6731522001e+00  0  8.7600000000e+00  4.9252648109e-13
 8.5443516395e-01  9.0609283540e+05  6.9673255335e+00  0  8.7600000000e+00  4.9255611777e-13
-4.6237605110e-03  9.0629333529e+05 -1.5429082450e-03  0  8.7600000000e+00  4.9266511040e-13
-1.0556231404e-01  9.0718887160e+05 -4.0958536002e+00  0  8.7600000000e+00  4.9315192795e-13
-6.7959087286e+01  9.0831378959e+05  5.0135382209e+02  2  1.6800000000e+01  4.9376343840e-13
-1.2166347516e+02  9.0993348917e+05 -8.2392099822e+01  1  1.2100000000e+01  4.9464391434e-13
-5.8395686058e+01  9.1130539208e+05 -3.1041347116e+02  0  8.7600000000e+00  4.9538968689e-13
-1.6588740361e-03  9.1199561828e+05 -6.9592506424e-04  3  3.2200000000e+01  4.9576489694e-13
 2.2769637247e+01  9.1223053061e+05 -9.5659311971e+00  0  8.7600000000e+00  4.9589259633e-13
 1.2042509540e+02  9.1448186850e+05 -1.1722562145e+02  3  3.2200000000e+01  4.9711643368e-13
 3.5874452622e-03  9.1585581510e+05  4.1925211526e-03  0  8.7600000000e+00  4.9786331720e-13
 7.4240691692e+02  9.1585719664e+05 -7.7650561514e+01  0  8.7600000000e+00  4.9786406821e-13
 3.7030124519e-03  9.1652483273e+05 -3.4697216416e-03  1  1.2100000000e+01  4.9822699817e-13
 4.3883694566e-03  9.1682281389e+05 -4.6745432586e-03  2  1.6800000000e+01  4.9838898206e-13
 4.9514530040e-03  9.1698247390e+05 -9.2936160785e-04  1  1.2100000000e+01  4.9847577396e-13
-5.5935357976e-01  9.1882685061e+05 -9.4719757110e-01  1  1.2100000000e+01  4.9947838539e-13
-1.8311555772e+01  9.2123568758e+05 -7.3802052331e+00  0  8.7600000000e+00  5.0078783994e-13
-5.8699635785e-01  9.2184245772e+05 -8.1302783571e+01  1  1.2100000000e+01  5.0111768290e-13
-4.8014998858e+00  9.2287491548e+05  1.8857011252e+01  0  8.7600000000e+00  5.0167893156e-13
 1.7976888690e+01  9.2899582878e+05  9.7601717910e+00  1  1.2100000000e+01  5.0500628740e-13
 2.1945692376e-04  9.3010901720e+05 -1.5874823307e-03  0  8.7600000000e+00  5.0561142161e-13
-1.6060471803e+02  9.3043635781e+05  1.8631943720e+02  1  1.2100000000e+01  5.0578936543e-13
-6.4032681227e+01  9.3310311067e+05 -9.4521563564e+01  3  3.2200000000e+01  5.0723902421e-13
 1.2454362680e+02  9.3350205498e+05 -4.8321508054e+02  0  8.7600000000e+00  5.0745589212e-13
 1.9292882044e+02  9.3442008715e+05  3.6556690627e+02  0  8.7600000000e+00  5.0795493851e-13
 4.2127066296e+00  9.3567262583e+05  2.0888706979e+00  0  8.7600000000e+00  5.0863582414e-13
 3.9765993142e+00  9.3690622216e+05 -1.0777848625e+00  0  8.7600000000e+00  5.0930641262e-13
 1.4402125911e+00  9.4112511890e+05  1.0961414629e+00  0  8.7600000000e+00  5.1159982376e-13
-8.1553145117e-04  9.4167403500e+05  3.3629001995e-03  0  8.7600000000e+00  5.1189821701e-13
 1.0226362520e+01  9.4187030149e+05 -1.7570959844e+01  0  8.7600000000e+00  5.1200490835e-13
 3.8424627998e+01  9.4416716692e+05 -9.8052792914e+00  1  1.2100000000e+01  5.1325349467e-13
 2.4131040604e+00  9.4474190670e+05 -8.6095612936e+00  1  1.2100000000e+01  5.1356592579e-13
-8.8999516407e+00  9.4575695197e+05  7.7008186397e+00  2  1.6800000000e+01  5.1411770893e-13
 2.6365362819e-04  9.4721207922e+05  1.2265289092e-03  3  3.2200000000e+01  5.1490872261e-13
-2.9473428774e+00  9.4777447328e+05  4.2894966813e+01  0  8.7600000000e+00  5.1521444254e-13
-2.7275302729e+02  9.4788593838e+05  5.4283154711e+01  1  1.2100000000e+01  5.1527503547e-13
-1.5042568187e+02  9.5304020046e+05  1.4077517941e+01  3  3.2200000000e+01  5.1807691538e-13
 3.6673317735e+01  9.5327089248e+05 -4.0250855548e+01  2  1.6800000000e+01  5.1820232060e-13
-1.6958542422e+01  9.5500795738e+05 -2.4121313306e+01  1  1.2100000000e+01  5.1914659685e-13
 9.5181798562e-01  9.5865269542e+05 -1.4449888816e+01  2  1.6800000000e+01  5.2112789274e-13
 2.9180652369e+01  9.6304994506e+05 -1.5336373390e+02  0  8.7600000000e+00  5.2351825732e-13
-1.4379642401e+00  9.6666486276e+05  3.9364405920e+00  1  1.2100000000e+01  5.2548334275e-13
 4.2713763003e-03  9.7069035883e+05 -9.7852146531e-04  3  3.2200000000e+01  5.2767162041e-13
 1.4931146073e+00  9.7394573439e+05  4.2762926265e+00  3  3.2200000000e+01  5.2944125713e-13
 7.2783983058e+01  9.7535717245e+05  1.3206691498e+02  1  1.2100000000e+01  5.3020852117e-13
-1.4819260852e+01  9.7586751669e+05 -7.8897348404e+00  0  8.7600000000e+00  5.3048594658e-13
 2.2260222866e+02  9.8107103517e+05  1.0287151710e+02  1  1.2100000000e+01  5.3331460250e-13
 2.4806117220e+00  9.8250812797e+05 -1.4963882185e+01  0  8.7600000000e+00  5.3409581257e-13
 2.8591794345e+02  9.8751661699e+05 -1.7292800448e+02  0  8.7600000000e+00  5.3681844961e-13
 3.3250542442e+02  9.9098109788e+05 -1.1618066110e+02  0  8.7600000000e+00  5.3870175691e-13
 2.3547104447e+00  9.9247274195e+05 -2.2316570118e+00  0  8.7600000000e+00  5.3951262130e-13
 1.9444143359e+01  9.9288099974e+05  1.3048789475e+01  0  8.7600000000e+00  5.3973455206e-13
-3.5206874459e+00  9.9503880010e+05 -1.0217629296e+00  3  3.2200000000e+01  5.4090754199e-13
-4.7497413753e+00  1.0038722594e+06 -1.6536444338e+01  0  8.7600000000e+00  5.4570944999e-13