 x                 y                 z               Event            Energy              Time
-1.2490685473e+00  2.6214418197e+02  4.5836269406e+01  2  1.6800000000e+01  1.7259478034e-16
 3.3022164064e-01  5.3012644295e+02 -6.2939919086e+00  0  8.7600000000e+00  3.4903333077e-16
 4.0185926245e-03  8.6483780025e+02  4.8623943491e-04  3  3.2200000000e+01  5.6940607664e-16
-1.9400390690e+02  2.0717493780e+03 -6.4817307303e+01  2  1.6800000000e+01  1.3640322900e-15
 9.7322180038e+01  2.4062485891e+03  5.3490313815e+01  1  1.2100000000e+01  1.5842653595e-15
 1.9851047982e+00  4.3306568911e+03 -1.0093739205e+01  3  3.2200000000e+01  2.8512888184e-15
 7.6982741843e+01  4.5445240237e+03  1.5336176318e+01  1  1.2100000000e+01  2.9920981642e-15
 7.2580591248e+00  5.2882560804e+03  1.3039436387e+01  2  1.6800000000e+01  3.4817686578e-15
 2.2261825657e-03  6.6926739569e+03 -4.5496188847e-03  3  3.2200000000e+01  4.4064323031e-15
 4.5554046564e-03  6.7266132474e+03  2.6860594366e-03  1  1.2100000000e+01  4.4287778091e-15
-1.3005338304e+01  8.3347473927e+03  1.2862032713e+02  0  8.7600000000e+00  5.4875675083e-15
 1.5567436751e+01  8.7674264503e+03  3.0645724053e+01  1  1.2100000000e+01  5.7724418333e-15
-7.6999016654e+00  1.0961045313e+04  6.6189251105e+01  0  8.7600000000e+00  7.2167125511e-15
 1.8482211129e+01  1.3375426425e+04 -2.0615885326e+01  0  8.7600000000e+00  8.8063323339e-15
 4.6009511825e-03  1.6174852728e+04 -1.8134762239e-03  1  1.2100000000e+01  1.0649464477e-14
 2.1474647921e+00  1.7318602819e+04  2.5817401633e+00  0  8.7600000000e+00  1.1402505396e-14
-2.5399689669e+00  1.8330830526e+04  1.4989794077e+00  0  8.7600000000e+00  1.2068952454e-14
 9.0510529275e-04  1.9610052325e+04  2.1046552980e-03  0  8.7600000000e+00  1.2911187455e-14
 9.7870637597e-01  2.1295333078e+04  4.7217371131e+01  0  8.7600000000e+00  1.4020770201e-14
 2.9415932754e-03  2.2228433161e+04 -6.4182071744e-04  1  1.2100000000e+01  1.4635119917e-14
-5.4028176716e+01  2.2703608110e+04 -1.3826071692e+01  2  1.6800000000e+01  1.4947973384e-14
 2.5985590577e+00  2.4482284724e+04  1.7982516962e+00  1  1.2100000000e+01  1.6119047627e-14
-3.0705284402e+00  2.4760978903e+04  1.0498890313e+01  2  1.6800000000e+01  1.6302538865e-14
-2.3881894135e+00  2.6230252844e+04  2.3820302182e+00  1  1.2100000000e+01  1.7269903509e-14
-2.7530537924e+00  2.7029245250e+04  1.4584131054e+00  3  3.2200000000e+01  1.7795957216e-14
-1.6226273332e+00  3.1135142348e+04 -1.3376089895e+00  2  1.6800000000e+01  2.0499265001e-14
 2.9192020502e-03  3.1329192877e+04  3.0288569806e-03  1  1.2100000000e+01  2.0627027166e-14
-3.7481545653e+00  3.1360671590e+04 -7.6725574898e+00  0  8.7600000000e+00  2.0647752637e-14
-5.3749878500e+01  3.2677231330e+04 -3.7937202771e+01  0  8.7600000000e+00  2.1514570803e-14
-6.0836136749e+02  3.3284190452e+04 -7.9332176852e+00  1  1.2100000000e+01  2.1914190491e-14
-4.8575872356e+00  3.3861830680e+04  3.1826172681e-01  0  8.7600000000e+00  2.2294506726e-14
-7.7601708277e-01  3.6011256806e+04 -2.1574857315e+00  0  8.7600000000e+00  2.3709681106e-14
 2.1835229980e+00  3.6594614221e+04 -2.3444199635e+00  2  1.6800000000e+01  2.4093761516e-14
 9.2092487808e-01  3.8280262164e+04  1.4318837718e+01  1  1.2100000000e+01  2.5203586019e-14
 1.3569148460e+01  3.8729488685e+04  1.5568521726e+01  0  8.7600000000e+00  2.5499355134e-14
-1.0981404680e+02  3.9327465010e+04 -1.2315801240e+01  0  8.7600000000e+00  2.5893060582e-14
 4.8871423596e+00  3.9469252129e+04 -2.0667283406e+01  1  1.2100000000e+01  2.5986412707e-14
-4.0007265885e-03  4.0872957773e+04 -2.1177353114e-04  2  1.6800000000e+01  2.6910607421e-14
-2.7367159949e+01  4.1964424961e+04  1.9857548504e+01  1  1.2100000000e+01  2.7629225467e-14
 5.5203160459e+02  4.2999925751e+04 -1.8609125883e+02  2  1.6800000000e+01  2.8310995438e-14
 3.2031675718e+00  4.3780148068e+04 -2.9019310753e+00  3  3.2200000000e+01  2.8824690987e-14
 5.4798732234e+00  4.4177403586e+04 -2.3579328084e+00  0  8.7600000000e+00  2.9086242581e-14
-1.5177667738e+02  4.4369996854e+04 -6.1862071192e+01  0  8.7600000000e+00  2.9213045292e-14
-4.5674076435e+00  4.5011902273e+04 -2.2380553614e+01  1  1.2100000000e+01  2.9635673496e-14
 7.2226205642e-04  4.8371918642e+04 -9.4161783156e-04  2  1.6800000000e+01  3.1847896109e-14
 1.2641720885e+02  5.2226204463e+04  2.7465853101e+01  1  1.2100000000e+01  3.4385543939e-14
 1.1933055297e+02  5.2433160906e+04 -5.9238486950e+01  1  1.2100000000e+01  3.4521803312e-14
 1.5493541756e+00  5.2514911157e+04  1.2122377590e+00  0  8.7600000000e+00  3.4575627381e-14
 1.1495589825e+02  5.2769879657e+04  1.7309317713e+02  2  1.6800000000e+01  3.4743497718e-14
-3.3069626655e+00  5.2967209293e+04  3.2316144125e+00  0  8.7600000000e+00  3.4873418836e-14
 4.2291049609e-03  5.3963329662e+04 -1.4329219919e-03  0  8.7600000000e+00  3.5529260881e-14
-3.8854819716e+01  5.4645392099e+04  5.6825607758e+01  1  1.2100000000e+01  3.5978328320e-14
-3.7943531384e-01  5.5300202043e+04  4.9885604734e+00  0  8.7600000000e+00  3.6409452816e-14
 2.0028960703e+01  5.5332800659e+04  1.1585721457e+00  2  1.6800000000e+01  3.6430915627e-14
-3.1199176135e-03  5.6932392058e+04  3.5446697374e-03  1  1.2100000000e+01  3.7484080813e-14
-4.7357241622e-03  5.6989672360e+04 -3.3159938819e-03  2  1.6800000000e+01  3.7521793957e-14
-1.2755600583e+01  5.7233427394e+04 -6.8989687580e+00  0  8.7600000000e+00  3.7682281389e-14
 4.3324571359e+00  5.8824807376e+04 -3.8993158744e+00  0  8.7600000000e+00  3.8730040208e-14
 1.4286391710e+00  6.0475937774e+04 -1.4923057341e+00  2  1.6800000000e+01  3.9817138484e-14
 6.5766848940e+01  6.1530912274e+04 -6.1559340075e+01  2  1.6800000000e+01  4.0511729875e-14
-3.4841714390e+00  6.2149678885e+04  1.3386908067e+01  0  8.7600000000e+00  4.0919123571e-14
 3.9318303759e-02  6.2315372271e+04 -3.4570139968e+00  2  1.6800000000e+01  4.1028215497e-14
-7.6729016739e-01  6.5438236803e+04 -8.3475241601e-01  1  1.2100000000e+01  4.3084298199e-14
 6.3647732095e+00  6.5445846289e+04  4.9917495021e+00  1  1.2100000000e+01  4.3089308257e-14
 1.0026289450e+00  6.5927809029e+04 -5.5916411159e+00  0  8.7600000000e+00  4.3406630780e-14
-1.9091736232e-03  6.6586967008e+04  2.5189157052e-03  3  3.2200000000e+01  4.3840618007e-14
-4.8282607803e-01  6.7138960291e+04  6.1393325204e-01  2  1.6800000000e+01  4.4204048386e-14
-4.5837433960e-03  7.0223098811e+04  1.0247430699e-03  0  8.7600000000e+00  4.6234634022e-14
 1.0082017491e+01  7.0249193364e+04  2.6864784531e+01  1  1.2100000000e+01  4.6251814581e-14
 2.8567759124e-03  7.1575846542e+04  3.8327595307e-03  2  1.6800000000e+01  4.7125278231e-14
 2.9571492699e+02  7.1759643297e+04  1.6651750751e+02  0  8.7600000000e+00  4.7246289349e-14
-5.8353396067e+01  7.1785281335e+04 -2.0296683022e+02  0  8.7600000000e+00  4.7263169340e-14
-4.4022167776e+00  7.1793204980e+04 -5.0570251902e+00  0  8.7600000000e+00  4.7268386240e-14
 1.8439207261e+01  7.3961607644e+04  1.1101395039e+02  1  1.2100000000e+01  4.8696054703e-14
 4.3488702957e+00  7.4171038538e+04 -1.6967643170e+00  0  8.7600000000e+00  4.8833943245e-14
-1.5907799366e+01  7.5722425280e+04 -2.3306410608e+01  1  1.2100000000e+01  4.9855370659e-14
-6.4717473304e+00  7.7533182984e+04  6.5586597389e+00  2  1.6800000000e+01  5.1047566976e-14
-4.2990613058e+00  8.1731234344e+04 -6.1838173778e-01  1  1.2100000000e+01  5.3811548793e-14
 3.1020048215e-01  8.1979750065e+04 -1.6485837234e-01  1  1.2100000000e+01  5.3975170644e-14
 9.6556308061e+00  8.2983779563e+04 -2.5747191798e+01  0  8.7600000000e+00  5.4636220030e-14
 9.5873598822e-01  8.4317882525e+04  1.0315213151e+01  1  1.2100000000e+01  5.5514588591e-14
-8.9727603334e+00  8.5197910384e+04 -6.8767002464e+00  0  8.7600000000e+00  5.6093995747e-14
-2.8105680076e-03  8.5911376787e+04  2.7834970680e-03  2  1.6800000000e+01  5.6563739444e-14
 2.8504543080e+00  8.6019333031e+04  3.3077688108e-01  1  1.2100000000e+01  5.6634817444e-14
-4.7267601218e+01  8.6192275218e+04  2.0701221393e+01  2  1.6800000000e+01  5.6748681954e-14
 2.3359813440e+02  8.6323339791e+04 -9.2922938554e+01  0  8.7600000000e+00  5.6834974394e-14
-8.2895775338e+01  8.7155885226e+04  1.4651915579e+02  0  8.7600000000e+00  5.7383119294e-14
-6.1814198993e+01  8.9170211491e+04 -5.6294088101e+01  0  8.7600000000e+00  5.8709344415e-14
 5.8643919851e+00  8.9531866413e+04 -1.0840689416e+01  0  8.7600000000e+00  5.8947456706e-14
 5.2344066778e+00  9.3054492591e+04 -7.0904879359e+00  1  1.2100000000e+01  6.1266741028e-14
 3.9147100750e+01  9.3333636963e+04 -4.3852418896e+01  3  3.2200000000e+01  6.1450528672e-14
-1.0893453485e+02  9.6292686828e+04 -1.7133014859e+02  1  1.2100000000e+01  6.3398756390e-14
 2.2352218568e-03  9.7623076596e+04 -2.6262519404e-03  3  3.2200000000e+01  6.4274680197e-14
-1.1548874387e+00  1.0441549173e+05 -3.4920125169e-01  2  1.6800000000e+01  6.8746781732e-14
-3.8909611228e+01  1.0477528050e+05  2.8418608225e+01  0  8.7600000000e+00  6.8983665353e-14
 1.0860225094e+01  1.0484311211e+05 -3.1623640546e+01  0  8.7600000000e+00  6.9028325441e-14
 7.0185693287e+00  1.0548018431e+05  1.4776374391e+00  2  1.6800000000e+01  6.9447771468e-14
-3.1538068686e+01  1.0585093279e+05  2.9585175355e+01  1  1.2100000000e+01  6.9691870926e-14
 4.5125483805e+00  1.0668087127e+05 -2.5016363630e+00  1  1.2100000000e+01  7.0238299419e-14
-2.6352695352e+02  1.0801102700e+05 -2.1512918010e+02  0  8.7600000000e+00  7.1114069138e-14
 5.8363700080e-04  1.1075608586e+05 -8.1292757104e-04  0  8.7600000000e+00  7.2921405948e-14
 2.2678349501e+00  1.1085595133e+05 -3.8332237272e+00  2  1.6800000000e+01  7.2987157015e-14
-2.8736864393e-03  1.1111453103e+05  1.9520147037e-03  3  3.2200000000e+01  7.3157404949e-14
-3.3978224496e+01  1.1143360292e+05 -2.2950216252e+01  1  1.2100000000e+01  7.3367480731e-14
-2.8370038166e+00  1.1171796512e+05  4.2125708204e+00  1  1.2100000000e+01  7.3554703769e-14
 1.4020191366e+02  1.1315365202e+05  3.6388810421e+02  0  8.7600000000e+00  7.4499954832e-14
-2.7302916263e+02  1.1403306544e+05  1.2784437175e+02  1  1.2100000000e+01  7.5078957440e-14
-9.9366558982e+00  1.1496803389e+05 -1.3400768032e+01  3  3.2200000000e+01  7.5694537281e-14
-3.6644556111e+02  1.1646575781e+05 -1.9150036173e+00  1  1.2100000000e+01  7.6680633288e-14
-4.9939651473e+00  1.1696770670e+05 -1.0825611273e+01  0  8.7600000000e+00  7.7011114620e-14
 3.3691267427e+01  1.1763732931e+05  5.1359253174e+01  1  1.2100000000e+01  7.7451991726e-14
 2.0887561999e+01  1.1840318702e+05  1.4472430127e+00  0  8.7600000000e+00  7.7956229670e-14
-4.3172383334e+01  1.1844316078e+05  2.8841161886e+01  0  8.7600000000e+00  7.7982548249e-14
-1.8100862491e+01  1.1946515444e+05 -1.7307392941e+01  2  1.6800000000e+01  7.8655425174e-14
-6.4686831830e+01  1.2117177874e+05 -2.1523764014e+01  1  1.2100000000e+01  7.9779060436e-14
-4.7155231042e-01  1.2538017493e+05 -4.8058690081e-02  0  8.7600000000e+00  8.2549853246e-14
 1.2206057415e+01  1.2577455526e+05 -9.7302021648e-02  0  8.7600000000e+00  8.2809511830e-14
-6.4225988518e-01  1.2639360163e+05  1.1775170364e+00  2  1.6800000000e+01  8.3217089718e-14
 1.7553340529e+01  1.3059755912e+05 -1.0184099399e+01  0  8.7600000000e+00  8.5984960107e-14
 3.5195356217e+00  1.3405568032e+05  1.5737445695e+01  0  8.7600000000e+00  8.8261774589e-14
-2.4888741260e-03  1.3432020680e+05 -5.0743547525e-04  1  1.2100000000e+01  8.8435937863e-14
-9.4064853486e+01  1.3435216157e+05  2.7955372822e+01  1  1.2100000000e+01  8.8456976768e-14
 2.1093988736e+00  1.3512173310e+05  2.2843763337e+01  2  1.6800000000e+01  8.8963659881e-14
-2.2297883823e+00  1.3818058329e+05 -1.2795700388e-01  3  3.2200000000e+01  9.0977595767e-14
 3.4600691033e+02  1.3828800634e+05 -2.6341980458e+02  2  1.6800000000e+01  9.1048322718e-14
-1.0222915308e+01  1.3843615591e+05  9.5632059517e+00  0  8.7600000000e+00  9.1145863855e-14
 7.3196128281e+01  1.3875216941e+05  7.1512906786e+01  2  1.6800000000e+01  9.1353926000e-14
 1.5319675284e-03  1.4077221466e+05 -2.2217499778e-03  1  1.2100000000e+01  9.2683916479e-14
 3.2115164585e+00  1.4321898780e+05 -3.7027437951e+00  2  1.6800000000e+01  9.4294863061e-14
 3.1128354453e+00  1.4652843168e+05 -3.6331933396e+00  0  8.7600000000e+00  9.6473788929e-14
-2.2583709427e+02  1.4682806472e+05 -3.2992439482e+01  1  1.2100000000e+01  9.6671066237e-14
 6.9175751776e+00  1.4737246250e+05  1.6016364058e+01  0  8.7600000000e+00  9.7029495767e-14
-3.3413346869e+01  1.4816706395e+05 -1.4260859498e+02  0  8.7600000000e+00  9.7552658483e-14
-7.4845771096e+00  1.4928208090e+05 -9.4934435551e-01  1  1.2100000000e+01  9.8286781605e-14
-2.3712842548e+01  1.5261164682e+05  9.3814625356e+00  0  8.7600000000e+00  1.0047895575e-13
-3.2327516090e+00  1.5284084287e+05  1.0032308097e+00  0  8.7600000000e+00  1.0062985760e-13
-9.5187650805e-04  1.5534094776e+05  1.8115292102e-03  3  3.2200000000e+01  1.0227591761e-13
 1.0975343622e+01  1.5780638321e+05  3.5429156931e+01  2  1.6800000000e+01  1.0389915138e-13
 6.2527385051e-01  1.5781528096e+05  1.7709177441e+00  1  1.2100000000e+01  1.0390500963e-13
-5.5959403594e-02  1.5835796166e+05  5.4601806566e-01  1  1.2100000000e+01  1.0426230864e-13
-3.6285639129e-03  1.6260945546e+05  4.7263162582e-03  0  8.7600000000e+00  1.0706147677e-13
 6.6448053960e+01  1.6276781194e+05  1.6669078698e+02  3  3.2200000000e+01  1.0716573810e-13
 2.1625911934e+01  1.6283816156e+05 -6.5030066902e+00  2  1.6800000000e+01  1.0721205603e-13
 3.0950576060e-01  1.6395647248e+05  2.2079393187e+00  1  1.2100000000e+01  1.0794834789e-13
 2.8992529045e+01  1.6627616542e+05 -1.1847322555e+02  2  1.6800000000e+01  1.0947562533e-13
-6.6284740800e+00  1.6628226743e+05 -1.2235547067e+01  0  8.7600000000e+00  1.0947964287e-13
 6.5602115309e+01  1.6678595465e+05  4.9315226065e+01  0  8.7600000000e+00  1.0981126871e-13
-1.1918216245e+03  1.6797672234e+05  4.2476017679e+02  0  8.7600000000e+00  1.1059526585e-13
-2.1543174466e+01  1.6814630293e+05 -2.1731077308e+01  1  1.2100000000e+01  1.1070691709e-13
 4.2515911056e+00  1.6923159488e+05 -6.0293328024e+00  1  1.2100000000e+01  1.1142146938e-13
-1.3903054658e+01  1.6963447079e+05 -3.0847910514e+01  0  8.7600000000e+00  1.1168672143e-13
 6.6584011507e+00  1.7081972784e+05 -3.8154529397e+00  0  8.7600000000e+00  1.1246709038e-13
-1.1731802903e+00  1.7134982063e+05  1.4993569774e+00  1  1.2100000000e+01  1.1281610155e-13
 8.5669905010e+00  1.7143060591e+05 -1.1853520365e+01  0  8.7600000000e+00  1.1286929028e-13
-2.8154447110e+01  1.7311344706e+05  1.4691394348e+01  2  1.6800000000e+01  1.1397726681e-13
 1.6788769098e+00  1.7399171239e+05 -1.0163188293e+00  1  1.2100000000e+01  1.1455551352e-13
-4.8026487044e-03  1.7505647777e+05  1.8832250297e-03  3  3.2200000000e+01  1.1525655119e-13
 1.3630749361e-03  1.7593952233e+05 -7.9954826543e-04  0  8.7600000000e+00  1.1583794453e-13
 2.2475761011e+00  1.7681941507e+05  1.4068641450e+00  0  8.7600000000e+00  1.1641726273e-13
 2.7196179864e+01  1.7746404559e+05 -1.0383240111e+01  0  8.7600000000e+00  1.1684168513e-13
-3.2363331266e-01  1.7868040039e+05 -2.6737913062e+00  2  1.6800000000e+01  1.1764252872e-13
 7.8377001352e+01  1.7911963541e+05  3.4680895766e+02  0  8.7600000000e+00  1.1793171947e-13
 4.8521570320e-01  1.8025363591e+05  8.4404512272e-01  0  8.7600000000e+00  1.1867834130e-13
 1.9923029034e-03  1.8159683912e+05  4.6348980533e-03  3  3.2200000000e+01  1.1956270142e-13
-1.1452979139e+02  1.8165709217e+05  2.6613941024e+02  1  1.2100000000e+01  1.1960237181e-13
-1.6220133745e-01  1.8210648414e+05 -9.5858283021e-01  0  8.7600000000e+00  1.1989824986e-13
-1.2684179825e-03  1.8218948699e+05  1.6989679619e-03  0  8.7600000000e+00  1.1995289863e-13
 3.3128818623e+00  1.8227089660e+05  3.6585903215e+00  1  1.2100000000e+01  1.2000649843e-13
 2.8175166049e+00  1.8396962435e+05  2.4325650076e+00  0  8.7600000000e+00  1.2112493463e-13
 2.9026152537e+00  1.8472653219e+05 -1.4501404260e+01  1  1.2100000000e+01  1.2162328001e-13
-1.0446024997e+01  1.8510929942e+05 -5.7937496657e+00  2  1.6800000000e+01  1.2187529257e-13
 4.5545359885e-03  1.8660779609e+05 -1.9136410984e-03  1  1.2100000000e+01  1.2286189735e-13
 1.3815681617e+00  1.8820261467e+05 -5.0418717114e+00  1  1.2100000000e+01  1.2391192013e-13
-2.7045599488e+02  1.8856538816e+05  3.2951435174e+02  2  1.6800000000e+01  1.2415076888e-13
 2.2242204237e+00  1.8876332282e+05  1.0083865231e+00  2  1.6800000000e+01  1.2428108834e-13
 4.7444945106e+00  1.8945361397e+05 -9.7438606428e+00  0  8.7600000000e+00  1.2473557354e-13
-1.0830558223e+02  1.9035259720e+05  2.2117169465e+02  0  8.7600000000e+00  1.2532746085e-13
 4.7355964617e-01  1.9085218541e+05 -3.4727875670e+00  1  1.2100000000e+01  1.2565638791e-13
 2.7457075456e+01  1.9137373557e+05 -3.2302759595e+01  0  8.7600000000e+00  1.2599977465e-13
-2.5659404870e-03  1.9402012567e+05  4.2382350514e-03  1  1.2100000000e+01  1.2774214831e-13
-1.2117732020e+01  1.9603347816e+05 -2.6294549276e+01  0  8.7600000000e+00  1.2906773231e-13
 4.3070694672e+00  1.9785677878e+05 -6.8561175030e-01  1  1.2100000000e+01  1.3026818683e-13
 2.0165086943e-03  1.9932414890e+05  1.4616247669e-03  3  3.2200000000e+01  1.3123429801e-13
 1.2141617982e+00  2.0548603390e+05 -1.5707160294e+00  0  8.7600000000e+00  1.3529126078e-13
 1.2626294870e+01  2.0610393814e+05 -2.4810509983e+02  0  8.7600000000e+00  1.3569808669e-13
 2.9185312776e+00  2.0611547504e+05 -1.1804079922e+00  1  1.2100000000e+01  1.3570568255e-13
-4.4725424608e-03  2.0630321830e+05 -2.1138030580e-05  3  3.2200000000e+01  1.3582929203e-13
-3.2328691322e-02  2.0670311300e+05 -5.5615516581e-01  0  8.7600000000e+00  1.3609258126e-13
-2.9237493018e+00  2.1047728256e+05 -1.7540455745e+00  1  1.2100000000e+01  1.3857748083e-13
-1.4232932499e+00  2.1080231392e+05  6.0184399009e+01  3  3.2200000000e+01  1.3879148030e-13
 1.0104086669e+00  2.1343878434e+05  3.2877441255e-01  2  1.6800000000e+01  1.4052732288e-13
-1.4516371318e+00  2.1406629812e+05 -2.4863353824e+00  2  1.6800000000e+01  1.4094047568e-13
-1.7865127327e+00  2.1469831993e+05 -1.7615285345e+01  0  8.7600000000e+00  1.4135659655e-13
-4.3608280588e+01  2.1609764073e+05  1.4853516559e+01  2  1.6800000000e+01  1.4227790430e-13
 3.9322205408e+00  2.1649601072e+05  1.1288697791e+01  1  1.2100000000e+01  1.4254018966e-13
-3.0225980661e+00  2.1767602454e+05 -4.0669841938e+00  0  8.7600000000e+00  1.4331710648e-13
 1.9571519451e+01  2.1823499997e+05 -2.8745464777e+01  2  1.6800000000e+01  1.4368513389e-13
-1.4617219138e+02  2.2073320095e+05  9.5031896158e+01  0  8.7600000000e+00  1.4532994037e-13
 8.2600809611e+00  2.2158212416e+05  4.1245379897e+00  2  1.6800000000e+01  1.4588886833e-13
 6.4927428615e+01  2.2217913373e+05  2.3650494057e+01  0  8.7600000000e+00  1.4628193727e-13
-6.6251360378e-01  2.2259367924e+05  1.6931218029e+00  3  3.2200000000e+01  1.4655487253e-13
 1.3455726391e+02  2.2530876361e+05  2.9575784569e+02  1  1.2100000000e+01  1.4834247426e-13
-9.1735560168e+00  2.2838655938e+05  3.1329269073e-01  2  1.6800000000e+01  1.5036888385e-13
-8.6363956135e+00  2.2887883031e+05  3.1828922859e+01  0  8.7600000000e+00  1.5069299324e-13
 2.3315576036e+01  2.3031260924e+05  2.4897790276e+01  2  1.6800000000e+01  1.5163698810e-13
 4.5514722938e+01  2.3220691419e+05 -1.6338528629e+02  1  1.2100000000e+01  1.5288419162e-13
-1.6094470256e+02  2.3359355448e+05  1.2064489015e+01  0  8.7600000000e+00  1.5379715057e-13
 1.8341003824e+01  2.3415926267e+05  9.2790086546e+00  1  1.2100000000e+01  1.5416961079e-13
-2.5188994475e+00  2.3660004210e+05  5.3401329514e+00  0  8.7600000000e+00  1.5577661114e-13
 2.1680339299e+01  2.3957413513e+05 -9.4866878472e+00  0  8.7600000000e+00  1.5773474321e-13
 4.7331200446e-03  2.4424004318e+05 -4.5141092755e-04  2  1.6800000000e+01  1.6080676019e-13
-8.8722009308e+00  2.4515261873e+05 -2.0784228583e+00  1  1.2100000000e+01  1.6140759662e-13
 9.1240862607e-01  2.4736489685e+05  1.4416491852e+00  1  1.2100000000e+01  1.6286415253e-13
-8.7634141578e-01  2.4896308582e+05 -1.2754252093e+00  0  8.7600000000e+00  1.6391639436e-13
 3.1365405946e-03  2.5061606590e+05 -4.1622269895e-03  3  3.2200000000e+01  1.6500471046e-13
 2.0059765543e+01  2.5277804847e+05  3.2213785119e+01  1  1.2100000000e+01  1.6642815196e-13
-1.3942771550e+00  2.5332795637e+05 -6.0155047321e+00  2  1.6800000000e+01  1.6679020933e-13
-2.0741584978e+01  2.5377156024e+05 -1.4322350094e+01  0  8.7600000000e+00  1.6708227651e-13
 5.2607122514e-01  2.5481320596e+05 -1.3637115440e+00  0  8.7600000000e+00  1.6776809228e-13
 1.6088368744e+00  2.5563816727e+05 -2.6236549281e+00  0  8.7600000000e+00  1.6831124382e-13
-6.3363588480e+02  2.5709400903e+05  2.6682572842e+02  0  8.7600000000e+00  1.6926976476e-13
 6.6961213027e-01  2.5772226465e+05  4.6390894783e+00  0  8.7600000000e+00  1.6968340599e-13
 1.6415925360e+00  2.5790597191e+05 -4.2968259346e+00  0  8.7600000000e+00  1.6980435818e-13
-2.8481647425e+01  2.5887971084e+05 -3.4394155723e+01  2  1.6800000000e+01  1.7044546437e-13
 5.8066225367e+01  2.5938857432e+05  2.8618594964e+01  0  8.7600000000e+00  1.7078049825e-13
 8.3007636368e+00  2.6011211811e+05  9.6839321911e-02  2  1.6800000000e+01  1.7125687686e-13
 3.7978833780e+00  2.6117767662e+05 -7.2871252291e+01  0  8.7600000000e+00  1.7195843672e-13
 4.6230178483e+00  2.6406192302e+05 -3.8658099313e+00  0  8.7600000000e+00  1.7385741411e-13
-4.5490121094e-03  2.6558558880e+05  4.7534768562e-03  1  1.2100000000e+01  1.7486059014e-13
 1.6855215080e-03  2.6903318705e+05 -1.4400158014e-03  3  3.2200000000e+01  1.7713047635e-13
-2.3455746925e-03  2.7080616613e+05 -2.0738571543e-03  1  1.2100000000e+01  1.7829779935e-13
 4.6828082528e-03  2.7386291070e+05  3.9583053994e-03  1  1.2100000000e+01  1.8031034891e-13
-3.6332102375e+02  2.7493447266e+05 -2.3330216866e+02  2  1.6800000000e+01  1.8101586143e-13
 1.2677625766e+01  2.7624027808e+05  2.9236734799e+00  1  1.2100000000e+01  1.8187559899e-13
-7.2317413527e+01  2.7637054772e+05  9.1254171644e+00  0  8.7600000000e+00  1.8196136805e-13
-1.4259331683e+01  2.7771794911e+05  1.5517367989e+01  1  1.2100000000e+01  1.8284849225e-13
-1.4252165277e+01  2.7816808804e+05 -3.9585246199e+01  0  8.7600000000e+00  1.8314486209e-13
 7.8706772456e+00  2.7848743027e+05  1.5569422928e+01  0  8.7600000000e+00  1.8335511586e-13
-1.9976391753e+02  2.7899492497e+05  8.8023858407e+01  0  8.7600000000e+00  1.8368924853e-13
-3.1890774219e+01  2.8059628953e+05  2.4339885428e+01  1  1.2100000000e+01  1.8474358116e-13
-2.7611526231e-03  2.8161488643e+05  3.3078633893e-03  0  8.7600000000e+00  1.8541422167e-13
-4.7400162833e-03  2.8176727507e+05  4.5463257979e-03  1  1.2100000000e+01  1.8551455380e-13
 8.1509755005e+01  2.8234240049e+05 -1.9188541457e+01  0  8.7600000000e+00  1.8589321429e-13
-1.7732836101e+00  2.8241510331e+05 -1.0179202746e+01  0  8.7600000000e+00  1.8594108157e-13
 1.1146229710e+02  2.8391913044e+05 -1.8367942955e+02  0  8.7600000000e+00  1.8693132758e-13
 5.4814681767e+01  2.8448740875e+05  2.5736700164e+02  2  1.6800000000e+01  1.8730547996e-13
 6.1960039162e+01  2.8457946964e+05 -2.2521670602e+00  1  1.2100000000e+01  1.8736609252e-13
-1.7542691930e-01  2.8483424713e+05 -6.5148799111e-01  0  8.7600000000e+00  1.8753383710e-13
 5.1674663937e+01  2.8512027593e+05  2.6862940639e+01  0  8.7600000000e+00  1.8772215743e-13
 6.7114244688e+00  2.8606326356e+05 -9.4804448119e+00  0  8.7600000000e+00  1.8834301707e-13
 1.2295745532e+01  2.8961863944e+05 -9.0841294072e+00  3  3.2200000000e+01  1.9068386367e-13
-4.1000798699e+02  2.9008366226e+05 -2.3550444168e+02  2  1.6800000000e+01  1.9099003301e-13
-1.8829928130e+02  2.9073245103e+05  1.8903874716e+02  0  8.7600000000e+00  1.9141719319e-13
 4.6417237008e-01  2.9133796646e+05  4.0840776993e+01  0  8.7600000000e+00  1.9181586236e-13
-7.9761083927e+00  2.9152026495e+05  2.8489716125e+00  1  1.2100000000e+01  1.9193588702e-13
-4.8842407811e+01  2.9314852569e+05  1.8724070168e+01  0  8.7600000000e+00  1.9300792800e-13
 5.0370971053e+01  2.9360116244e+05 -2.0992897183e+01  0  8.7600000000e+00  1.9330594240e-13
 3.1263900750e+01  2.9453979135e+05 -9.7266794559e+01  2  1.6800000000e+01  1.9392393228e-13
-1.7253178191e+02  2.9529243589e+05  2.6157784157e+02  1  1.2100000000e+01  1.9441947071e-13
 1.6702568423e+00  2.9563295479e+05 -6.8607687752e-01  0  8.7600000000e+00  1.9464366712e-13
-6.7093540961e+00  2.9607360326e+05  2.4417712506e+00  2  1.6800000000e+01  1.9493378849e-13
 2.5376354199e+00  2.9617238934e+05 -9.6433753673e-01  1  1.2100000000e+01  1.9499882888e-13
-1.2883259233e+02  2.9744359422e+05  4.4842463844e+01  1  1.2100000000e+01  1.9583578557e-13
 7.1797447802e+00  3.0126626778e+05 -2.6916645471e+01  0  8.7600000000e+00  1.9835262000e-13
-7.8833149644e-01  3.0159103199e+05  5.1728359832e-01  0  8.7600000000e+00  1.9856644358e-13
 7.3500102932e+00  3.0285777371e+05 -9.7393394543e+00  2  1.6800000000e+01  1.9940046175e-13
 9.7685896371e-05  3.0304369685e+05  1.8068603132e-03  2  1.6800000000e+01  1.9952287287e-13
-7.1193649982e-01  3.0437726604e+05  4.9660711954e+00  0  8.7600000000e+00  2.0040088999e-13
-5.9869529789e+01  3.0609277065e+05 -1.8537223347e+01  0  8.7600000000e+00  2.0153037202e-13
 1.0264663791e+00  3.0863211803e+05  4.8186519465e-01  2  1.6800000000e+01  2.0320226914e-13
 1.0267922825e+00  3.0959559447e+05  1.7700690459e-01  0  8.7600000000e+00  2.0383661854e-13
-2.2540467584e+00  3.1025116545e+05 -1.8470686986e-01  0  8.7600000000e+00  2.0426824410e-13
-2.0987161282e-03  3.1039320324e+05 -3.1219666210e-03  3  3.2200000000e+01  2.0436176127e-13
-1.0966845815e-01  3.1074666490e+05 -1.2887046305e+00  3  3.2200000000e+01  2.0459447915e-13
 3.1525595312e+01  3.1118746535e+05  1.5011693293e+01  0  8.7600000000e+00  2.0488470057e-13
-6.5326261963e-01  3.1156760992e+05  1.0891478754e+00  0  8.7600000000e+00  2.0513498638e-13
-7.3802146330e+00  3.1178034613e+05  4.3260198568e-01  0  8.7600000000e+00  2.0527505113e-13
-7.3146567241e+00  3.1193706516e+05 -3.0877536257e-01  3  3.2200000000e+01  2.0537823436e-13
 1.6131846306e+01  3.1329119634e+05 -1.0871079712e+01  1  1.2100000000e+01  2.0626978943e-13
-1.3107109703e+01  3.1512581439e+05  1.7965030927e+01  0  8.7600000000e+00  2.0747769531e-13
 7.4083836332e+01  3.1557913955e+05  6.9718683115e+01  1  1.2100000000e+01  2.0777616296e-13
 2.3534110279e+01  3.1604624767e+05  1.8686325490e+01  1  1.2100000000e+01  2.0808370525e-13
 6.1778810377e+01  3.1748751018e+05  1.2235691582e+02  0  8.7600000000e+00  2.0903262728e-13
 1.0791322998e+02  3.1930170109e+05  1.9349774778e+02  1  1.2100000000e+01  2.1022708400e-13
 9.4816416795e+01  3.1963212025e+05  1.0257056130e+02  2  1.6800000000e+01  2.1044463078e-13
-8.9299854166e-04  3.1967006632e+05  1.3735103963e-03  3  3.2200000000e+01  2.1046961433e-13
-1.1576754062e+01  3.2231230971e+05  6.9672702214e+01  0  8.7600000000e+00  2.1220925782e-13
 2.4175868275e+02  3.2348934473e+05 -9.2318635493e+01  1  1.2100000000e+01  2.1298421341e-13
 4.5892303109e-03  3.2445190776e+05  1.1938354961e-03  0  8.7600000000e+00  2.1361796143e-13
 4.7361199764e-01  3.2513920915e+05  1.0824202763e-01  2  1.6800000000e+01  2.1407047817e-13
 4.4438500313e+02  3.2575242384e+05 -1.3477993229e+02  0  8.7600000000e+00  2.1447421650e-13
-1.5227836446e+01  3.2669276053e+05  5.4852489217e+01  1  1.2100000000e+01  2.1509333078e-13
 8.9644163973e+01  3.2690740921e+05  4.0491443331e+01  2  1.6800000000e+01  2.1523465469e-13
-2.6142262540e+00  3.2832281947e+05  8.2908588031e-01  0  8.7600000000e+00  2.1616655568e-13
-8.4773603046e+01  3.2965133062e+05  9.5324800989e+01  0  8.7600000000e+00  2.1704124261e-13
-2.3539178611e+01  3.3299935717e+05  5.6017140712e+01  1  1.2100000000e+01  2.1924557118e-13
-2.2615918466e+00  3.3308612975e+05 -5.0404763078e+00  2  1.6800000000e+01  2.1930270192e-13
 3.2818577865e+00  3.3322206402e+05  8.9861975173e-01  0  8.7600000000e+00  2.1939220056e-13
 4.0039532147e-01  3.3472543686e+05 -9.6025873628e+00  1  1.2100000000e+01  2.2038201579e-13
-1.2712486923e+02  3.3524856721e+05  8.0053302170e+01  0  8.7600000000e+00  2.2072644292e-13
 4.9795961897e+00  3.3762347054e+05  5.9652159174e+00  0  8.7600000000e+00  2.2229007067e-13
 6.1690365164e-01  3.3791421287e+05 -2.0311841446e+00  2  1.6800000000e+01  2.2248149437e-13
 4.9146545036e+00  3.3899375773e+05 -1.1500760710e+01  0  8.7600000000e+00  2.2319226280e-13
-8.2295869015e+00  3.4218574446e+05  2.2087789820e+01  2  1.6800000000e+01  2.2529385530e-13
 4.7931823040e-03  3.4268260893e+05 -9.8501612245e-04  2  1.6800000000e+01  2.2562098907e-13
 1.1078095348e+02  3.4380406870e+05 -3.2320482829e+02  0  8.7600000000e+00  2.2635935412e-13
-3.8505005552e+00  3.4395315659e+05  8.0749698796e+00  0  8.7600000000e+00  2.2645751305e-13
-2.4614840123e+00  3.4425803132e+05  1.3326695517e+01  0  8.7600000000e+00  2.2665824147e-13
 3.1245997950e+00  3.4480133854e+05  1.5209518658e+00  0  8.7600000000e+00  2.2701595298e-13
 2.7296438133e+00  3.4688088953e+05  1.7854226852e+00  1  1.2100000000e+01  2.2838512182e-13
-1.1229911959e+01  3.4691803520e+05 -1.0646525258e+01  0  8.7600000000e+00  2.2840957839e-13
 4.8340299259e-03  3.4719122268e+05 -4.4590352333e-03  0  8.7600000000e+00  2.2858944404e-13
 1.3907068139e+01  3.4737415969e+05  5.0745577633e+00  0  8.7600000000e+00  2.2870988911e-13
 1.1372561139e+00  3.5118611043e+05  2.7030105608e+00  0  8.7600000000e+00  2.3121966367e-13
-3.0051667886e-03  3.5171868271e+05  2.1617842033e-03  2  1.6800000000e+01  2.3157030734e-13
-5.4715285402e+00  3.5321942113e+05  2.9284283686e+00  0  8.7600000000e+00  2.3255838808e-13
-1.3913422183e+02  3.5369119880e+05 -8.5500744511e+01  0  8.7600000000e+00  2.3286900479e-13
-2.7325074289e+01  3.5501894028e+05  2.6836935499e+00  1  1.2100000000e+01  2.3374318497e-13
 3.1071054135e-03  3.5571506748e+05  1.1206847225e-03  3  3.2200000000e+01  2.3420151260e-13
-4.6518690324e-03  3.5619998474e+05 -3.9628270403e-03  0  8.7600000000e+00  2.3452078037e-13
-3.2340668413e-03  3.5696929196e+05 -4.9614017550e-03  3  3.2200000000e+01  2.3502728946e-13
-7.5716083003e+00  3.5806737126e+05  7.4890203871e+00  1  1.2100000000e+01  2.3575026089e-13
-6.8777314171e-01  3.5927028411e+05  1.7838809221e-01  3  3.2200000000e+01  2.3654225436e-13
 3.4666427343e+01  3.6004481513e+05 -2.5153926392e+00  0  8.7600000000e+00  2.3705220278e-13
-1.0536840642e+00  3.6014597273e+05  2.3243150253e+00  2  1.6800000000e+01  2.3711880458e-13
 3.7207041815e-03  3.6045469438e+05  3.8751777210e-03  3  3.2200000000e+01  2.3732206579e-13
-1.4187068841e-01  3.6245404183e+05 -9.6554860185e+00  0  8.7600000000e+00  2.3863842892e-13
-6.2369484167e+00  3.6450470880e+05  3.7735333718e+00  0  8.7600000000e+00  2.3998858063e-13
 1.1195632867e-04  3.6567663262e+05  1.6500159803e-03  4  4.0000000000e+01  2.4076017102e-13
 1.8185810357e-03  3.6759119985e+05  4.8914677137e-03  1  1.2100000000e+01  2.4202071516e-13
 8.3443923667e+01  3.6991794671e+05 -4.1148777924e+01  3  3.2200000000e+01  2.4355263687e-13
 1.5432223379e+01  3.7128516989e+05 -7.4597301269e+00  2  1.6800000000e+01  2.4445281166e-13
-4.4923140449e-01  3.7370367839e+05  2.5592418256e+00  3  3.2200000000e+01  2.4604514890e-13
 2.3666549953e+01  3.7422841989e+05  1.4908117581e+01  0  8.7600000000e+00  2.4639063680e-13
 8.9786416194e-04  3.7661912442e+05  4.0296977637e-04  1  1.2100000000e+01  2.4796466801e-13
-2.7089403329e+01  3.7664749152e+05  5.0897063913e+00  0  8.7600000000e+00  2.4798334480e-13
 2.9851918726e+02  3.7752977357e+05  2.0517795696e+02  1  1.2100000000e+01  2.4856423611e-13
-3.3809242013e+00  3.7804923056e+05 -1.8458946414e+00  1  1.2100000000e+01  2.4890624472e-13
 3.9911634482e+01  3.7807733384e+05  2.0262623217e+02  2  1.6800000000e+01  2.4892474781e-13
 3.2595683367e+00  3.8106005233e+05  8.4474614051e-01  0  8.7600000000e+00  2.5088855887e-13
 7.8555487838e+00  3.8147487995e+05 -1.4059940192e+00  2  1.6800000000e+01  2.5116167987e-13
 2.1388749356e+00  3.8301874299e+05 -9.0861160687e-02  0  8.7600000000e+00  2.5217815371e-13
 2.7130315302e-03  3.8301957452e+05 -2.0790711451e-03  2  1.6800000000e+01  2.5217870118e-13
-5.8909814268e+01  3.8365108915e+05 -1.0462600497e+02  2  1.6800000000e+01  2.5259448813e-13
-4.4556815330e-01  3.8433451227e+05  4.5052865640e-01  2  1.6800000000e+01  2.5304445143e-13
-4.4151737552e+00  3.8766643714e+05  8.2492121566e+00  1  1.2100000000e+01  2.5523817871e-13
 2.5116235505e+01  3.8797991713e+05 -1.4610391893e+02  0  8.7600000000e+00  2.5544457280e-13
-2.9487352902e-03  3.8908673217e+05  6.0597789269e-04  3  3.2200000000e+01  2.5617329581e-13
 8.1049508206e+00  3.8942763705e+05 -4.4110068840e+01  1  1.2100000000e+01  2.5639774635e-13
-2.9057976619e+00  3.9037192839e+05  3.2402622822e-01  1  1.2100000000e+01  2.5701946435e-13
-2.2879945527e+01  3.9190014432e+05 -2.4339482770e+01  0  8.7600000000e+00  2.5802563619e-13
 4.6704424776e-03  3.9268141027e+05 -3.8732781954e-03  2  1.6800000000e+01  2.5854001886e-13
 1.8133691544e-03  3.9338598900e+05 -2.7046223766e-03  3  3.2200000000e+01  2.5900391095e-13
-2.8570395225e-01  3.9445044559e+05 -6.0980699870e+00  2  1.6800000000e+01  2.5970474531e-13
 4.1879506263e+00  3.9456838894e+05  9.2364328661e-01  0  8.7600000000e+00  2.5978239879e-13
 4.0320495712e+01  3.9502865560e+05 -2.2104177584e+02  2  1.6800000000e+01  2.6008543669e-13
 3.4117169438e-03  3.9551197614e+05  7.2667442063e-04  3  3.2200000000e+01  2.6040365318e-13
 3.2169875587e-03  3.9585586518e+05 -2.0901002302e-03  0  8.7600000000e+00  2.6063006848e-13
-1.7128204296e+01  3.9841020241e+05  2.4070891913e+00  2  1.6800000000e+01  2.6231183486e-13
 7.4909446315e-01  3.9873479046e+05  2.0070556363e-01  0  8.7600000000e+00  2.6252554246e-13
-1.1231656261e+00  3.9945511191e+05  3.9045157842e+00  0  8.7600000000e+00  2.6299979950e-13
-7.7478811311e+00  4.0082733405e+05  9.8752082556e+00  1  1.2100000000e+01  2.6390326559e-13
 1.5306578177e+00  4.0088191810e+05  2.7957932296e-01  1  1.2100000000e+01  2.6393920353e-13
-2.3408327932e+01  4.0227856081e+05  1.9147511227e+01  2  1.6800000000e+01  2.6485874803e-13
 1.6854306016e-03  4.0327095053e+05 -2.9678796083e-03  1  1.2100000000e+01  2.6551213383e-13
 9.8957126012e+00  4.0367794588e+05 -1.0541040796e+01  0  8.7600000000e+00  2.6578009809e-13
 3.1187044810e+00  4.0620943790e+05 -4.1872705582e+00  3  3.2200000000e+01  2.6744682328e-13
 5.2567376764e+00  4.0740070541e+05 -3.5394547961e+00  2  1.6800000000e+01  2.6823114949e-13
 6.5333492018e+02  4.0790331271e+05  9.2108006445e+02  0  8.7600000000e+00  2.6856206432e-13
 3.8574701197e+02  4.0816192873e+05 -2.4349940728e+02  0  8.7600000000e+00  2.6873233617e-13
-7.0005832811e-01  4.0816900774e+05 -2.3592841331e+00  1  1.2100000000e+01  2.6873699696e-13
 1.2631837554e+01  4.0853057838e+05 -2.5751885175e+01  0  8.7600000000e+00  2.6897505376e-13
-1.1525760014e-03  4.0947027301e+05 -1.3448560687e-03  2  1.6800000000e+01  2.6959374531e-13
 3.1492580843e+00  4.1035854778e+05  2.8512406753e+00  3  3.2200000000e+01  2.7017858220e-13
-2.9959458429e-03  4.1137890888e+05 -2.8617822043e-03  2  1.6800000000e+01  2.7085038425e-13
 5.5746811854e+01  4.1273419928e+05 -2.9902894108e+01  1  1.2100000000e+01  2.7174270254e-13
 3.0509490772e+01  4.1295949156e+05  2.2707623770e+01  0  8.7600000000e+00  2.7189103417e-13
-3.4941773574e+00  4.1362085889e+05  1.3747383487e+00  1  1.2100000000e+01  2.7232647602e-13
-4.9714343727e+00  4.1528384639e+05 -3.1172136956e+01  0  8.7600000000e+00  2.7342138098e-13
 2.1576459272e+01  4.1753186097e+05 -1.0346837390e+02  1  1.2100000000e+01  2.7490146563e-13
 2.0264924071e-03  4.1758264729e+05 -7.4211400270e-04  1  1.2100000000e+01  2.7493490316e-13
-1.5569911729e+01  4.1765406007e+05 -1.2056014239e+01  2  1.6800000000e+01  2.7498192108e-13
-2.0686653955e+01  4.1881081854e+05 -7.1632865414e+00  0  8.7600000000e+00  2.7574352667e-13
-2.3600243799e+00  4.2022235679e+05  4.0226324901e+00  3  3.2200000000e+01  2.7667287834e-13
-2.0902750331e+00  4.2099797910e+05  8.6285481175e-01  1  1.2100000000e+01  2.7718354526e-13
-5.8664798122e+01  4.2630378441e+05  3.6080653493e+01  0  8.7600000000e+00  2.8067686827e-13
-2.7100433166e-03  4.2825585254e+05  2.3019783745e-03  1  1.2100000000e+01  2.8196210286e-13
-4.7191526521e+01  4.2868746554e+05 -1.6917571752e+01  0  8.7600000000e+00  2.8224627529e-13
 1.6015819929e+00  4.2924963801e+05  5.2522673713e+00  2  1.6800000000e+01  2.8261640762e-13
 1.2918328130e+01  4.2964397503e+05 -2.5296825765e+01  3  3.2200000000e+01  2.8287603768e-13
-6.4945967200e-04  4.3048444219e+05  4.5312927428e-03  1  1.2100000000e+01  2.8342939821e-13
-3.3948076739e+02  4.3274131270e+05  1.9133986795e+02  0  8.7600000000e+00  2.8491531359e-13
 2.0295414012e+01  4.3307426009e+05  5.0676846498e+00  1  1.2100000000e+01  2.8513452494e-13
 1.0023247126e+02  4.3446616788e+05  2.4224721586e+01  0  8.7600000000e+00  2.8605095199e-13
 1.1128659666e+02  4.3472869393e+05 -5.5831525946e+01  2  1.6800000000e+01  2.8622379819e-13
 7.0383513797e+00  4.3533567209e+05 -2.2152621452e+01  2  1.6800000000e+01  2.8662343042e-13
 4.8595617158e+01  4.3600591419e+05 -2.2728714380e+01  0  8.7600000000e+00  2.8706471539e-13
 5.8722380632e+00  4.3716843156e+05  2.7284158997e+00  1  1.2100000000e+01  2.8783011262e-13
-9.1459508441e+00  4.3740952113e+05  4.2620222225e+01  0  8.7600000000e+00  2.8798884512e-13
-5.3259650532e+01  4.3780495100e+05  1.1995531158e+02  0  8.7600000000e+00  2.8824919471e-13
-8.9313914275e+00  4.3877322151e+05 -1.8954007889e+01  1  1.2100000000e+01  2.8888670051e-13
 3.3614096507e+00  4.4114538803e+05 -1.3827691444e+00  1  1.2100000000e+01  2.9044852636e-13
 2.0984891204e+01  4.4146096753e+05  4.5469140655e+01  0  8.7600000000e+00  2.9065630276e-13
-2.5628712343e-03  4.4211761526e+05 -4.1768346770e-03  3  3.2200000000e+01  2.9108863725e-13
-4.9151518184e+00  4.4333992757e+05  2.7560284348e+00  1  1.2100000000e+01  2.9189340325e-13
 5.9303937957e+00  4.4394232114e+05  8.1793086692e+00  0  8.7600000000e+00  2.9229001700e-13
-6.6684527980e+00  4.4632062183e+05  4.5704229137e+00  0  8.7600000000e+00  2.9385588156e-13
-6.0415712679e-05  4.4731470464e+05  4.5931170041e-03  3  3.2200000000e+01  2.9451038208e-13
-6.3323614023e+01  4.4830952138e+05  1.7701591028e+02  0  8.7600000000e+00  2.9516536582e-13
 4.3677115500e+01  4.4863740362e+05 -4.7381855072e+00  2  1.6800000000e+01  2.9538124230e-13
 8.4924313173e-01  4.4865057621e+05 -4.7356395547e-01  1  1.2100000000e+01  2.9538991508e-13
-3.4825125795e-03  4.4925275470e+05 -5.8892406318e-04  0  8.7600000000e+00  2.9578638723e-13
-2.3840926707e+01  4.5149652547e+05 -2.9642120763e+01  0  8.7600000000e+00  2.9726367777e-13
-7.7712503164e+01  4.5165979434e+05 -5.5845788398e+01  2  1.6800000000e+01  2.9737117341e-13
 1.5562098246e+00  4.5241321439e+05  7.0322613596e+00  0  8.7600000000e+00  2.9786722244e-13
 2.8799811978e+00  4.5285635199e+05  4.0557293433e+00  1  1.2100000000e+01  2.9815898263e-13
 2.8397585851e+00  4.5370583380e+05  4.0449010897e-01  0  8.7600000000e+00  2.9871827838e-13
-5.8275800977e+01  4.5450505022e+05 -3.0000507519e+01  0  8.7600000000e+00  2.9924447958e-13
-1.2872942466e+02  4.5546564309e+05 -1.7868147301e+02  2  1.6800000000e+01  2.9987693044e-13
-8.5285804086e+01  4.5636266215e+05 -2.9857718173e+01  1  1.2100000000e+01  3.0046752455e-13
-5.6138192561e+00  4.6113466837e+05 -2.7326340031e+00  0  8.7600000000e+00  3.0360939616e-13
 6.1711584647e+00  4.6222265085e+05  6.9472582060e+00  1  1.2100000000e+01  3.0432571989e-13
 4.3380857526e+01  4.6233517268e+05 -3.8065974349e+01  0  8.7600000000e+00  3.0439980386e-13
 1.9532701638e-03  4.6427108182e+05 -1.3883564930e-03  1  1.2100000000e+01  3.0567439943e-13
-9.0331608860e+00  4.6613032716e+05 -3.8434015470e+00  0  8.7600000000e+00  3.0689851983e-13
 2.4708613842e+00  4.6633486622e+05  9.0124899303e-02  0  8.7600000000e+00  3.0703318761e-13
-7.6643958059e+00  4.6731051880e+05 -4.8228895861e+00  1  1.2100000000e+01  3.0767555373e-13
-3.1835988056e+00  4.7013832582e+05  8.9346721480e+00  0  8.7600000000e+00  3.0953737163e-13
-7.4211755336e+00  4.7115545633e+05  1.9666589986e+01  0  8.7600000000e+00  3.1020704668e-13
 7.1486900743e-01  4.7257328334e+05 -1.4814270029e-01  1  1.2100000000e+01  3.1114053885e-13
-1.5768587199e+01  4.7381294102e+05  8.6109025929e+01  2  1.6800000000e+01  3.1195672498e-13
 1.6546267680e+00  4.7501519865e+05 -2.5976583345e+00  0  8.7600000000e+00  3.1274828705e-13
 8.2710118680e+00  4.7593847703e+05 -7.8044383580e+00  1  1.2100000000e+01  3.1335617019e-13
-4.1795033410e+01  4.7701258260e+05  3.7251943271e+01  0  8.7600000000e+00  3.1406335741e-13
-3.5455119637e+00  4.7716699028e+05  3.6783355076e+00  2  1.6800000000e+01  3.1416501887e-13
 7.2287568434e+00  4.7763079458e+05  2.4047441708e+01  2  1.6800000000e+01  3.1447038594e-13
-6.8361703971e+01  4.7825970878e+05  9.3895907104e+01  0  8.7600000000e+00  3.1488446077e-13
-1.8235866428e+00  4.7939679714e+05 -6.1396337974e+00  2  1.6800000000e+01  3.1563311563e-13
-4.1075784476e-03  4.8143765233e+05  3.9290311136e-03  3  3.2200000000e+01  3.1697680730e-13
-8.8322753181e+00  4.8145553223e+05 -2.5935538490e+01  2  1.6800000000e+01  3.1698857936e-13
-9.9786414822e+00  4.8286283007e+05 -4.3765474685e+01  0  8.7600000000e+00  3.1791513916e-13
-4.7740738046e-03  4.8341013592e+05  2.1415656931e-03  2  1.6800000000e+01  3.1827548336e-13
 1.6283486233e+02  4.8715562645e+05 -1.2606304919e+02  1  1.2100000000e+01  3.2074150076e-13
-1.6700743792e+01  4.8785035052e+05 -1.4822352031e+01  0  8.7600000000e+00  3.2119890457e-13
 1.8253679366e+01  4.8814689542e+05 -1.6520404317e+01  2  1.6800000000e+01  3.2139414866e-13
 3.2176406524e+01  4.9063055601e+05  3.8304021102e+01  3  3.2200000000e+01  3.2302938180e-13
-5.2314244601e+00  4.9165455941e+05  1.3961731455e+01  2  1.6800000000e+01  3.2370358193e-13
 1.1887014442e+00  4.9388858382e+05 -3.8065212912e-02  0  8.7600000000e+00  3.2517445551e-13
 6.5773053400e-01  4.9519721060e+05  9.7052529921e-01  3  3.2200000000e+01  3.2603605065e-13
 2.3276687971e+00  4.9662697340e+05  9.4276928154e+00  2  1.6800000000e+01  3.2697740131e-13
 9.0080866456e+00  4.9896350386e+05  6.9374718172e+00  0  8.7600000000e+00  3.2851576450e-13
 6.5537642729e+01  4.9917175580e+05  2.9762793615e+01  1  1.2100000000e+01  3.2865287682e-13
-1.4142295265e+01  5.0096066460e+05  1.4682414931e+01  0  8.7600000000e+00  3.2983068790e-13
 1.3705997084e+02  5.0097332049e+05  8.1041197938e+01  1  1.2100000000e+01  3.2983902049e-13
 1.2684800853e+00  5.0115736359e+05 -2.1859950893e+00  1  1.2100000000e+01  3.2996019380e-13
-1.5323763382e+01  5.0276630273e+05 -3.4880384050e+00  1  1.2100000000e+01  3.3101951351e-13
-1.3077734834e+00  5.0748056435e+05  5.6408868565e+00  0  8.7600000000e+00  3.3412336629e-13
-1.2778566417e-01  5.0763113815e+05  2.1327314685e+01  0  8.7600000000e+00  3.3422250354e-13
 2.7848714311e+02  5.1101908082e+05 -2.0426264286e+02  1  1.2100000000e+01  3.3645311272e-13
-6.9249415999e-01  5.1347703959e+05  2.8689929182e+00  0  8.7600000000e+00  3.3807142388e-13
 4.9990298594e+01  5.1454588217e+05  7.5170896134e+01  0  8.7600000000e+00  3.3877514596e-13
 3.2946046480e-03  5.1517771672e+05  2.4203196389e-03  2  1.6800000000e+01  3.3919114354e-13
-1.0946321734e+01  5.1544708422e+05  4.4200684654e+00  0  8.7600000000e+00  3.3936849413e-13
-2.2524611103e+01  5.1585291720e+05 -3.3611958503e+01  1  1.2100000000e+01  3.3963569309e-13
-2.3116397002e+00  5.1613692508e+05  4.8952040515e-01  0  8.7600000000e+00  3.3982268286e-13
 8.0085346129e+00  5.1646727972e+05 -2.7362748385e+00  0  8.7600000000e+00  3.4004018715e-13
-2.0103730704e+01  5.1737297487e+05 -4.3241458840e+01  0  8.7600000000e+00  3.4063649356e-13
-1.6878294045e-03  5.2034995798e+05  2.6511992689e-03  3  3.2200000000e+01  3.4259652846e-13
-4.5791243567e+01  5.2049428443e+05 -6.0973821819e+01  3  3.2200000000e+01  3.4269155248e-13
 1.9254413423e+00  5.2085600566e+05 -1.7274162967e+01  0  8.7600000000e+00  3.4292970842e-13
 3.4020398659e+01  5.2092106566e+05 -3.6319217441e+01  2  1.6800000000e+01  3.4297254369e-13
 1.1829805038e+01  5.2144973261e+05 -2.6389709721e+01  2  1.6800000000e+01  3.4332061610e-13
-1.2938868237e-03  5.2298525207e+05  3.6441537964e-03  4  4.0000000000e+01  3.4433159655e-13
-2.7071432945e-03  5.2310979217e+05  1.0426495299e-03  3  3.2200000000e+01  3.4441359330e-13
 3.8106489316e-03  5.2375411877e+05 -4.4234071390e-03  3  3.2200000000e+01  3.4483781560e-13
-4.1889357079e+00  5.2669402385e+05 -2.6657554187e+00  1  1.2100000000e+01  3.4677343847e-13
 4.9951182508e+00  5.2871707901e+05  1.7217685204e+00  0  8.7600000000e+00  3.4810541065e-13
 3.7366160461e+01  5.2963575007e+05  1.3973151951e+02  1  1.2100000000e+01  3.4871026036e-13
 3.3582816328e+01  5.3083303069e+05  8.8352007041e+00  0  8.7600000000e+00  3.4949854558e-13
-4.8254139171e+01  5.3084092335e+05 -1.2986371855e+01  1  1.2100000000e+01  3.4950374208e-13
 1.7486129273e+01  5.3103981079e+05 -5.0455224032e+01  0  8.7600000000e+00  3.4963468885e-13
 8.4463548165e-01  5.3127581836e+05  1.2726689344e+00  1  1.2100000000e+01  3.4979007538e-13
 2.4447025407e+02  5.3159674148e+05  8.7548112128e+01  2  1.6800000000e+01  3.5000137000e-13
 3.4179167206e-01  5.3379131359e+05 -1.4061782467e+00  1  1.2100000000e+01  3.5144626833e-13
-4.2037849730e-03  5.3617089676e+05 -3.0140410401e-03  0  8.7600000000e+00  3.5301297728e-13
 3.0122390520e-03  5.3634177870e+05 -3.2982532300e-03  1  1.2100000000e+01  3.5312548533e-13
-2.2749746686e+01  5.3798843892e+05 -7.2549326938e+00  1  1.2100000000e+01  3.5420964045e-13
 1.2262508569e+00  5.4123421631e+05 -1.2605909454e-01  0  8.7600000000e+00  3.5634664854e-13
-3.7420359062e-03  5.4274348304e+05 -2.3974751017e-03  3  3.2200000000e+01  3.5734034429e-13
 1.0953479174e+01  5.4342783794e+05 -2.4455031191e+00  3  3.2200000000e+01  3.5779092108e-13
-7.2529032708e+01  5.4368803254e+05 -2.2088809193e+01  1  1.2100000000e+01  3.5796223226e-13
 5.5934541908e-01  5.4379257154e+05 -2.6002050283e+00  0  8.7600000000e+00  3.5803106036e-13
-5.4617767810e+01  5.4546517975e+05 -9.9067358642e+01  2  1.6800000000e+01  3.5913229955e-13
 4.1053115202e+01  5.4569753593e+05 -8.2435030170e+00  0  8.7600000000e+00  3.5928528202e-13
 5.3973594783e+00  5.4728665498e+05 -5.4873884228e+00  0  8.7600000000e+00  3.6033155224e-13
-2.9948492114e+02  5.4885379574e+05 -1.4338898322e+02  1  1.2100000000e+01  3.6136335205e-13
-1.2635702722e+00  5.4907377571e+05 -6.6020420502e+00  0  8.7600000000e+00  3.6150818607e-13
 1.9130149243e+01  5.4962951182e+05 -1.7810843972e+00  0  8.7600000000e+00  3.6187408071e-13
-4.2814364318e+00  5.5076512654e+05  1.3206844156e+01  0  8.7600000000e+00  3.6262176533e-13
 4.2265479116e+01  5.5329467273e+05  1.5954038766e+02  0  8.7600000000e+00  3.6428720938e-13
 4.9314886285e+00  5.5385077738e+05 -1.1378483335e+00  2  1.6800000000e+01  3.6465334667e-13
 2.6906167609e+00  5.5399425738e+05 -7.1593394458e+00  1  1.2100000000e+01  3.6474781338e-13
 4.5320582536e+00  5.5417912828e+05  2.6729504066e+00  2  1.6800000000e+01  3.6486953171e-13
 4.7520883290e+00  5.5707321546e+05 -1.8817035237e+01  0  8.7600000000e+00  3.6677498824e-13
-1.6356889870e+02  5.5978911449e+05  4.0462152223e+01  2  1.6800000000e+01  3.6856312632e-13
 5.8538387608e+02  5.6151138747e+05 -3.9321367095e+02  0  8.7600000000e+00  3.6969706462e-13
 2.7497107822e+02  5.6275930001e+05  4.1210027237e+02  0  8.7600000000e+00  3.7051868572e-13
-2.9819152962e+01  5.6283875645e+05 -6.3585879623e+01  1  1.2100000000e+01  3.7057099955e-13
-3.7523769175e+00  5.6665406784e+05 -2.4145348714e+00  2  1.6800000000e+01  3.7308298675e-13
-6.1903236307e+00  5.6679373697e+05 -3.8476682292e-01  0  8.7600000000e+00  3.7317494441e-13
-2.7908015160e-01  5.6713332950e+05  1.2030061471e+01  0  8.7600000000e+00  3.7339853090e-13
-4.3640343469e-03  5.6853218309e+05  3.6747309792e-03  1  1.2100000000e+01  3.7431953104e-13
 1.9559685499e+01  5.7018266325e+05  8.1910182905e+00  2  1.6800000000e+01  3.7540620120e-13
 1.3351601122e+00  5.7107573421e+05  1.1175294278e+01  2  1.6800000000e+01  3.7599419589e-13
-2.3932890484e+01  5.7122887296e+05  2.6211240886e+01  1  1.2100000000e+01  3.7609502188e-13
-7.5795864932e+01  5.7153761344e+05 -1.3252870228e+02  1  1.2100000000e+01  3.7629829550e-13
 1.2035677564e-03  5.7171870610e+05 -1.6367176020e-03  2  1.6800000000e+01  3.7641752625e-13
-1.4370671692e+02  5.7182258778e+05  2.0332558175e+02  1  1.2100000000e+01  3.7648592157e-13
-2.1721430446e+00  5.7354452927e+05  1.1285526545e+01  0  8.7600000000e+00  3.7761964162e-13
 1.6872635934e-03  5.7622540417e+05 -2.1607857650e-03  2  1.6800000000e+01  3.7938471994e-13
 3.6736477067e-03  5.7632000216e+05  2.9970066845e-03  3  3.2200000000e+01  3.7944700292e-13
 6.9134706896e-04  5.7672795620e+05 -5.2981193435e-04  0  8.7600000000e+00  3.7971559838e-13
 2.5566947017e-01  5.7680982325e+05  6.2439938050e+01  0  8.7600000000e+00  3.7976949935e-13
 1.0830645767e+01  5.7700201580e+05 -2.3186972514e+00  2  1.6800000000e+01  3.7989603823e-13
 3.7118996366e+01  5.7878065942e+05  3.3009433473e+02  2  1.6800000000e+01  3.8106709075e-13
-1.7612971438e+00  5.7908773540e+05 -4.8637505600e-01  1  1.2100000000e+01  3.8126926846e-13
-5.7032583491e+01  5.7957188869e+05  1.0168540104e+02  0  8.7600000000e+00  3.8158803324e-13
 2.7023469077e+00  5.8036749040e+05  8.9820937517e+00  2  1.6800000000e+01  3.8211185452e-13
 1.1830544289e+01  5.8132980439e+05 -2.5882381413e+00  2  1.6800000000e+01  3.8274543857e-13
-2.4423181907e+01  5.8255844868e+05 -2.0391936714e+01  0  8.7600000000e+00  3.8355437352e-13
 2.5951851095e+01  5.8327750579e+05  2.4256118490e+01  1  1.2100000000e+01  3.8402779812e-13
 4.5659206703e+00  5.8423702419e+05  2.0135058320e+00  2  1.6800000000e+01  3.8465954156e-13
 4.2821822278e+00  5.8465287925e+05  2.1353619816e+01  0  8.7600000000e+00  3.8493333902e-13
 3.0468913242e+00  5.8595820733e+05 -6.0783397553e+00  2  1.6800000000e+01  3.8579276230e-13
 8.7552048869e+01  5.8861695473e+05  7.5232102202e+01  0  8.7600000000e+00  3.8754327197e-13
-1.1062488607e+00  5.8919639270e+05  1.3024884817e+01  1  1.2100000000e+01  3.8792477183e-13
 1.4081734811e+01  5.9014697390e+05 -2.7003007232e+01  1  1.2100000000e+01  3.8855063105e-13
 5.8805332965e+02  5.9133266478e+05 -4.7793767737e+02  0  8.7600000000e+00  3.8933128563e-13
-2.4532873237e+00  5.9274680470e+05 -6.8686130564e-01  0  8.7600000000e+00  3.9026235024e-13
 5.8463944321e+01  5.9297950767e+05 -8.3488690523e+01  1  1.2100000000e+01  3.9041556103e-13
-6.3069332213e+00  5.9371087321e+05  3.1326328652e+00  2  1.6800000000e+01  3.9089708946e-13
-2.6539325378e+00  5.9420769983e+05 -1.1827104552e+00  0  8.7600000000e+00  3.9122419831e-13
 4.8303712756e+01  5.9560376417e+05 -8.5072319825e+01  1  1.2100000000e+01  3.9214336201e-13
 5.1392295468e+00  5.9561336570e+05  1.5523233277e+01  1  1.2100000000e+01  3.9214968362e-13
 8.6131506988e+01  5.9581461951e+05 -5.6581071463e+01  0  8.7600000000e+00  3.9228218840e-13
-4.5491806043e-03  5.9693031517e+05  1.9215834033e-03  3  3.2200000000e+01  3.9301675838e-13
-5.7723256614e+00  5.9774794434e+05 -2.6485065474e+00  2  1.6800000000e+01  3.9355508247e-13
-3.9477402153e-03  5.9838161314e+05  3.3020114774e-04  0  8.7600000000e+00  3.9397228771e-13
-5.1929522142e+02  5.9968880841e+05  3.1644614975e+02  0  8.7600000000e+00  3.9483294035e-13
-3.0930987341e-04  5.9999155117e+05  1.4289576264e-03  0  8.7600000000e+00  3.9503226509e-13
 4.3311899256e+01  6.0148820690e+05  2.4268603362e+01  1  1.2100000000e+01  3.9601765780e-13
-6.2530410681e+01  6.0334132948e+05  3.9807179162e+01  0  8.7600000000e+00  3.9723774700e-13
-9.4602127130e+01  6.0344364555e+05  1.9176976778e+02  2  1.6800000000e+01  3.9730511153e-13
-3.5091727034e-03  6.0474478846e+05  1.3343743497e-03  2  1.6800000000e+01  3.9816177931e-13
 2.5289884744e+00  6.0480081065e+05 -1.2114954963e+01  0  8.7600000000e+00  3.9819866412e-13
-1.8576096354e+01  6.0501152419e+05  1.6455951542e+01  0  8.7600000000e+00  3.9833739715e-13
-3.1703042556e-03  6.0504353534e+05 -3.3036245305e-03  1  1.2100000000e+01  3.9835847317e-13
 3.9812794260e+00  6.0892292399e+05 -3.0398731470e+00  1  1.2100000000e+01  4.0091264861e-13
 3.0707659542e+01  6.0954398573e+05 -1.9844913797e+01  1  1.2100000000e+01  4.0132155342e-13
-3.1797301122e+01  6.1712890110e+05 -1.0205292530e+02  0  8.7600000000e+00  4.0631543423e-13
 4.7088969849e+01  6.1765094077e+05  3.0155187559e+01  1  1.2100000000e+01  4.0665914327e-13
-4.0174835124e-03  6.1852829298e+05 -1.8453931328e-03  0  8.7600000000e+00  4.0723678879e-13
 4.1545055398e+02  6.2019975011e+05  1.4953898431e+02  0  8.7600000000e+00  4.0833727010e-13
-1.6645881258e+01  6.2134082305e+05 -3.0629304579e+01  0  8.7600000000e+00  4.0908854840e-13
-3.9093670950e+00  6.2206151415e+05 -5.9376380134e+00  0  8.7600000000e+00  4.0956304881e-13
-1.1142527741e+01  6.2207506290e+05 -9.6750958834e+01  0  8.7600000000e+00  4.0957196926e-13
 1.2369261126e+01  6.2223555090e+05  1.2134727899e+01  2  1.6800000000e+01  4.0967763397e-13
 6.1888473794e+00  6.2294673223e+05  2.3336560938e+01  2  1.6800000000e+01  4.1014587319e-13
-2.8384368399e-01  6.2564053110e+05 -5.6799195362e-01  2  1.6800000000e+01  4.1191946062e-13
-4.7256607889e+00  6.2603797552e+05 -3.5445534902e+00  0  8.7600000000e+00  4.1218113658e-13
 2.0655341375e+00  6.2701794977e+05  2.8725195399e+00  0  8.7600000000e+00  4.1282634808e-13
 6.2185904949e+00  6.2764813191e+05  2.3558468941e+00  2  1.6800000000e+01  4.1324125772e-13
 2.6951214419e+01  6.2800833466e+05  1.4431427914e+00  0  8.7600000000e+00  4.1347841390e-13
 4.4776168277e-03  6.2814187598e+05 -4.6939769851e-03  3  3.2200000000e+01  4.1356633703e-13
-2.8414340165e+00  6.2918432043e+05  1.2374617452e+01  1  1.2100000000e+01  4.1425267867e-13
 5.2160855183e+01  6.3073979925e+05  1.4954102809e+01  0  8.7600000000e+00  4.1527680030e-13
-2.0624669723e+00  6.3084606171e+05  8.8573202747e-01  1  1.2100000000e+01  4.1534676312e-13
-4.4150439779e+01  6.3192541648e+05 -2.3153250510e+01  0  8.7600000000e+00  4.1605740639e-13
-1.6711893848e-03  6.3207343135e+05  2.3200088680e-03  0  8.7600000000e+00  4.1615485885e-13
 3.9112215601e+00  6.3362174401e+05  1.5425564330e+02  1  1.2100000000e+01  4.1717426229e-13
-6.1965017402e+00  6.3365887899e+05  1.3162856005e+01  0  8.7600000000e+00  4.1719871184e-13
-1.8848035106e+00  6.3481578041e+05  1.8049627492e+00  0  8.7600000000e+00  4.1796041154e-13
-1.1154874161e+03  6.3627471701e+05  1.1842627315e+02  0  8.7600000000e+00  4.1892097011e-13
 2.1878841642e+02  6.3646697865e+05  1.6661615473e+01  2  1.6800000000e+01  4.1904755449e-13
 1.2131167529e+00  6.3889008251e+05  1.5897983210e+00  0  8.7600000000e+00  4.2064291729e-13
 2.6333193039e+02  6.3991363329e+05 -1.4000214207e+01  3  3.2200000000e+01  4.2131681942e-13
-6.0194729391e+00  6.4187336944e+05  1.0137501369e+00  2  1.6800000000e+01  4.2260710261e-13
 2.4798802596e+01  6.4193865399e+05  2.7667183259e+00  0  8.7600000000e+00  4.2265008572e-13
-1.0719673737e+02  6.4251878701e+05  3.4960298846e+00  3  3.2200000000e+01  4.2303204320e-13
 1.9580166351e+00  6.4291176540e+05 -7.7286580769e+00  1  1.2100000000e+01  4.2329077875e-13
-4.2633426736e+00  6.4316864402e+05 -2.9116421088e+00  0  8.7600000000e+00  4.2345990670e-13
 3.0079219648e+00  6.4343434117e+05  5.8800832964e+00  0  8.7600000000e+00  4.2363484074e-13
 1.7032727641e+01  6.4373122881e+05  4.2670564459e+00  0  8.7600000000e+00  4.2383031049e-13
 2.3890450631e-03  6.4450111201e+05  2.6803758869e-03  0  8.7600000000e+00  4.2433719880e-13
 8.9623184786e-01  6.4462496495e+05 -9.1980710822e-01  0  8.7600000000e+00  4.2441874313e-13
-2.4184899623e+00  6.4527158235e+05  1.0041636049e+00  1  1.2100000000e+01  4.2484447368e-13
 3.3589620898e+01  6.4563003184e+05 -5.3149434377e+01  0  8.7600000000e+00  4.2508047553e-13
-9.2246833068e-04  6.4574629349e+05 -3.9252336551e-03  3  3.2200000000e+01  4.2515702178e-13
-2.1348893918e+00  6.4611642961e+05 -1.2542509203e+01  1  1.2100000000e+01  4.2540071806e-13
 3.8777386803e+00  6.4614637026e+05 -1.8344429143e+00  0  8.7600000000e+00  4.2542043088e-13
 1.0533176254e+01  6.4627801435e+05 -5.8829160614e+00  1  1.2100000000e+01  4.2550710487e-13
-4.4024878241e+00  6.4706072301e+05 -6.1936426471e+00  1  1.2100000000e+01  4.2602243742e-13
 1.0840031111e+02  6.4751835912e+05  3.4541735638e+02  0  8.7600000000e+00  4.2632374337e-13
 3.7382617216e+00  6.4820461216e+05  1.3032721606e+00  1  1.2100000000e+01  4.2677556989e-13
-1.6073926611e+02  6.4822277108e+05 -5.4911331475e-01  0  8.7600000000e+00  4.2678752566e-13
-1.4068901954e+00  6.4894913188e+05 -3.0707238862e+00  1  1.2100000000e+01  4.2726575898e-13
 2.1902676228e+02  6.4896451629e+05 -2.2479428413e+01  0  8.7600000000e+00  4.2727588802e-13
-5.9712181870e+00  6.5247135544e+05  1.3373049780e+01  0  8.7600000000e+00  4.2958477822e-13
-4.0736101744e+01  6.5311752948e+05 -3.9034862021e+01  1  1.2100000000e+01  4.3001021687e-13
-1.4020414121e-03  6.5379139697e+05 -4.1100139353e-03  1  1.2100000000e+01  4.3045388879e-13
-1.0863512941e+01  6.5422410563e+05 -5.5351651026e+01  0  8.7600000000e+00  4.3073878260e-13
 1.8225833550e+02  6.5449437402e+05  1.4913179239e+02  0  8.7600000000e+00  4.3091672633e-13
-2.8894291105e-01  6.5721698075e+05  1.7180718680e+00  1  1.2100000000e+01  4.3270928074e-13
-5.3755560087e+01  6.5992387373e+05 -1.1511841246e+02  0  8.7600000000e+00  4.3449148928e-13
-9.8572344829e+01  6.6060059988e+05 -2.3631674256e+02  0  8.7600000000e+00  4.3493704333e-13
 2.9957894040e-03  6.6101288446e+05  2.3251345159e-04  0  8.7600000000e+00  4.3520849000e-13
-1.8598784303e+00  6.6120924950e+05  6.6656693112e+00  3  3.2200000000e+01  4.3533777603e-13
-2.1464191038e-03  6.6261195153e+05 -4.8658774187e-03  3  3.2200000000e+01  4.3626130997e-13
 3.1726589261e+01  6.6338831362e+05 -1.6652493838e+00  2  1.6800000000e+01  4.3677246396e-13
-8.0177636622e-04  6.6461504274e+05  4.5446130072e-03  2  1.6800000000e+01  4.3758013797e-13
-3.9796739971e+01  6.6509065241e+05 -7.9178812732e+01  0  8.7600000000e+00  4.3789327766e-13
 3.9768904056e+00  6.6555036789e+05 -2.1495684130e+01  2  1.6800000000e+01  4.3819595267e-13
 1.6439993609e+03  6.6698348530e+05  2.3815190026e+03  0  8.7600000000e+00  4.3913951198e-13
-1.2829995502e+00  6.6866751967e+05 -1.2846561500e+00  0  8.7600000000e+00  4.4024827411e-13
 6.2139544849e+00  6.7309556960e+05 -9.0277164675e-01  0  8.7600000000e+00  4.4316368616e-13
 8.6287424255e-01  6.7365064629e+05 -9.7813275414e-01  2  1.6800000000e+01  4.4352914664e-13
-5.8899370639e+02  6.7365994040e+05  1.3986088494e+02  2  1.6800000000e+01  4.4353526585e-13
 1.1895630753e+01  6.7523211577e+05 -5.9930590831e+01  1  1.2100000000e+01  4.4457038042e-13
-8.2322859857e+00  6.7535323807e+05 -4.4160835710e+00  2  1.6800000000e+01  4.4465012691e-13
 1.3882018136e+01  6.7634877617e+05  1.0208745881e+02  3  3.2200000000e+01  4.4530558559e-13
-1.2002805307e+01  6.7641452869e+05  1.0230296513e+02  1  1.2100000000e+01  4.4534887680e-13
 4.5985073444e+01  6.7738765948e+05  3.8829081714e+01  1  1.2100000000e+01  4.4598958259e-13
-1.9617083249e+01  6.7739772104e+05  1.6179742148e+01  1  1.2100000000e+01  4.4599620709e-13
 3.5991665835e+01  6.7980615673e+05 -2.6748237124e+01  1  1.2100000000e+01  4.4758191243e-13
-3.0998271801e+01  6.8071138514e+05  2.5740022315e+01  0  8.7600000000e+00  4.4817791154e-13
-2.2862010948e+01  6.8103041997e+05  3.2643407145e+00  0  8.7600000000e+00  4.4838796291e-13
 2.5372081085e+02  6.8179873233e+05 -2.1965372053e+02  1  1.2100000000e+01  4.4889381699e-13
 2.7638367308e+01  6.8221037896e+05  2.7763561473e+02  1  1.2100000000e+01  4.4916484364e-13
-4.1453955905e+01  6.8259767555e+05  1.5140740585e+00  0  8.7600000000e+00  4.4941983831e-13
 1.3108127500e-03  6.8302986934e+05  8.2989000055e-04  3  3.2200000000e+01  4.4970439314e-13
-3.3806158609e+00  6.8327939081e+05 -1.0090874251e+01  0  8.7600000000e+00  4.4986867717e-13
-4.6982088541e-01  6.8521708387e+05 -1.3380755089e+00  0  8.7600000000e+00  4.5114444726e-13
-1.4474697791e-01  6.8533026423e+05  5.0492344165e+00  0  8.7600000000e+00  4.5121896481e-13
-2.0387606775e-03  6.8992216791e+05  4.5492938671e-03  3  3.2200000000e+01  4.5424225757e-13
-1.7975608361e-05  6.9137349242e+05 -2.1160497224e-03  3  3.2200000000e+01  4.5519780437e-13
 9.6171373509e+01  6.9181592482e+05 -3.4157205398e+01  0  8.7600000000e+00  4.5548910025e-13
-3.3257964708e+00  6.9323765741e+05  1.3641204354e+00  0  8.7600000000e+00  4.5642516385e-13
-8.1225020365e-01  6.9335053074e+05 -2.4462633020e-01  2  1.6800000000e+01  4.5649947924e-13
-5.1364607481e-01  6.9435015134e+05  8.2973527683e+00  1  1.2100000000e+01  4.5715762582e-13
 1.3558649926e+02  6.9468291604e+05 -3.6483335825e+02  2  1.6800000000e+01  4.5737671690e-13
 5.3867517489e+00  6.9664109138e+05  3.8936613799e+01  0  8.7600000000e+00  4.5866597245e-13
-4.2117815923e+00  6.9774664513e+05 -3.4653375099e+00  3  3.2200000000e+01  4.5939386504e-13
-2.1612352322e+01  6.9810869275e+05 -5.6392379797e+00  0  8.7600000000e+00  4.5963223588e-13
-4.4476836498e-03  6.9848042371e+05 -2.2191023860e-03  3  3.2200000000e+01  4.5987698220e-13
 3.5461981355e-03  6.9968739675e+05  9.5206328479e-04  1  1.2100000000e+01  4.6067164888e-13
-2.4391219181e-01  7.0124970438e+05 -3.8771948476e-01  1  1.2100000000e+01  4.6170026657e-13
-1.2567558848e+01  7.0276866303e+05  6.7395177584e+00  2  1.6800000000e+01  4.6270034344e-13
-1.1422325944e+01  7.0335437141e+05  6.4435238734e+00  1  1.2100000000e+01  4.6308597172e-13
 9.8637580005e-01  7.0408386565e+05 -5.1600564087e+00  0  8.7600000000e+00  4.6356626808e-13
 1.3276274997e-03  7.0447347643e+05  3.4353881369e-03  0  8.7600000000e+00  4.6382278641e-13
-1.4315838304e-03  7.0464885970e+05 -6.2943680008e-04  1  1.2100000000e+01  4.6393825812e-13
 3.8281863935e+01  7.0507796482e+05  1.6195234602e+01  0  8.7600000000e+00  4.6422077938e-13
-7.0120282789e+00  7.0546636566e+05 -3.7015814173e+01  0  8.7600000000e+00  4.6447650109e-13
-3.4696353982e+02  7.0622552151e+05  5.2524919214e+01  2  1.6800000000e+01  4.6497632655e-13
-5.4573052220e+02  7.0727242943e+05  1.1913342291e+01  2  1.6800000000e+01  4.6566560693e-13
 8.2880114852e+01  7.0826369959e+05  1.1636236748e+01  1  1.2100000000e+01  4.6631825562e-13
 4.3495811797e+01  7.0882056552e+05 -1.9423235268e+00  0  8.7600000000e+00  4.6668489413e-13
 1.0557009913e-03  7.0896039674e+05  3.1665612609e-03  2  1.6800000000e+01  4.6677695850e-13
 3.9511189582e-04  7.1125894691e+05  6.4563297930e-04  1  1.2100000000e+01  4.6829031561e-13
-1.0367526575e+01  7.1187891594e+05 -6.8321387231e+00  0  8.7600000000e+00  4.6869850097e-13
 3.7275946698e-01  7.1217658989e+05  9.5544762038e-04  0  8.7600000000e+00  4.6889448842e-13
 1.1534830118e-03  7.1227937218e+05 -3.4110201515e-03  1  1.2100000000e+01  4.6896215991e-13
 7.5600340809e+01  7.1281010287e+05  2.7037471601e+02  0  8.7600000000e+00  4.6931159108e-13
-4.1871501799e+00  7.1393656427e+05  5.0963616716e+00  0  8.7600000000e+00  4.7005324918e-13
 1.6594349798e+02  7.1599424596e+05  2.1292230413e+02  0  8.7600000000e+00  4.7140801936e-13
-2.9987617295e+01  7.1636544446e+05 -8.1263775173e+01  0  8.7600000000e+00  4.7165241511e-13
-5.4819483749e-01  7.1651598783e+05 -1.6527447316e-01  2  1.6800000000e+01  4.7175153232e-13
-3.1815949520e+01  7.1838218573e+05  5.8988531549e+01  1  1.2100000000e+01  4.7298023026e-13
 8.9533881814e+00  7.1877540861e+05  3.4063781831e+01  2  1.6800000000e+01  4.7323912678e-13
-6.8671753851e+00  7.2050263127e+05  1.1744561185e+00  1  1.2100000000e+01  4.7437632393e-13
 9.1701728611e+01  7.2062290242e+05  1.1653854321e+02  2  1.6800000000e+01  4.7445551002e-13
-2.2075829485e+00  7.2248285923e+05  5.1793051958e-01  1  1.2100000000e+01  4.7568009885e-13
 2.3890064311e-01  7.2295555082e+05 -2.2539480549e-01  0  8.7600000000e+00  4.7599131727e-13
-3.8535972234e-01  7.2557458414e+05  2.5256010881e+01  0  8.7600000000e+00  4.7771567933e-13
-2.5735496982e-02  7.2606500392e+05 -3.5999198138e+00  1  1.2100000000e+01  4.7803856994e-13
 1.5815275461e+02  7.2615166255e+05  4.3331939797e+01  1  1.2100000000e+01  4.7809562567e-13
 9.8431322071e-04  7.2631293411e+05  3.3523004681e-03  0  8.7600000000e+00  4.7820180628e-13
 1.9273271751e+00  7.2820873357e+05  4.6864345474e-02  1  1.2100000000e+01  4.7944999378e-13
-9.6707941991e+00  7.2854189435e+05  3.1902857515e+01  3  3.2200000000e+01  4.7966934563e-13
-3.8005649605e+00  7.3028563640e+05 -7.5265137390e-01  3  3.2200000000e+01  4.8081741909e-13
 7.1603863399e+01  7.3193678229e+05  7.9067830261e+01  1  1.2100000000e+01  4.8190452756e-13
 3.8365947424e+01  7.3257167888e+05  1.8701561467e+01  0  8.7600000000e+00  4.8232254118e-13
-1.5397571573e+01  7.3517283404e+05 -2.8065847329e+01  0  8.7600000000e+00  4.8403513232e-13
 1.6487368982e+00  7.3679996175e+05  2.4067482553e+00  2  1.6800000000e+01  4.8510642731e-13
-1.6965935200e+02  7.3768756170e+05 -8.7370824595e+01  1  1.2100000000e+01  4.8569081991e-13
 2.1139667682e-03  7.3792881214e+05 -5.6052694822e-04  4  4.0000000000e+01  4.8584965832e-13
-7.2956139351e+01  7.3817042097e+05 -1.7292420382e+01  0  8.7600000000e+00  4.8600873270e-13
-1.4837002635e+01  7.3992279555e+05  8.2595699529e+01  2  1.6800000000e+01  4.8716248978e-13
 5.0909591009e+00  7.4113484530e+05  1.4476315163e+00  0  8.7600000000e+00  4.8796049895e-13
-7.7641869233e-04  7.4129593576e+05  7.3103803942e-04  3  3.2200000000e+01  4.8806656032e-13
-3.4436713850e-03  7.4208696775e+05  2.2150317520e-03  1  1.2100000000e+01  4.8858737292e-13
 2.2050717114e+01  7.4288210085e+05  8.3233782583e+00  0  8.7600000000e+00  4.8911088567e-13
 3.5768180301e+01  7.4615842945e+05 -6.8320077682e+01  2  1.6800000000e+01  4.9126800856e-13
-5.2107354705e+00  7.4642556981e+05  1.1097704580e+00  0  8.7600000000e+00  4.9144389281e-13
 3.3853935537e+02  7.5004679123e+05 -1.2964623697e+00  2  1.6800000000e+01  4.9382809188e-13
-3.5894992681e+00  7.5092933890e+05 -3.5082673419e+00  2  1.6800000000e+01  4.9440915807e-13
 4.4828996986e-01  7.5177891204e+05 -1.1912094362e+01  1  1.2100000000e+01  4.9496851395e-13
-1.7196420627e+02  7.5331083024e+05  3.3208785880e+02  2  1.6800000000e+01  4.9597712335e-13
 2.2778007447e+01  7.5359701849e+05 -3.2285059151e+01  0  8.7600000000e+00  4.9616554866e-13
-2.4189271803e+00  7.5590980670e+05  5.1955033935e+00  0  8.7600000000e+00  4.9768828004e-13
-3.3810766443e+00  7.5626017394e+05 -1.5719571980e+00  0  8.7600000000e+00  4.9791896056e-13
 8.2100741460e+00  7.5634676273e+05 -1.6416019031e+00  1  1.2100000000e+01  4.9797597031e-13
 2.4154216570e+01  7.5850000189e+05  3.4403315196e+01  2  1.6800000000e+01  4.9939365518e-13
-3.4883147522e+01  7.5922700478e+05 -3.7266688444e+01  0  8.7600000000e+00  4.9987231125e-13
 2.9921064554e+00  7.6245586498e+05  2.1860017130e+00  0  8.7600000000e+00  5.0199818112e-13
-1.6664577734e+01  7.6287220464e+05  5.7818704259e+01  2  1.6800000000e+01  5.0227229764e-13
-4.0543675862e+00  7.6302472730e+05 -8.3504813615e+00  1  1.2100000000e+01  5.0237271801e-13
-1.9613441811e-03  7.6317617353e+05 -4.3116513497e-03  1  1.2100000000e+01  5.0247242966e-13
 1.1759265189e+01  7.6328044637e+05 -5.8582516945e+01  0  8.7600000000e+00  5.0254108251e-13
 5.2292207148e-01  7.6340209210e+05  9.5674181288e+00  2  1.6800000000e+01  5.0262117362e-13
-6.2894584096e+01  7.6349154941e+05 -1.1875148977e+01  1  1.2100000000e+01  5.0268007200e-13
-1.9849292051e+01  7.6438523128e+05  9.1478387117e+00  1  1.2100000000e+01  5.0326846890e-13
 5.9629617827e+01  7.6476228628e+05 -6.0724711896e+01  0  8.7600000000e+00  5.0351672054e-13
-5.1056505702e+01  7.6524681001e+05  1.9940243119e+01  0  8.7600000000e+00  5.0383572922e-13
-7.1648908684e+01  7.6537832088e+05  1.6048360845e+01  1  1.2100000000e+01  5.0392231550e-13
-4.7263703908e+00  7.6698301698e+05 -1.4500258524e-01  1  1.2100000000e+01  5.0497884160e-13
-6.0609379867e+01  7.6777484308e+05  2.4261146163e+01  1  1.2100000000e+01  5.0550017704e-13
 4.4943648462e-01  7.7234730003e+05 -6.0254103984e+00  0  8.7600000000e+00  5.0851066614e-13
 4.0757659539e-03  7.7290854323e+05  1.3983872004e-03  2  1.6800000000e+01  5.0888018663e-13
 1.8261720988e+01  7.7625641684e+05  2.7697070988e+01  1  1.2100000000e+01  5.1108441450e-13
-4.3773858936e+01  7.7676476028e+05 -3.7067539378e+01  1  1.2100000000e+01  5.1141910598e-13
-4.6257179755e+01  7.7815050230e+05  1.6085351460e+02  3  3.2200000000e+01  5.1233147350e-13
-1.2780728673e+00  7.7819195413e+05 -8.3989460787e+00  3  3.2200000000e+01  5.1235876524e-13
 2.7579069205e+01  7.8106203449e+05  1.0336295729e+01  3  3.2200000000e+01  5.1424841576e-13
-3.9322837763e+00  7.8178955503e+05  2.1013444996e+00  0  8.7600000000e+00  5.1472741265e-13
 3.2870006272e+00  7.8189306681e+05 -7.3035509157e+01  0  8.7600000000e+00  5.1479556443e-13
 9.0764493946e-01  7.8435388062e+05 -5.9574624113e+00  0  8.7600000000e+00  5.1641575533e-13
-4.5045536657e-01  7.8595116534e+05  2.7785509883e-01  0  8.7600000000e+00  5.1746740181e-13
 2.6936768637e-03  7.8746052122e+05  2.6270474389e-03  1  1.2100000000e+01  5.1846115625e-13
 2.7863061325e-03  7.8785021882e+05 -5.5283169521e-04  0  8.7600000000e+00  5.1871773174e-13
-4.1858484854e+01  7.8793693987e+05  2.4746725594e+00  1  1.2100000000e+01  5.1877482857e-13
 1.2898015041e+01  7.8920843850e+05 -6.8593921709e+00  0  8.7600000000e+00  5.1961197867e-13
 2.5415249248e-01  7.9198948719e+05  3.0915564929e+00  1  1.2100000000e+01  5.2144301105e-13
 5.7329268920e+00  7.9398414550e+05  5.9978816726e+00  1  1.2100000000e+01  5.2275628686e-13
-1.4423013415e-03  7.9491079784e+05 -7.5864723686e-04  0  8.7600000000e+00  5.2336639141e-13
-1.5337824115e+01  7.9502042452e+05 -5.5830733936e+01  2  1.6800000000e+01  5.2343856922e-13
-6.5579356797e+02  7.9582441182e+05 -8.4280738695e+01  0  8.7600000000e+00  5.2396791154e-13
 2.0043891130e+01  7.9586517883e+05  6.9555925658e+01  0  8.7600000000e+00  5.2399475240e-13
-7.4915404666e+01  7.9662305251e+05  1.7635730603e+02  3  3.2200000000e+01  5.2449373368e-13
 7.5833946630e+00  7.9815593932e+05  3.4245454635e+00  0  8.7600000000e+00  5.2550298081e-13
-3.2799270782e+00  7.9947752646e+05  1.3475029070e+00  3  3.2200000000e+01  5.2637310900e-13
 6.1340419483e+00  8.0028840944e+05 -2.8706623943e+00  0  8.7600000000e+00  5.2690699142e-13
-3.2836117202e+00  8.0125463981e+05 -3.7081565862e+01  1  1.2100000000e+01  5.2754315400e-13
 2.9492361302e+00  8.0372087767e+05 -4.6708021269e+00  1  1.2100000000e+01  5.2916691607e-13
-1.3538111409e+01  8.0398545356e+05  6.8699821464e+00  3  3.2200000000e+01  5.2934111188e-13
-5.4338678036e+01  8.0603507590e+05  8.9946749724e+00  0  8.7600000000e+00  5.3069057581e-13
 1.3068651375e+01  8.0778473643e+05  8.7380292062e+00  1  1.2100000000e+01  5.3184254597e-13
 7.0770478830e+00  8.0922838676e+05 -7.2170277629e+00  3  3.2200000000e+01  5.3279304012e-13
 2.2782042245e+00  8.1254090712e+05 -1.4466914221e+01  1  1.2100000000e+01  5.3497399153e-13
 3.2868192982e+02  8.1275226841e+05 -2.2931941208e+02  0  8.7600000000e+00  5.3511315104e-13
 5.3415329995e+00  8.1495085928e+05 -9.1208339285e+00  0  8.7600000000e+00  5.3656069531e-13
-1.0231729105e+01  8.1516322855e+05 -2.5954742139e+00  0  8.7600000000e+00  5.3670051847e-13
 9.4130592664e+00  8.1600863831e+05  5.5163383547e+00  1  1.2100000000e+01  5.3725713319e-13
 6.0701810643e+01  8.2048437737e+05  2.6884157584e+00  0  8.7600000000e+00  5.4020394359e-13
 4.7998545135e+00  8.2087547839e+05  7.3123772100e+00  0  8.7600000000e+00  5.4046144308e-13
-3.9825804957e+01  8.2219759738e+05  8.4572896716e+00  3  3.2200000000e+01  5.4133192144e-13
-1.9850476121e+01  8.2319573485e+05  2.0376223228e+01  2  1.6800000000e+01  5.4198909153e-13
-5.8410991709e-04  8.2326184197e+05  2.8646234786e-03  4  4.0000000000e+01  5.4203261622e-13
-8.4337942531e+00  8.2445513662e+05 -8.7381554667e+00  0  8.7600000000e+00  5.4281827710e-13
-1.0939446624e+02  8.2811550576e+05  2.6143708750e+01  1  1.2100000000e+01  5.4522825089e-13
 6.3554066308e+01  8.3245685195e+05 -6.2123954126e+01  0  8.7600000000e+00  5.4808657750e-13
-1.3928570140e+01  8.3453227371e+05 -2.7033285178e+01  1  1.2100000000e+01  5.4945302767e-13
 1.4781678481e+00  8.3653809668e+05  1.5646845025e-01  2  1.6800000000e+01  5.5077365426e-13
 1.5877604696e+02  8.4216670824e+05  2.0843317436e+02  0  8.7600000000e+00  5.5447951173e-13
-3.3188581643e+01  8.4291534481e+05  1.5705405085e+01  1  1.2100000000e+01  5.5497241134e-13
 7.7968308358e-01  8.4388178383e+05  1.8343161125e+00  0  8.7600000000e+00  5.5560871129e-13
-1.9953230712e+00  8.4771246648e+05 -5.9224148288e+00  0  8.7600000000e+00  5.5813081888e-13
-2.5880277857e+01  8.4836191159e+05 -3.3135868369e+01  1  1.2100000000e+01  5.5855841119e-13
-2.3170227642e+02  8.4871876001e+05  8.8517510594e+01  0  8.7600000000e+00  5.5879335890e-13
-1.0716184432e+00  8.4958608841e+05  1.9697554975e+00  1  1.2100000000e+01  5.5936440478e-13
-6.9676244135e+01  8.5033241967e+05 -3.6701337102e+00  3  3.2200000000e+01  5.5985578658e-13
-3.1516426453e+01  8.5228915322e+05 -3.3941410697e+01  0  8.7600000000e+00  5.6114409286e-13
 8.2076434363e-01  8.5365732035e+05  1.4602116760e+00  2  1.6800000000e+01  5.6204488914e-13
 4.9459830220e-01  8.5399990247e+05  1.4210215201e+01  0  8.7600000000e+00  5.6227044397e-13
 8.2142572784e-01  8.5521598928e+05 -4.4356923959e+00  0  8.7600000000e+00  5.6307111112e-13
-1.7992363153e+00  8.5647246581e+05 -7.3276632017e+00  0  8.7600000000e+00  5.6389837072e-13
 5.7130854356e-01  8.5745516071e+05 -4.3523140180e+00  0  8.7600000000e+00  5.6454537349e-13
-4.2731959975e-03  8.6149334839e+05  3.9487046441e-04  3  3.2200000000e+01  5.6720410164e-13
-3.4121046906e-03  8.6165569422e+05  2.7564644244e-03  1  1.2100000000e+01  5.6731098954e-13
 3.9361049055e-01  8.6203276225e+05  5.6467601534e-01  0  8.7600000000e+00  5.6755924977e-13
 2.5750977124e+00  8.6314527754e+05 -2.3328256148e+01  3  3.2200000000e+01  5.6829172581e-13
 1.5650642042e+01  8.6355924442e+05 -4.4612522316e+00  0  8.7600000000e+00  5.6856428011e-13
-1.6245709341e-01  8.6565237311e+05  1.2330544138e+01  1  1.2100000000e+01  5.6994238845e-13
-2.0143319980e+02  8.6625084104e+05  1.3377403778e+02  2  1.6800000000e+01  5.7033641757e-13
 7.8253180617e+00  8.6713502466e+05 -1.6281991657e+00  0  8.7600000000e+00  5.7091856087e-13
-5.3526500596e+01  8.6742467920e+05 -3.8610490461e+01  1  1.2100000000e+01  5.7110926837e-13
-2.1697501608e+02  8.6958794688e+05  1.8725590993e+02  0  8.7600000000e+00  5.7253355598e-13
-2.1024186104e-03  8.7001617036e+05  4.6504148700e-03  3  3.2200000000e+01  5.7281549677e-13
-1.1376427785e+00  8.7187369685e+05  2.9645521292e+00  2  1.6800000000e+01  5.7403848548e-13
-9.4529108013e-01  8.7244678892e+05  9.9794798870e-01  1  1.2100000000e+01  5.7441580722e-13
-2.1742231472e+02  8.7252409372e+05  1.2426671425e+02  2  1.6800000000e+01  5.7446670443e-13
 4.9791283506e-01  8.7370562843e+05 -4.5947374812e-01  0  8.7600000000e+00  5.7524462260e-13
-2.1166193932e+02  8.7520822780e+05 -5.4725520024e+00  1  1.2100000000e+01  5.7623392859e-13
-1.1303669755e+00  8.7704854062e+05 -3.7913075811e-01  0  8.7600000000e+00  5.7744558389e-13
-4.1948000222e+01  8.7745867035e+05  2.6790499765e+02  2  1.6800000000e+01  5.7771561181e-13
-4.7728061931e-04  8.7890478231e+05 -1.6553687568e-03  0  8.7600000000e+00  5.7866772669e-13
 3.6094797291e+00  8.7920620627e+05  1.7982535669e+00  3  3.2200000000e+01  5.7886618314e-13
-2.6850092834e+01  8.8107491864e+05  1.6999946731e+01  0  8.7600000000e+00  5.8009653660e-13
-8.0704899223e+01  8.8169620194e+05  9.8505854879e+01  1  1.2100000000e+01  5.8050558727e-13
 1.4228682146e+02  8.8399719563e+05 -3.1545358809e+02  0  8.7600000000e+00  5.8202055319e-13
 5.0689346006e+01  8.8418501545e+05 -1.7371352691e+00  2  1.6800000000e+01  5.8214421308e-13
-3.4732184390e+00  8.8471172627e+05  6.4835675649e+00  0  8.7600000000e+00  5.8249099757e-13
-2.1129880479e+01  8.8485868521e+05  1.4036426427e+01  2  1.6800000000e+01  5.8258775481e-13
-3.2292422825e+01  8.8559962726e+05  1.2490532348e+01  0  8.7600000000e+00  5.8307558837e-13
-4.3267083302e+01  8.8703718477e+05 -2.6536028630e+01  0  8.7600000000e+00  5.8402207103e-13
-1.7826956728e-03  8.8937341699e+05 -1.7661734097e-03  3  3.2200000000e+01  5.8556023786e-13
 1.2664967325e+01  8.8960655628e+05  1.2428293751e+01  1  1.2100000000e+01  5.8571373593e-13
-4.0764960689e-03  8.9001067944e+05 -3.6694298259e-03  3  3.2200000000e+01  5.8597980916e-13
 5.7546181052e+01  8.9316935839e+05 -1.6935687900e+01  0  8.7600000000e+00  5.8805947194e-13
 5.7487066172e+00  8.9428896315e+05 -2.5468023978e+00  1  1.2100000000e+01  5.8879661566e-13
-1.9301452323e+01  8.9523023053e+05  9.2045953615e+01  0  8.7600000000e+00  5.8941634269e-13
-1.6857118556e+00  8.9528377966e+05  1.2644916522e+00  0  8.7600000000e+00  5.8945159925e-13
 1.0083482188e+01  8.9623964434e+05  3.0480371874e+01  0  8.7600000000e+00  5.9008093710e-13
-3.6658774346e+00  8.9672100955e+05  6.2331259957e-01  1  1.2100000000e+01  5.9039786621e-13
 1.8294032310e+00  8.9674078273e+05  2.2001565017e+00  3  3.2200000000e+01  5.9041088479e-13
 1.8417212383e+01  8.9680841043e+05  2.3597542167e+02  1  1.2100000000e+01  5.9045541063e-13
-2.1070844154e-03  8.9847383568e+05 -3.7677702535e-03  2  1.6800000000e+01  5.9155192058e-13
-1.1845814300e-01  8.9858134534e+05 -9.2119031113e-01  0  8.7600000000e+00  5.9162270456e-13
 4.6086714672e-03  8.9914874495e+05  5.5955195101e+00  0  8.7600000000e+00  5.9199627840e-13
-1.4582432587e+01  8.9922732805e+05 -1.0610978922e+01  0  8.7600000000e+00  5.9204801723e-13
-4.9146502278e-03  8.9960409953e+05 -5.2637921904e-04  2  1.6800000000e+01  5.9229608221e-13
-1.2975394861e+02  9.0083439397e+05  2.7702466032e+02  0  8.7600000000e+00  5.9310610361e-13
-8.1243464146e+00  9.0238419161e+05  3.7462790309e+00  0  8.7600000000e+00  5.9412648477e-13
 9.8408016958e-01  9.0295567042e+05  5.9476353169e-01  0  8.7600000000e+00  5.9450274435e-13
 1.6395392570e+01  9.0447017378e+05 -1.9037897957e+01  2  1.6800000000e+01  5.9549988788e-13
-5.9045162906e+00  9.0533085638e+05  2.2035739143e+01  3  3.2200000000e+01  5.9606655819e-13
-1.7793822581e+00  9.0538430354e+05  1.2621542508e+00  0  8.7600000000e+00  5.9610174760e-13
-4.5602125664e+01  9.0558324116e+05 -2.0214831563e+02  2  1.6800000000e+01  5.9623272741e-13
 4.2111607793e+00  9.0606950508e+05 -5.6981551039e-01  2  1.6800000000e+01  5.9655288182e-13
-8.1366353062e+01  9.0891610701e+05  9.6873947607e+01  1  1.2100000000e+01  5.9842707422e-13
 3.5269000525e+01  9.0997804746e+05  5.1092585586e+01  0  8.7600000000e+00  5.9912625197e-13
-1.3720731177e+01  9.1008622117e+05  2.5690834373e+01  0  8.7600000000e+00  5.9919747315e-13
-6.4951526336e-01  9.1032723859e+05  7.4382742779e-01  0  8.7600000000e+00  5.9935615815e-13
 3.1444656654e-03  9.1074160627e+05 -9.6556161808e-04  3  3.2200000000e+01  5.9962897633e-13
 2.0278632060e+01  9.1120114752e+05 -4.7463679937e+01  1  1.2100000000e+01  5.9993153662e-13
 2.0323007932e+02  9.1334622986e+05  1.9593075990e+02  0  8.7600000000e+00  6.0134385107e-13
 1.1116614745e+01  9.1525640115e+05  6.1978374335e+00  0  8.7600000000e+00  6.0260150093e-13
-1.4234720750e+01  9.1574662903e+05 -3.8927883690e+01  1  1.2100000000e+01  6.0292426519e-13
-3.1035937039e+01  9.1583297073e+05  1.4042999133e+01  1  1.2100000000e+01  6.0298111226e-13
 1.8058849111e-03  9.1642402470e+05  1.5077012389e-03  0  8.7600000000e+00  6.0337026005e-13
-1.4350333871e+01  9.1650879445e+05 -9.8398102839e+00  0  8.7600000000e+00  6.0342607214e-13
 2.3493132629e+01  9.1717684280e+05 -1.5339243053e+01  0  8.7600000000e+00  6.0386591276e-13
 5.6326088337e+00  9.2016509762e+05  2.0508396480e+00  2  1.6800000000e+01  6.0583336892e-13
 7.2369221570e+00  9.2124628804e+05  1.3881020699e+01  2  1.6800000000e+01  6.0654522078e-13
 4.2383490727e+00  9.2157164356e+05 -4.4093481601e+00  3  3.2200000000e+01  6.0675943367e-13
 3.0078229470e+01  9.2264271441e+05  1.4239569150e+01  1  1.2100000000e+01  6.0746462284e-13
-4.9407721820e+00  9.2320452175e+05  8.6843937575e+01  0  8.7600000000e+00  6.0783451476e-13
 5.9602889081e+00  9.2496762840e+05  6.4288351100e+00  0  8.7600000000e+00  6.0899533779e-13
 2.5102425947e+00  9.2582216697e+05 -9.8965120561e-01  2  1.6800000000e+01  6.0955796290e-13
 8.3505836072e+00  9.2664001422e+05 -6.4691467192e+01  0  8.7600000000e+00  6.1009643056e-13
 1.2407639622e+02  9.2765071448e+05  2.0578705519e+02  1  1.2100000000e+01  6.1076187195e-13
-5.1520432105e+00  9.3130607242e+05  3.9242847955e+00  1  1.2100000000e+01  6.1316854639e-13
-3.2184208168e-01  9.3157576558e+05  2.7131566125e+00  0  8.7600000000e+00  6.1334611139e-13
 6.3518598979e+01  9.3498426167e+05  2.3207107867e+02  2  1.6800000000e+01  6.1559025287e-13
 4.1046245172e+00  9.3566921512e+05 -1.3964059504e+01  2  1.6800000000e+01  6.1604122375e-13
-2.0875802578e+01  9.3750034909e+05  7.3736495865e+00  1  1.2100000000e+01  6.1724683572e-13
-2.8802018989e+01  9.3811425636e+05  3.1843709181e+01  3  3.2200000000e+01  6.1765103005e-13
 1.8936581532e+00  9.3840963147e+05  1.3821107222e+01  1  1.2100000000e+01  6.1784550395e-13
-1.3619636267e+01  9.3859724219e+05  2.3689584351e-01  2  1.6800000000e+01  6.1796902617e-13
-1.4005203975e+01  9.3893314015e+05  7.9663431200e+00  1  1.2100000000e+01  6.1819018017e-13
 3.4787208722e+00  9.3977998671e+05 -4.4323051859e+00  0  8.7600000000e+00  6.1874774088e-13
-6.5278585565e-05  9.4196380021e+05  2.8628124100e-03  0  8.7600000000e+00  6.2018555578e-13
 1.1076203802e+01  9.4439022208e+05 -3.1352313702e+00  1  1.2100000000e+01  6.2178310315e-13
-1.3221179944e-01  9.4540138366e+05 -1.1769188343e+00  1  1.2100000000e+01  6.2244884828e-13
 1.1431887856e+02  9.4773239898e+05  6.3045274039e+02  0  8.7600000000e+00  6.2398358032e-13
-6.2863813091e+00  9.4899417717e+05 -1.9894984703e+00  0  8.7600000000e+00  6.2481433051e-13
-9.8422285928e-01  9.4999965065e+05 -5.9491019327e+00  1  1.2100000000e+01  6.2547633062e-13
 2.0110929089e+01  9.5049909072e+05 -3.0168023437e+01  0  8.7600000000e+00  6.2580516015e-13
-5.1817297721e+01  9.5222626413e+05  2.5756600756e+02  2  1.6800000000e+01  6.2694232487e-13
 1.8570061704e+02  9.5242631053e+05 -1.9066200636e+02  0  8.7600000000e+00  6.2707403469e-13
-1.0048975003e+02  9.5320733290e+05 -6.7522169107e+01  2  1.6800000000e+01  6.2758825699e-13
 2.6701296485e+01  9.5376502933e+05  2.4582410790e+01  0  8.7600000000e+00  6.2795544231e-13
-3.9819969291e+01  9.5416876825e+05  2.1093472956e+01  0  8.7600000000e+00  6.2822126255e-13
 9.3550063564e+00  9.5842499693e+05  3.8379604855e+00  0  8.7600000000e+00  6.3102354810e-13
-1.3928494829e+01  9.5913585453e+05  1.9514557566e+00  1  1.2100000000e+01  6.3149157418e-13
-4.9030720615e+00  9.6026681926e+05  1.4393719777e+01  2  1.6800000000e+01  6.3223619726e-13
 2.2726891532e+01  9.6097022609e+05 -2.1177141661e-02  2  1.6800000000e+01  6.3269931777e-13
 3.9888623570e+01  9.6127686311e+05 -2.5614436043e+01  0  8.7600000000e+00  6.3290120647e-13
 1.1780351154e+00  9.6524829690e+05  5.3553938656e+00  0  8.7600000000e+00  6.3551598410e-13
 1.4154563643e+00  9.6594066278e+05  1.7011892721e+00  2  1.6800000000e+01  6.3597183529e-13
-3.1310592082e+02  9.6614578658e+05  2.0722399050e+02  0  8.7600000000e+00  6.3610688806e-13
-1.3326306911e+00  9.6720893644e+05  5.7148763008e+00  0  8.7600000000e+00  6.3680686207e-13
-2.0026471780e+00  9.6913262249e+05 -4.9696634526e+00  1  1.2100000000e+01  6.3807341001e-13
 1.6506801737e+02  9.7020026984e+05 -1.5588454231e+02  0  8.7600000000e+00  6.3877634516e-13
-3.8939462685e+00  9.7125516807e+05 -1.9313398754e-01  0  8.7600000000e+00  6.3947088634e-13
 2.5439682778e+01  9.7212156851e+05  2.3695744916e+01  0  8.7600000000e+00  6.4004132125e-13
-4.7118243760e-03  9.7220832913e+05 -1.6322874635e-03  3  3.2200000000e+01  6.4009844413e-13
-5.8380360355e+00  9.7259377042e+05  2.8549588629e+00  1  1.2100000000e+01  6.4035221727e-13
 8.4451570227e+00  9.7386521388e+05  1.1240400708e+01  1  1.2100000000e+01  6.4118933104e-13
-2.0143778207e+00  9.7399230280e+05 -1.2200043337e+00  0  8.7600000000e+00  6.4127300593e-13
 6.9779986711e+01  9.7452225506e+05  5.1554949399e+01  3  3.2200000000e+01  6.4162192458e-13
-7.9632215603e+00  9.7486099254e+05 -1.2968174678e+00  2  1.6800000000e+01  6.4184494811e-13
-3.8553985017e-03  9.7693019576e+05  2.3173824685e-03  1  1.2100000000e+01  6.4320730402e-13
 1.6042576713e-01  9.7720588262e+05  4.2287527830e-01  2  1.6800000000e+01  6.4338881525e-13
 2.3726013421e+01  9.7906562480e+05 -2.4869306961e+01  0  8.7600000000e+00  6.4461326277e-13
 5.7741126912e+01  9.8060714025e+05  4.6087438347e+01  0  8.7600000000e+00  6.4562819096e-13
 1.7292409007e+01  9.8069184757e+05 -1.7787538634e+01  0  8.7600000000e+00  6.4568396195e-13
-2.1142427383e+01  9.8099861799e+05  3.2905721226e+00  1  1.2100000000e+01  6.4588593849e-13
 2.2680158204e-01  9.8150983262e+05 -7.8139197199e+01  0  8.7600000000e+00  6.4622252035e-13
 4.9698079487e+01  9.8253788239e+05 -1.3734320063e+01  0  8.7600000000e+00  6.4689938459e-13
 9.2164818665e-01  9.8315861995e+05  1.2178772399e+01  0  8.7600000000e+00  6.4730807596e-13
-1.7197097168e+01  9.8338944832e+05  1.2072421791e+01  3  3.2200000000e+01  6.4746005252e-13
-2.2431319664e+00  9.8353735351e+05 -6.0653918924e+00  2  1.6800000000e+01  6.4755743276e-13
-1.7528515154e-03  9.8492118346e+05 -1.7541979215e-04  2  1.6800000000e+01  6.4846854139e-13
 3.6820423549e+00  9.8665015784e+05 -1.4937366212e+00  1  1.2100000000e+01  6.4960689186e-13
-1.1438640390e+02  9.8671534513e+05 -6.6065392381e+00  2  1.6800000000e+01  6.4964981094e-13
 9.1504118328e+01  9.9031373763e+05 -3.9487706945e+01  2  1.6800000000e+01  6.5201897953e-13
-3.0522665256e+00  9.9242854932e+05  2.5329472883e+00  0  8.7600000000e+00  6.5341136389e-13
 6.7275256614e+00  9.9271053277e+05 -7.0370190050e+00  0  8.7600000000e+00  6.5359702078e-13
-5.9597699814e+01  9.9285292024e+05  3.5847988716e+01  2  1.6800000000e+01  6.5369076817e-13
 1.7195533527e-03  9.9386319179e+05  5.3319830239e-04  1  1.2100000000e+01  6.5435592730e-13
 2.4057178756e+01  1.0011836585e+06 -9.4959778544e+01  1  1.2100000000e+01  6.5917569608e-13