 x                 y                 z               Event            Energy              Time
-5.7024598513e+02  2.4851067455e+01 -1.5980171774e+02  0  8.7600000000e+00  1.6361852842e-17
-1.0335769501e+01  8.0084466225e+02 -5.4903897363e-01  2  1.6800000000e+01  5.2727322626e-16
-9.3769550140e-01  1.1250212216e+03  3.3749487515e-01  0  8.7600000000e+00  7.4070989931e-16
-3.7919006770e-03  1.3056251480e+03 -4.7467907680e-04  2  1.6800000000e+01  8.5961887054e-16
 1.0606191573e-01  2.8785656236e+03  2.7266690050e+00  3  3.2200000000e+01  1.8952371850e-15
-2.7897724249e+01  5.5712076004e+03 -1.3124162076e+02  0  8.7600000000e+00  3.6680629142e-15
-6.7215996700e+01  5.9804993239e+03 -1.3932855210e+02  0  8.7600000000e+00  3.9375391031e-15
 9.6727370618e+00  6.8817894595e+03  1.2592007752e+00  0  8.7600000000e+00  4.5309452653e-15
 6.2415341451e+01  9.1673788044e+03  2.3949968469e+02  1  1.2100000000e+01  6.0357690153e-15
-1.0900777219e+01  9.6348753693e+03 -1.2853305985e+01  0  8.7600000000e+00  6.3435670611e-15
 2.0218580803e+01  1.0893011227e+04 -1.5281939763e+00  0  8.7600000000e+00  7.1719191549e-15
-1.5930057125e+00  1.0910591778e+04 -2.9448898611e+01  3  3.2200000000e+01  7.1834941262e-15
-5.6780946337e+01  1.1799558735e+04  1.9014724621e+01  0  8.7600000000e+00  7.7687867523e-15
 2.3010959099e+02  1.2573147803e+04 -8.5661844574e+01  0  8.7600000000e+00  8.2781149939e-15
 1.1432565438e+01  1.2628486804e+04  1.1043814786e+01  0  8.7600000000e+00  8.3145499915e-15
 2.0687562307e-03  1.3157323945e+04 -4.1403107597e-04  3  3.2200000000e+01  8.6627344510e-15
 4.9432422692e+01  1.6871929250e+04 -1.4338921922e+01  0  8.7600000000e+00  1.1108417135e-14
-3.0880081389e-01  1.7345443501e+04  5.1393261999e+00  0  8.7600000000e+00  1.1420177204e-14
 1.3797061361e-03  1.8444515455e+04 -1.2789701001e-03  4  4.0000000000e+01  1.2143802199e-14
-2.1513963347e+01  1.9801327481e+04 -4.0661318128e+00  0  8.7600000000e+00  1.3037122325e-14
-1.5886312828e+00  2.1550119958e+04 -2.1549915765e+00  1  1.2100000000e+01  1.4188520961e-14
 4.3495273587e-03  2.1621483143e+04  2.5063177699e-03  1  1.2100000000e+01  1.4235506223e-14
-1.1853022138e+00  2.4055126331e+04 -2.7356998956e+00  0  8.7600000000e+00  1.5837808087e-14
 1.4802274058e+01  2.4193967591e+04  7.3538001261e+01  1  1.2100000000e+01  1.5929220670e-14
-1.1298521778e+02  2.4368607869e+04 -4.5175237810e+01  0  8.7600000000e+00  1.6044203197e-14
-8.2375806791e+01  2.5165193317e+04 -2.8183387700e+00  0  8.7600000000e+00  1.6568672172e-14
-2.6571347535e+01  2.6302326234e+04  9.2371951788e+01  0  8.7600000000e+00  1.7317356367e-14
 3.6827583512e-03  2.6692240167e+04 -3.8803918096e-03  3  3.2200000000e+01  1.7574074289e-14
 1.4074900787e+01  2.6837870828e+04 -9.4333389584e+00  0  8.7600000000e+00  1.7669956989e-14
 2.6101164156e+01  2.6872369130e+04 -2.7065181829e+01  0  8.7600000000e+00  1.7692670546e-14
-4.0514983366e-01  2.8464864222e+04  1.0671313393e+00  0  8.7600000000e+00  1.8741163550e-14
-8.4120471092e+01  3.1533724294e+04 -7.0841837203e+01  1  1.2100000000e+01  2.0761689911e-14
-4.6220212966e+00  3.2150301721e+04 -9.7601474271e+00  0  8.7600000000e+00  2.1167642257e-14
 2.2548565908e-03  3.3468285103e+04 -2.6252789971e-03  4  4.0000000000e+01  2.2035397744e-14
-3.0641035959e-03  3.3771049602e+04  1.6108629976e-03  3  3.2200000000e+01  2.2234736794e-14
 1.1725829965e+02  3.6222282762e+04 -1.3322564937e+02  1  1.2100000000e+01  2.3848619832e-14
 1.0873051672e+00  3.6443287787e+04 -1.3891589245e+01  0  8.7600000000e+00  2.3994128740e-14
-1.8581724456e+01  3.6739845982e+04 -9.5898193059e-01  1  1.2100000000e+01  2.4189381582e-14
-2.4171478684e+00  3.7001558634e+04 -2.7836777699e+01  1  1.2100000000e+01  2.4361692244e-14
-3.5447180380e+02  3.9366047983e+04  1.0809194635e+02  0  8.7600000000e+00  2.5918463471e-14
-8.3079867654e+01  4.0026395383e+04 -1.9254547084e+01  0  8.7600000000e+00  2.6353233809e-14
 1.1703219595e+02  4.0571495390e+04 -6.4327291611e+01  1  1.2100000000e+01  2.6712125680e-14
-3.3124282882e+02  4.1665708624e+04 -2.6884377940e+02  0  8.7600000000e+00  2.7432551712e-14
 1.3643432489e+02  4.3187985231e+04  3.1303066617e+02  1  1.2100000000e+01  2.8434813119e-14
-3.8512495103e-01  4.3566993696e+04 -1.0276937480e+00  1  1.2100000000e+01  2.8684350920e-14
-1.0833062052e+00  4.4071552832e+04  5.5160989753e+00  0  8.7600000000e+00  2.9016550828e-14
-4.3162795095e+00  4.4228931310e+04  6.2871466595e+00  0  8.7600000000e+00  2.9120168248e-14
-1.0902509918e+01  4.4435985425e+04 -5.2124002155e+01  0  8.7600000000e+00  2.9256491928e-14
-1.6459317173e+00  4.6388422676e+04 -1.9866069124e+00  2  1.6800000000e+01  3.0541969546e-14
-1.1330601471e+02  4.7792924093e+04  3.1911302513e+02  1  1.2100000000e+01  3.1466688194e-14
 2.1769535488e+01  4.9299486599e+04 -3.7833888949e+00  3  3.2200000000e+01  3.2458603493e-14
-4.5710191397e+01  4.9446168765e+04  3.9232148227e+01  3  3.2200000000e+01  3.2555178501e-14
-7.7330280068e+00  4.9792719798e+04  1.0920737196e+01  0  8.7600000000e+00  3.2783346446e-14
 2.1268866401e+01  5.0373083470e+04 -1.4532378283e+01  2  1.6800000000e+01  3.3165455787e-14
-1.7409278307e+02  5.1303302205e+04 -7.5154761152e+01  0  8.7600000000e+00  3.3777908433e-14
-3.7957618902e+00  5.1502425322e+04 -2.5982716700e+00  0  8.7600000000e+00  3.3909010373e-14
 7.8869951662e+00  5.2014290133e+04 -2.1039623015e+01  1  1.2100000000e+01  3.4246020312e-14
-3.5733423286e+00  5.3822585677e+04 -1.7701451684e+00  0  8.7600000000e+00  3.5436595551e-14
 3.7744014192e-03  5.5291880933e+04 -3.6353470798e-03  1  1.2100000000e+01  3.6403974228e-14
-2.7712730181e+01  5.6124270887e+04 -6.4568733687e+01  1  1.2100000000e+01  3.6952016760e-14
-7.1570022721e+00  5.6473474827e+04 -1.4443936930e-01  0  8.7600000000e+00  3.7181931370e-14
-5.4844540283e+02  5.6573671773e+04  1.7072896410e+02  1  1.2100000000e+01  3.7247900677e-14
-1.4048325236e+00  6.0465936689e+04 -1.1253432213e+00  0  8.7600000000e+00  3.9810553806e-14
 3.9910602086e+00  6.1466028072e+04  7.4723255794e+00  1  1.2100000000e+01  4.0469010352e-14
-1.1926178492e+02  6.4646163799e+04  9.9766804914e+00  1  1.2100000000e+01  4.2562800201e-14
 7.2163011214e-04  6.5110060654e+04 -1.5627052898e-03  2  1.6800000000e+01  4.2868228211e-14
 5.4678701783e+02  6.5168480848e+04 -1.2304293919e+02  0  8.7600000000e+00  4.2906691855e-14
-8.0566069992e+01  6.6189043859e+04  3.0455085933e+00  1  1.2100000000e+01  4.3578626847e-14
-7.9847591795e+00  6.8231877737e+04 -1.0893154864e+01  1  1.2100000000e+01  4.4923621276e-14
-2.5238276936e+02  6.8781547462e+04 -1.3996650410e+02  1  1.2100000000e+01  4.5285521832e-14
 1.8483399376e+01  6.9529947045e+04  8.7466893072e-01  0  8.7600000000e+00  4.5778265409e-14
-6.4735090988e+01  7.0222437681e+04 -6.3658387103e+01  1  1.2100000000e+01  4.6234198736e-14
-2.8265376315e+00  7.0420278906e+04  2.7687944595e-01  0  8.7600000000e+00  4.6364456683e-14
-6.1501917974e+01  7.0433250411e+04  3.1358448692e+01  0  8.7600000000e+00  4.6372997074e-14
-4.3878062486e-03  7.0570272522e+04  4.1403803505e-03  2  1.6800000000e+01  4.6463211936e-14
 7.3932578278e+00  7.2040598296e+04  6.2778107788e+00  1  1.2100000000e+01  4.7431269103e-14
 1.8187718580e+00  7.4570125897e+04  6.0537280007e+00  0  8.7600000000e+00  4.9096700918e-14
 8.5054061912e+01  7.8828924247e+04 -3.0145042302e+01  1  1.2100000000e+01  5.1900678333e-14
 1.2887058587e+01  7.9859046292e+04 -5.8059265535e+01  2  1.6800000000e+01  5.2578906957e-14
-7.0845374138e+00  8.0218453212e+04  7.1190938373e+00  2  1.6800000000e+01  5.2815539172e-14
 4.6155746704e+00  8.1341420138e+04  2.5562879972e+01  0  8.7600000000e+00  5.3554896531e-14
 1.8243095454e+01  8.2567594827e+04  2.9775936053e+01  1  1.2100000000e+01  5.4362205507e-14
 2.7184055535e+00  8.2635428802e+04  2.0090105605e+00  0  8.7600000000e+00  5.4406867150e-14
 2.2609096317e+02  8.6340808172e+04  1.8183950899e+02  2  1.6800000000e+01  5.6846475513e-14
-3.7557089197e+01  9.5182988380e+04 -1.9775890379e+01  0  8.7600000000e+00  6.2668134949e-14
-7.1272877530e+00  9.7415525558e+04  2.7650520225e+00  2  1.6800000000e+01  6.4138029345e-14
 1.5983775053e+00  9.8734814190e+04 -2.4110973714e+00  0  8.7600000000e+00  6.5006644204e-14
-2.3587345832e+01  9.9141702364e+04 -2.8614913017e+01  1  1.2100000000e+01  6.5274537904e-14
 1.8528768151e+00  9.9273708886e+04  5.6338083888e+02  0  8.7600000000e+00  6.5361450521e-14
-4.6844522353e+01  1.0280842898e+05 -1.8344250816e+02  2  1.6800000000e+01  6.7688697434e-14
 4.8117344430e+02  1.0357578891e+05  8.3758258666e+01  0  8.7600000000e+00  6.8193924436e-14
 3.6156108028e+00  1.0578674441e+05 -1.7467935516e+00  1  1.2100000000e+01  6.9649609533e-14
-1.7894669204e+01  1.0708248708e+05 -7.5656581505e+00  0  8.7600000000e+00  7.0502721814e-14
-3.7177862273e+00  1.0787391828e+05 -2.0829724201e+01  1  1.2100000000e+01  7.1023797248e-14
 3.1456168866e+02  1.0794447613e+05  3.0685054878e+01  1  1.2100000000e+01  7.1070252281e-14
 7.0856363455e+01  1.1095712269e+05 -6.7493677587e+01  0  8.7600000000e+00  7.3053767869e-14
 9.0445796024e-01  1.1193015455e+05 -1.8511922403e-01  0  8.7600000000e+00  7.3694408527e-14
-5.9042164745e+00  1.1196129052e+05 -1.6519931384e+01  0  8.7600000000e+00  7.3714908333e-14
-2.6274496073e-03  1.1262094621e+05  4.5445005663e-04  1  1.2100000000e+01  7.4149223252e-14
 2.2798055460e+00  1.1262239472e+05  6.0182163312e+00  0  8.7600000000e+00  7.4150176946e-14
 2.4123179178e+01  1.1303140741e+05 -6.9382620149e-01  0  8.7600000000e+00  7.4419469421e-14
-6.5934857992e+00  1.1304675052e+05  1.0199593307e+01  2  1.6800000000e+01  7.4429571269e-14
-2.6940626843e+02  1.1464724907e+05 -1.7634618003e+02  0  8.7600000000e+00  7.5483333721e-14
-1.7228667553e+01  1.1678306447e+05 -4.7895552196e+00  1  1.2100000000e+01  7.6889546844e-14
-3.3183753458e-01  1.1842240776e+05 -4.0277139419e+00  0  8.7600000000e+00  7.7968884531e-14
-2.6552159290e+01  1.1902837629e+05 -9.2215501291e+01  0  8.7600000000e+00  7.8367852018e-14
-2.0578981503e-03  1.1963089481e+05  2.9057876011e-03  0  8.7600000000e+00  7.8764548034e-14
-6.4187602103e+00  1.1992991995e+05 -2.2798562056e+01  0  8.7600000000e+00  7.8961425100e-14
 7.6801026682e-01  1.2151706001e+05  2.1445945806e+01  1  1.2100000000e+01  8.0006392370e-14
 5.3767885128e+00  1.2264137732e+05  1.9015570788e+01  2  1.6800000000e+01  8.0746638816e-14
-4.1462584412e+00  1.2375100355e+05 -7.9666683375e+00  0  8.7600000000e+00  8.1477212713e-14
 4.3317451391e+01  1.2769089335e+05  1.5203503521e+01  0  8.7600000000e+00  8.4071221887e-14
-2.0507391130e+01  1.3385563933e+05  5.9394697433e+00  1  1.2100000000e+01  8.8130068326e-14
 6.6347406081e-01  1.3467239434e+05  1.8881515707e+00  0  8.7600000000e+00  8.8667816867e-14
-2.0056234043e+02  1.3485482120e+05  1.1309706747e+02  1  1.2100000000e+01  8.8787926052e-14
 1.5404008469e+01  1.3501619256e+05  1.0963034486e+01  2  1.6800000000e+01  8.8894172371e-14
-1.6541838804e+00  1.3514741320e+05 -4.5461321591e+00  3  3.2200000000e+01  8.8980567567e-14
-3.9369797858e+02  1.3533996814e+05 -2.5794192136e+02  1  1.2100000000e+01  8.9107345043e-14
 7.1724551254e+01  1.3573165779e+05  1.2324206247e+02  1  1.2100000000e+01  8.9365232087e-14
-3.2399050848e+01  1.3655474674e+05 -5.8156801790e+01  1  1.2100000000e+01  8.9907150869e-14
-2.4277884501e-03  1.3987211395e+05 -3.8404811029e-03  2  1.6800000000e+01  9.2091293434e-14
-3.3296257061e+00  1.4098335468e+05  2.1424458322e+00  0  8.7600000000e+00  9.2822930308e-14
 8.2263076665e-01  1.4227782546e+05 -1.5514705772e+00  0  8.7600000000e+00  9.3675205179e-14
-7.5980763317e+01  1.4304408314e+05  6.6893982060e+01  2  1.6800000000e+01  9.4179706463e-14
 1.3692343986e+00  1.4338309362e+05  4.3612289070e-01  1  1.2100000000e+01  9.4402909735e-14
-1.5931178654e+02  1.4403038275e+05  2.7913611354e+02  1  1.2100000000e+01  9.4829082556e-14
 7.9938306673e-01  1.4562074034e+05  1.5501102736e+00  1  1.2100000000e+01  9.5876168234e-14
-3.3108441842e+00  1.4620306152e+05  5.9258482765e-01  1  1.2100000000e+01  9.6259566389e-14
 5.5880594551e+00  1.4698615422e+05  1.1856273545e+01  2  1.6800000000e+01  9.6775151794e-14
-6.7900351531e+00  1.4704912397e+05  1.2523665161e+01  1  1.2100000000e+01  9.6816610848e-14
 1.7178151186e+00  1.4710095651e+05 -8.8104194335e-01  1  1.2100000000e+01  9.6850737203e-14
 1.0711603262e+01  1.4730074298e+05  1.7962272825e+00  2  1.6800000000e+01  9.6982275893e-14
-1.7401573255e+00  1.4826320458e+05 -1.8713827466e+00  1  1.2100000000e+01  9.7615957122e-14
 1.5541833955e+00  1.4875819997e+05  4.3821409885e+00  0  8.7600000000e+00  9.7941860296e-14
 3.0341042662e-03  1.4992162073e+05  4.1904023565e-03  0  8.7600000000e+00  9.8707852315e-14
-1.4268243697e+01  1.5029893532e+05  6.7185801743e-01  0  8.7600000000e+00  9.8956274876e-14
-2.5829876246e+00  1.5036282197e+05  2.3514856119e+00  2  1.6800000000e+01  9.8998337610e-14
 1.1024350305e+02  1.5107681104e+05  6.4716245142e+01  1  1.2100000000e+01  9.9468425430e-14
-3.9284860347e+01  1.5168307488e+05  4.0331048822e+01  0  8.7600000000e+00  9.9867587346e-14
 1.1848453348e+01  1.5213003913e+05 -3.4722952485e+01  2  1.6800000000e+01  1.0016186699e-13
 1.3917233538e+02  1.5263107402e+05  4.0942222767e+01  1  1.2100000000e+01  1.0049174655e-13
-2.6866886552e+00  1.5403660904e+05  7.7938649911e+00  0  8.7600000000e+00  1.0141714572e-13
-8.6358065814e+00  1.5431735897e+05 -1.1142478297e+00  0  8.7600000000e+00  1.0160199046e-13
 7.5076082789e+00  1.5494601590e+05 -2.2876600121e+01  1  1.2100000000e+01  1.0201589590e-13
 5.9393846678e+00  1.5655531317e+05 -8.4538055719e+00  0  8.7600000000e+00  1.0307545140e-13
 1.0012806309e+00  1.5849590061e+05 -3.4069936236e-01  1  1.2100000000e+01  1.0435312714e-13
 3.8258469159e+00  1.5858644744e+05  1.0886834705e+00  0  8.7600000000e+00  1.0441274285e-13
 1.1541977605e+02  1.5898102814e+05  6.4884102185e+01  0  8.7600000000e+00  1.0467253336e-13
 2.3185532068e+01  1.5996663819e+05  2.4040067282e+01  2  1.6800000000e+01  1.0532145544e-13
 1.9766147055e+01  1.6018519411e+05 -2.1629875652e+02  2  1.6800000000e+01  1.0546535187e-13
 2.1127578904e+00  1.6113468942e+05 -3.4559488018e-01  1  1.2100000000e+01  1.0609049614e-13
-2.6011742276e+02  1.6139698528e+05  3.0478654634e+02  2  1.6800000000e+01  1.0626319079e-13
 8.7736390841e+01  1.6277910069e+05  4.3093318471e+00  3  3.2200000000e+01  1.0717317057e-13
-2.9014400609e+02  1.6310708768e+05 -2.8688412581e+02  0  8.7600000000e+00  1.0738911601e-13
-5.1923395761e+00  1.6315073575e+05 -3.2078096765e-01  2  1.6800000000e+01  1.0741785375e-13
-1.1233888017e+01  1.6524581030e+05  8.9632297422e+00  2  1.6800000000e+01  1.0879724325e-13
-1.9075937881e-03  1.6528142833e+05 -9.2879609947e-04  1  1.2100000000e+01  1.0882069403e-13
 6.1186134166e+00  1.6546449461e+05  2.9775129170e+00  1  1.2100000000e+01  1.0894122421e-13
 1.2477154192e+00  1.6723668332e+05  2.1563271222e+00  2  1.6800000000e+01  1.1010802684e-13
 3.4211956733e+01  1.7034728179e+05  8.5958319959e+01  3  3.2200000000e+01  1.1215603360e-13
-2.7605376786e+01  1.7091272184e+05  1.1697880144e+01  0  8.7600000000e+00  1.1252831729e-13
-3.0542427017e+02  1.7138013903e+05 -4.6018067828e+01  0  8.7600000000e+00  1.1283606307e-13
-3.8091750830e+00  1.7214406732e+05  2.1558625060e+00  0  8.7600000000e+00  1.1333903069e-13
 2.0658467208e+00  1.7406876437e+05 -1.1969620408e+00  0  8.7600000000e+00  1.1460624426e-13
 4.0869833373e+01  1.7761797512e+05  1.1804077315e+02  0  8.7600000000e+00  1.1694303177e-13
 3.6045583737e+01  1.7809773020e+05  7.2536629332e+00  0  8.7600000000e+00  1.1725890078e-13
-6.9850353445e+00  1.7849370048e+05 -1.0628343996e+00  0  8.7600000000e+00  1.1751960618e-13
-2.7604372021e-04  1.7850466941e+05  5.3319449329e-04  0  8.7600000000e+00  1.1752682808e-13
 1.3998486411e-03  1.7873678218e+05 -2.7438893252e-03  1  1.2100000000e+01  1.1767965029e-13
-5.7184872305e+02  1.8000024736e+05  2.4890600507e+02  0  8.7600000000e+00  1.1851151119e-13
-9.2451814703e+00  1.8146726058e+05 -3.7473450553e+01  0  8.7600000000e+00  1.1947738738e-13
-1.7403812442e+02  1.8285810116e+05  4.8202352313e+00  2  1.6800000000e+01  1.2039311179e-13
 4.0361864168e+00  1.8341178776e+05 -1.7463583429e+00  0  8.7600000000e+00  1.2075765704e-13
 9.9896170441e+01  1.8466569418e+05  1.5325508005e+02  1  1.2100000000e+01  1.2158322449e-13
 3.4521117147e-03  1.8582885356e+05 -3.5841053136e-04  1  1.2100000000e+01  1.2234904441e-13
 3.0542563008e+01  1.8597534985e+05  2.7815900047e+01  1  1.2100000000e+01  1.2244549704e-13
 2.1523965268e+00  1.8636642514e+05 -2.4519438843e+00  1  1.2100000000e+01  1.2270297959e-13
-3.8058005035e-03  1.8678640080e+05 -4.0890622414e-03  3  3.2200000000e+01  1.2297949005e-13
-3.3028777538e+00  1.8850150115e+05  3.2256653329e+00  2  1.6800000000e+01  1.2410870590e-13
-4.2515769345e+00  1.8876466470e+05 -1.4893083992e+01  0  8.7600000000e+00  1.2428197183e-13
 2.7369111778e+01  1.8935280314e+05  1.4594886434e+01  1  1.2100000000e+01  1.2466920006e-13
-4.8690914315e-03  1.8967675626e+05 -4.8196900495e-03  0  8.7600000000e+00  1.2488248961e-13
 7.0091659157e+02  1.8987243384e+05  3.0997954279e+02  1  1.2100000000e+01  1.2501132303e-13
-6.3960050830e-01  1.9047753988e+05  1.6345478142e+00  0  8.7600000000e+00  1.2540972265e-13
 6.1344657907e+00  1.9089686090e+05 -6.0069054253e-01  0  8.7600000000e+00  1.2568580210e-13
-1.4412824758e+00  1.9318366979e+05 -2.5349243050e-01  1  1.2100000000e+01  1.2719142879e-13
-4.5306626519e-03  1.9447709941e+05  3.1528097429e-03  3  3.2200000000e+01  1.2804301817e-13
 1.3214193106e+00  1.9466113141e+05  4.9439118965e+00  2  1.6800000000e+01  1.2816418417e-13
-5.3204141151e+01  1.9906952472e+05  5.1522469757e+01  0  8.7600000000e+00  1.3106665437e-13
-7.2665092336e-04  1.9917204858e+05 -2.8220689659e-03  1  1.2100000000e+01  1.3113415570e-13
-8.1949256654e-01  2.0023608311e+05  1.9907538245e-01  0  8.7600000000e+00  1.3183471219e-13
 9.3555464635e+01  2.0098321188e+05 -2.2842392342e+01  1  1.2100000000e+01  1.3232661906e-13
 4.3310367625e-01  2.0117963141e+05  4.0397467704e+00  0  8.7600000000e+00  1.3245594097e-13
-1.3188296212e+02  2.0128743698e+05  7.2567232899e+01  2  1.6800000000e+01  1.3252691977e-13
-5.1311006561e-04  2.0135392102e+05 -3.8408726402e-03  3  3.2200000000e+01  1.3257069262e-13
 1.0301520098e+01  2.0140734576e+05 -1.7640388424e+01  1  1.2100000000e+01  1.3260586728e-13
-1.3885957155e+01  2.0340515340e+05  3.0037283828e+00  1  1.2100000000e+01  1.3392121659e-13
 8.7097216479e+00  2.0505340021e+05  1.7018316990e+00  3  3.2200000000e+01  1.3500641632e-13
-2.1129109989e+02  2.0549894462e+05 -4.4210218134e+02  0  8.7600000000e+00  1.3529976115e-13
 2.8388439534e+01  2.0678133049e+05  3.5000871183e+01  2  1.6800000000e+01  1.3614407937e-13
 1.6367214830e+01  2.0695867157e+05 -5.8332580816e+00  1  1.2100000000e+01  1.3626084009e-13
 2.2522241070e+00  2.0696652321e+05 -6.1181589245e+00  0  8.7600000000e+00  1.3626600958e-13
 8.3199588911e-01  2.1106810016e+05 -6.9438660218e+00  0  8.7600000000e+00  1.3896647300e-13
 2.6199911745e+01  2.1285962673e+05  6.9347663995e+01  0  8.7600000000e+00  1.4014600761e-13
-4.0640060440e-01  2.1375173921e+05  5.1168572457e-03  0  8.7600000000e+00  1.4073337123e-13
 6.0361844515e+01  2.1394337709e+05  4.1638991877e+01  1  1.2100000000e+01  1.4085954492e-13
 4.1520522981e+00  2.1424857937e+05  3.0581987712e+01  0  8.7600000000e+00  1.4106048899e-13
-3.5464635345e-03  2.1425254577e+05  4.5873758195e-03  3  3.2200000000e+01  1.4106310046e-13
 4.1424722766e+02  2.1577466093e+05  5.4206851564e+01  0  8.7600000000e+00  1.4206525556e-13
 6.8102452954e+00  2.1622550898e+05 -1.7132724585e+01  1  1.2100000000e+01  1.4236209229e-13
-1.9029187354e+00  2.1720383666e+05  2.1904198682e-01  0  8.7600000000e+00  1.4300621969e-13
 2.5398184092e-05  2.1729598320e+05 -3.1327199741e-03  0  8.7600000000e+00  1.4306688864e-13
-1.4815378054e+01  2.1759585742e+05 -1.6635050497e+01  1  1.2100000000e+01  1.4326432474e-13
-4.1582731680e+01  2.1902978141e+05 -7.4485587519e+00  0  8.7600000000e+00  1.4420841511e-13
-1.1976650467e+01  2.1978757781e+05 -4.1047937596e+00  1  1.2100000000e+01  1.4470734551e-13
 6.9342051848e+00  2.2111636170e+05  4.3200911681e+00  2  1.6800000000e+01  1.4558221201e-13
 1.5308482902e-01  2.2244738068e+05  1.5859293839e+00  0  8.7600000000e+00  1.4645855010e-13
-1.6246046203e-03  2.2286929731e+05 -4.7298538916e-03  0  8.7600000000e+00  1.4673633847e-13
-5.2180112174e-01  2.2422807387e+05 -1.5736674671e-01  2  1.6800000000e+01  1.4763095205e-13
-1.2725778089e+00  2.2910206134e+05 -1.3112611291e+00  2  1.6800000000e+01  1.5083996775e-13
-2.9779737539e+01  2.3056899117e+05  1.0224355969e+02  1  1.2100000000e+01  1.5180578904e-13
 9.8010389562e+00  2.3080856324e+05 -3.0483718007e+01  1  1.2100000000e+01  1.5196352242e-13
-5.5354590456e+00  2.3280047976e+05  4.1093858996e+00  1  1.2100000000e+01  1.5327499304e-13
 3.2206732743e+00  2.3284520651e+05  6.9593439999e+00  3  3.2200000000e+01  1.5330444098e-13
-2.8220796625e+01  2.3612897782e+05  1.8298464582e+01  0  8.7600000000e+00  1.5546646412e-13
 4.2665221931e-02  2.3694408297e+05 -6.3329908059e+00  1  1.2100000000e+01  1.5600312640e-13
 5.6350196578e+01  2.4290778811e+05  1.5685833617e+01  0  8.7600000000e+00  1.5992960827e-13
 1.6828764520e+00  2.4325887680e+05 -4.3034724540e+00  0  8.7600000000e+00  1.6016076380e-13
-2.8052350383e-01  2.4375111924e+05  2.8982359908e+00  1  1.2100000000e+01  1.6048485443e-13
-5.7039747009e-01  2.4831826714e+05  7.6096373141e-01  2  1.6800000000e+01  1.6349184807e-13
-1.0267052332e+00  2.4832823306e+05 -1.1666432417e+00  0  8.7600000000e+00  1.6349840960e-13
-1.8870908114e-01  2.4907205165e+05 -2.5337336615e-01  0  8.7600000000e+00  1.6398813707e-13
-1.4987201637e+02  2.5315223533e+05 -9.7577545595e+01  1  1.2100000000e+01  1.6667451523e-13
-4.6543568231e-03  2.5350178465e+05  4.2248734549e-03  3  3.2200000000e+01  1.6690465724e-13
-1.1273172339e+01  2.5628233130e+05  2.3698536266e+01  2  1.6800000000e+01  1.6873535909e-13
-3.9214047267e-01  2.6034422047e+05  6.6172929718e+00  1  1.2100000000e+01  1.7140969221e-13
-6.2235439236e+00  2.6150200491e+05 -1.2504762627e+01  2  1.6800000000e+01  1.7217197329e-13
-4.8292913394e+02  2.6582821574e+05 -2.4111662823e+02  0  8.7600000000e+00  1.7502033484e-13
-2.5518438255e-03  2.6912409458e+05  1.1608245020e-03  0  8.7600000000e+00  1.7719032954e-13
-1.0811130873e+01  2.7101311824e+05 -7.1666905791e+00  1  1.2100000000e+01  1.7843405587e-13
-1.9870247534e+01  2.7168898326e+05  2.2130085070e+01  2  1.6800000000e+01  1.7887904296e-13
-2.2595527127e-05  2.7409340209e+05  2.3697558103e-04  2  1.6800000000e+01  1.8046210361e-13
 1.7504090183e+01  2.7499881546e+05  4.1097468355e+01  0  8.7600000000e+00  1.8105822449e-13
 4.4111875778e+01  2.7500261596e+05  3.5150560434e+01  2  1.6800000000e+01  1.8106072673e-13
-3.6208968689e+01  2.7542478189e+05  5.3250810821e+01  0  8.7600000000e+00  1.8133867925e-13
-6.6828302590e-01  2.7837297607e+05 -1.9970053655e-01  1  1.2100000000e+01  1.8327975963e-13
 2.0336601881e+00  2.7878584975e+05 -3.8614706526e+00  2  1.6800000000e+01  1.8355159416e-13
-2.7152748515e+00  2.8142962067e+05 -3.0183435335e+00  1  1.2100000000e+01  1.8529224337e-13
-1.7296860467e+00  2.8145637162e+05  4.8392821373e+00  1  1.2100000000e+01  1.8530985609e-13
 4.4604698999e+01  2.8190572487e+05 -9.1764268269e+00  2  1.6800000000e+01  1.8560570865e-13
-1.0344841539e+02  2.8194207548e+05  1.5847323538e+01  0  8.7600000000e+00  1.8562964175e-13
 4.5480176767e-01  2.8259853301e+05  4.6549749640e-01  1  1.2100000000e+01  1.8606185102e-13
 3.0341474321e+00  2.8339650379e+05  1.5479789314e+01  2  1.6800000000e+01  1.8658723209e-13
-5.5234738566e+00  2.8421849855e+05  1.5941194089e+01  0  8.7600000000e+00  1.8712843046e-13
 1.6044275346e+02  2.8443921160e+05  1.8891768435e+02  0  8.7600000000e+00  1.8727374714e-13
-1.7346039518e+01  2.8469705570e+05 -1.1980895532e+01  0  8.7600000000e+00  1.8744351076e-13
-6.0709443938e+00  2.8607164348e+05 -1.0269718758e+01  1  1.2100000000e+01  1.8834853438e-13
-1.2779128611e+02  2.8836216868e+05  4.2543705174e+00  0  8.7600000000e+00  1.8985660787e-13
-9.6722413604e+00  2.8905481002e+05 -4.3187595728e+00  0  8.7600000000e+00  1.9031264042e-13
 2.1402198486e+01  2.8980634373e+05  2.1721921381e+00  0  8.7600000000e+00  1.9080744750e-13
-3.3824331337e+01  2.9035478663e+05  1.4717126156e+00  1  1.2100000000e+01  1.9116854032e-13
-8.7800516024e+01  2.9116736755e+05 -3.0044469267e+02  1  1.2100000000e+01  1.9170354066e-13
-1.4951717316e+01  2.9261929818e+05 -4.8280787012e+00  1  1.2100000000e+01  1.9265948653e-13
 2.3672700587e+00  2.9270688526e+05 -5.2959370113e+00  3  3.2200000000e+01  1.9271715354e-13
-2.2672343656e+01  2.9404993903e+05 -2.9626632366e+01  1  1.2100000000e+01  1.9360141528e-13
-2.5442474227e+01  2.9471099513e+05  1.0095213352e+02  0  8.7600000000e+00  1.9403665223e-13
-1.9127899976e-01  2.9514434772e+05 -1.8676541368e+01  0  8.7600000000e+00  1.9432197000e-13
-1.1007825310e+02  2.9612235963e+05 -5.7212246455e+00  1  1.2100000000e+01  1.9496588950e-13
 1.1944815335e+00  2.9832678103e+05 -2.1710510417e+00  1  1.2100000000e+01  1.9641727257e-13
 3.2688633237e+01  3.0024155281e+05 -1.6245532549e+02  0  8.7600000000e+00  1.9767795138e-13
 1.1293086755e+02  3.0072367659e+05  1.1777067290e+00  1  1.2100000000e+01  1.9799537993e-13
-1.1781896196e+01  3.0316407694e+05  6.6913052387e+00  1  1.2100000000e+01  1.9960213069e-13
 2.8206058438e+00  3.0380604721e+05 -3.2003536066e+00  3  3.2200000000e+01  2.0002480158e-13
 2.3958659833e+02  3.0412695310e+05  2.0741868425e+02  0  8.7600000000e+00  2.0023608486e-13
-7.9532454928e+01  3.0975799596e+05  1.6793389093e+02  0  8.7600000000e+00  2.0394354309e-13
 5.2901107661e+00  3.0995779018e+05 -5.3262171353e+00  2  1.6800000000e+01  2.0407508689e-13
-8.5154144959e+01  3.1108949176e+05 -1.3347347689e+02  2  1.6800000000e+01  2.0482019511e-13
-1.4272245807e+01  3.1289292222e+05  1.8032169427e+01  1  1.2100000000e+01  2.0600756720e-13
 2.8485903693e-03  3.1486003648e+05 -3.7416637497e-03  2  1.6800000000e+01  2.0730270810e-13
 6.8588609090e+00  3.1530448699e+05 -1.5339468426e+02  0  8.7600000000e+00  2.0759533271e-13
 1.5702194474e+01  3.1665439946e+05 -2.4267676964e+01  2  1.6800000000e+01  2.0848411019e-13
 8.5376332165e-01  3.1749269765e+05  2.8422977313e+00  0  8.7600000000e+00  2.0903604268e-13
-5.2943566867e+01  3.1766856743e+05 -4.7228039036e+01  1  1.2100000000e+01  2.0915183471e-13
 4.9298315090e+02  3.1773838153e+05  2.0639323925e+02  0  8.7600000000e+00  2.0919780006e-13
 1.6541165691e+00  3.2089338989e+05 -8.5074764186e+00  0  8.7600000000e+00  2.1127504614e-13
 2.7417127837e+00  3.2164181658e+05 -1.0826949954e+01  0  8.7600000000e+00  2.1176780757e-13
 1.4674758247e+00  3.2255112049e+05 -1.4724104208e+01  2  1.6800000000e+01  2.1236648997e-13
 1.6729984248e+00  3.2297959076e+05 -1.3124581421e+00  0  8.7600000000e+00  2.1264859325e-13
-2.1570691817e+01  3.2557230209e+05 -1.2736613166e+01  1  1.2100000000e+01  2.1435562499e-13
 2.5236957486e-01  3.2658019047e+05  3.7798727075e+00  1  1.2100000000e+01  2.1501921506e-13
 7.1586431302e+01  3.3083518591e+05 -2.7608479332e+01  2  1.6800000000e+01  2.1782068865e-13
-3.0666154105e+00  3.3171023708e+05 -4.3988215344e+00  2  1.6800000000e+01  2.1839681917e-13
-4.8103467002e-01  3.3367736625e+05 -3.1712037267e+00  0  8.7600000000e+00  2.1969196989e-13
 1.9638281495e+00  3.3469841546e+05  2.1438889771e+00  1  1.2100000000e+01  2.2036422500e-13
-8.5426727317e+01  3.3492203865e+05  2.5021486982e+02  0  8.7600000000e+00  2.2051145770e-13
 3.8573592104e-03  3.3612868031e+05  6.3624967152e-04  0  8.7600000000e+00  2.2130590620e-13
-4.4969174041e-01  3.3710484188e+05 -1.6726643709e+00  0  8.7600000000e+00  2.2194860744e-13
-1.8860054227e+01  3.3711393820e+05  1.2792923896e+01  0  8.7600000000e+00  2.2195459642e-13
-2.1436026108e+01  3.3712762808e+05 -1.2905988715e+00  3  3.2200000000e+01  2.2196360979e-13
-1.9076572931e+02  3.3713812025e+05 -9.9065333918e+01  0  8.7600000000e+00  2.2197051780e-13
 1.5195598836e+01  3.3780478722e+05  6.0058471479e+01  0  8.7600000000e+00  2.2240944892e-13
 3.4482292498e-03  3.4055203944e+05  4.3890009771e-03  3  3.2200000000e+01  2.2421822984e-13
 1.6407153401e+01  3.4110460622e+05  1.0174820099e+01  0  8.7600000000e+00  2.2458203780e-13
-6.5432607298e+00  3.4276344510e+05 -3.0308465887e+00  0  8.7600000000e+00  2.2567421132e-13
-4.1023941112e+01  3.4332452624e+05 -5.4438406111e+01  0  8.7600000000e+00  2.2604362511e-13
-3.4682794630e+00  3.4428584858e+05  7.0579352354e+00  0  8.7600000000e+00  2.2667655626e-13
-4.0605777963e-03  3.4556216682e+05  3.8689770032e-03  3  3.2200000000e+01  2.2751687957e-13
-2.0420053257e+00  3.4588254253e+05  3.4050949547e+00  1  1.2100000000e+01  2.2772781377e-13
-3.0226814703e+02  3.4897186587e+05  4.4968138237e+01  0  8.7600000000e+00  2.2976181307e-13
-4.1035071477e-03  3.5004462558e+05  2.3553688672e-03  3  3.2200000000e+01  2.3046811419e-13
 1.1770641952e-01  3.5083857249e+05 -1.0124491335e+01  0  8.7600000000e+00  2.3099084595e-13
-3.3154486950e-03  3.5109015212e+05 -2.7462170216e-03  2  1.6800000000e+01  2.3115648507e-13
 2.4080439694e+01  3.5370015973e+05  1.1028909246e+01  2  1.6800000000e+01  2.3287490463e-13
 4.3305179613e-03  3.5569484615e+05  3.0153761050e-03  3  3.2200000000e+01  2.3418819895e-13
 1.3328412471e+01  3.5597274253e+05  1.1076630973e+01  0  8.7600000000e+00  2.3437116492e-13
-6.8386901806e+00  3.5703268755e+05  2.4571264185e+00  3  3.2200000000e+01  2.3506902888e-13
-5.1702632918e+00  3.6161664567e+05 -3.2884593135e+00  0  8.7600000000e+00  2.3808709032e-13
 7.3656120000e+00  3.6223473883e+05  8.8221508062e+00  1  1.2100000000e+01  2.3849404062e-13
 1.9704751977e+00  3.6561031027e+05  3.1265043435e+00  3  3.2200000000e+01  2.4071650463e-13
 1.0397231705e+01  3.6599441392e+05 -8.6229355331e+00  0  8.7600000000e+00  2.4096939708e-13
-5.7380359414e-04  3.6673676053e+05 -3.9170066681e-03  3  3.2200000000e+01  2.4145815540e-13
 3.0018507730e+01  3.6763217454e+05 -5.3611414036e+00  1  1.2100000000e+01  2.4204769274e-13
 2.5919234908e+02  3.6957069406e+05  2.6023597799e+02  0  8.7600000000e+00  2.4332400698e-13
-3.2017129833e+00  3.6966358136e+05 -4.4319533321e-01  1  1.2100000000e+01  2.4338516364e-13
 1.5640888491e+00  3.7187201616e+05 -1.4928907270e+00  0  8.7600000000e+00  2.4483918912e-13
-9.6441120912e+00  3.7500189768e+05 -1.9874619722e+00  1  1.2100000000e+01  2.4689989178e-13
 1.3387133527e+00  3.7589779736e+05  2.0295794723e+00  0  8.7600000000e+00  2.4748974889e-13
 4.9275037484e+01  3.7593276638e+05  2.1011755016e+02  0  8.7600000000e+00  2.4751277236e-13
-3.1310712677e-03  3.7704003875e+05 -3.9147964115e-03  1  1.2100000000e+01  2.4824179648e-13
 8.9868187885e-01  3.7755087447e+05 -4.1897925859e+00  0  8.7600000000e+00  2.4857812887e-13
-1.2422535026e+01  3.7821038700e+05 -1.8859048365e+01  2  1.6800000000e+01  2.4901234953e-13
 6.5474088256e+00  3.7971320045e+05  5.9836735411e+00  2  1.6800000000e+01  2.5000179647e-13
-2.3180782529e+01  3.8117033630e+05  4.3894153256e+01  0  8.7600000000e+00  2.5096116943e-13
-2.4947874719e+01  3.8411358853e+05  2.3605332739e+01  2  1.6800000000e+01  2.5289899605e-13
-1.4332040158e+01  3.8425511259e+05 -1.1463767778e+00  1  1.2100000000e+01  2.5299217497e-13
 2.7171526011e+01  3.8463782437e+05  9.0037318187e+01  0  8.7600000000e+00  2.5324415103e-13
 4.6190054134e+00  3.8578338153e+05 -4.7678283148e+00  1  1.2100000000e+01  2.5399838171e-13
 6.5185496065e+01  3.8596738636e+05  7.3741223571e+00  0  8.7600000000e+00  2.5411952983e-13
 1.2477554358e+01  3.8645957637e+05  9.7040469408e-01  0  8.7600000000e+00  2.5444358595e-13
 9.5857601082e+01  3.8670841867e+05  1.2628852703e+02  0  8.7600000000e+00  2.5460742282e-13
-1.5287929322e+01  3.8707140318e+05  9.6771978596e+01  0  8.7600000000e+00  2.5484641050e-13
-1.7553129635e+02  3.8812725134e+05  1.9300728312e+02  2  1.6800000000e+01  2.5554157711e-13
 4.0167121585e-03  3.8932788400e+05 -1.1187527543e-03  3  3.2200000000e+01  2.5633206931e-13
-2.8775423383e-03  3.8943151544e+05 -2.8540794215e-03  0  8.7600000000e+00  2.5640029987e-13
 2.4301108741e+02  3.9074863031e+05  6.6851308991e+01  2  1.6800000000e+01  2.5726748353e-13
-4.5708224161e+02  3.9093090342e+05 -4.9914877784e+02  2  1.6800000000e+01  2.5738749149e-13
 1.4871621488e-03  3.9282795765e+05  4.7342349960e-03  0  8.7600000000e+00  2.5863650513e-13
-7.4470164970e+01  3.9422771725e+05 -6.6380977553e+01  1  1.2100000000e+01  2.5955810178e-13
-1.1430072412e+00  3.9553218653e+05  4.7539444308e-01  1  1.2100000000e+01  2.6041695963e-13
-1.7124219549e-03  3.9695091497e+05 -6.7579669677e-04  3  3.2200000000e+01  2.6135104530e-13
 3.5173241231e+00  3.9829655645e+05  4.1671812563e+00  0  8.7600000000e+00  2.6223701077e-13
-7.1686159457e-01  3.9916217653e+05 -4.4719645291e-02  2  1.6800000000e+01  2.6280693190e-13
 1.8875788642e+01  3.9933645630e+05 -8.2852589469e+00  1  1.2100000000e+01  2.6292167707e-13
-5.6367071843e+00  3.9980506306e+05  7.6749920122e+00  1  1.2100000000e+01  2.6323020607e-13
 2.3686758116e+01  4.0064719071e+05  5.0340699445e+01  1  1.2100000000e+01  2.6378465987e-13
-5.2336688211e+00  4.0096315150e+05 -5.6244213772e+01  0  8.7600000000e+00  2.6399268730e-13
-3.6338198763e+01  4.0173994579e+05 -2.0910061650e+01  1  1.2100000000e+01  2.6450412585e-13
 3.4350000653e-01  4.0178687440e+05  1.1358112069e+00  2  1.6800000000e+01  2.6453502348e-13
 2.0479389448e+00  4.0186236179e+05 -5.4469215854e-01  1  1.2100000000e+01  2.6458472411e-13
 2.4943253037e+01  4.0418280809e+05  5.1842506874e+01  3  3.2200000000e+01  2.6611249755e-13
 1.8849174664e-03  4.0443431475e+05 -1.9214251786e-04  2  1.6800000000e+01  2.6627808862e-13
-2.4955722999e+02  4.0583629603e+05  1.8271881852e+02  2  1.6800000000e+01  2.6720114802e-13
 6.6070230941e-04  4.0642138463e+05  4.4237143078e-03  1  1.2100000000e+01  2.6758636823e-13
-1.2850583911e-01  4.0849698359e+05 -9.7648979556e-01  0  8.7600000000e+00  2.6895293507e-13
 1.1523806113e+02  4.0972771591e+05 -7.6356922863e+00  0  8.7600000000e+00  2.6976324478e-13
 1.4986851802e+00  4.1022374119e+05 -3.7239603374e+01  0  8.7600000000e+00  2.7008982603e-13
-1.1028345580e+00  4.1137795448e+05 -1.0394302042e+00  1  1.2100000000e+01  2.7084975588e-13
 4.4827615086e-01  4.1194565441e+05  1.0323471186e+00  0  8.7600000000e+00  2.7122352746e-13
-2.2846231632e+02  4.1244357594e+05  3.8903908676e+02  2  1.6800000000e+01  2.7155135719e-13
-6.3362880872e-04  4.1274716225e+05  6.0061179828e-04  1  1.2100000000e+01  2.7175123732e-13
-1.1866524102e+00  4.1569319802e+05 -3.6039416711e+00  1  1.2100000000e+01  2.7369089660e-13
 4.4824936797e-03  4.1644297910e+05 -2.7287247860e-03  0  8.7600000000e+00  2.7418454975e-13
 3.2328260514e+00  4.1660417810e+05 -1.6127873124e+01  0  8.7600000000e+00  2.7429068259e-13
 6.4797394803e+01  4.1867931096e+05 -1.5063571630e+02  0  8.7600000000e+00  2.7565694255e-13
-1.6774775305e-03  4.1892601902e+05 -3.3648554368e-03  2  1.6800000000e+01  2.7581937425e-13
-3.1253259294e-03  4.1969870941e+05  2.6471040387e-03  0  8.7600000000e+00  2.7632811080e-13
 4.5450997576e+00  4.2166563266e+05  1.0448313626e+02  0  8.7600000000e+00  2.7762312595e-13
-1.2242169358e-04  4.2261971690e+05  2.4585960095e-03  2  1.6800000000e+01  2.7825129156e-13
-2.9898106790e+00  4.2305182864e+05 -3.2224051530e+00  2  1.6800000000e+01  2.7853579237e-13
 1.6079853492e+01  4.2347933664e+05  1.1861020024e+01  2  1.6800000000e+01  2.7881726208e-13
 4.1183489977e+00  4.2489593767e+05  2.1332804212e+01  1  1.2100000000e+01  2.7974994707e-13
-8.8228629662e+00  4.2846314240e+05  3.4177218726e+00  0  8.7600000000e+00  2.8209858175e-13
 1.8803993108e+01  4.3038310880e+05  1.3454142183e+02  1  1.2100000000e+01  2.8336268068e-13
 2.5027273400e+01  4.3053544943e+05  1.2419684565e+01  0  8.7600000000e+00  2.8346298120e-13
 5.2617398881e-01  4.3111402528e+05 -5.3957027088e+00  0  8.7600000000e+00  2.8384391344e-13
 1.6231318175e-03  4.3421436357e+05 -2.3543329455e-05  3  3.2200000000e+01  2.8588516495e-13
-7.4786301030e+00  4.3525833102e+05  7.6554311308e+00  1  1.2100000000e+01  2.8657250934e-13
 2.0928646896e+01  4.3549013406e+05  3.2734791354e+01  1  1.2100000000e+01  2.8672512762e-13
 2.9333634882e+00  4.3583328786e+05  9.2459194180e-01  0  8.7600000000e+00  2.8695105884e-13
 1.0100925170e+01  4.3676981166e+05 -2.7979228188e+01  1  1.2100000000e+01  2.8756766272e-13
 2.9372568766e+01  4.3867285608e+05  1.7478323957e+02  2  1.6800000000e+01  2.8882062027e-13
 1.5500702191e+01  4.4001198402e+05  3.0850216918e+01  1  1.2100000000e+01  2.8970229726e-13
 2.5270272290e+01  4.4249728615e+05 -3.8274847948e+01  2  1.6800000000e+01  2.9133861119e-13
 1.4844555908e+02  4.4436995408e+05  5.5946918583e+02  0  8.7600000000e+00  2.9257156897e-13
-2.4434212975e+01  4.4593708456e+05 -9.6546745126e+00  3  3.2200000000e+01  2.9360336201e-13
-1.0552744951e+02  4.4701337943e+05  1.9773154011e-02  1  1.2100000000e+01  2.9431199065e-13
-3.4285619532e+00  4.4790290613e+05 -1.7463384140e+01  0  8.7600000000e+00  2.9489765181e-13
 4.7804230333e+01  4.4896153385e+05  4.1366887027e+01  1  1.2100000000e+01  2.9559464847e-13
 7.9875278990e+00  4.4950844950e+05 -5.1168512058e+00  1  1.2100000000e+01  2.9595473575e-13
-3.1728880708e+01  4.5085458453e+05  5.8830381292e+01  1  1.2100000000e+01  2.9684102618e-13
 4.3072618541e-03  4.5184341221e+05  2.1499816501e-03  2  1.6800000000e+01  2.9749206675e-13
-3.8806969650e+02  4.5222638722e+05 -7.6989450867e+01  0  8.7600000000e+00  2.9774421611e-13
-6.1196456676e-02  4.5274624461e+05 -2.1488606055e+01  1  1.2100000000e+01  2.9808648834e-13
-2.9074594617e+00  4.5314000092e+05  8.4169108243e-01  1  1.2100000000e+01  2.9834573606e-13
 4.7415937016e-03  4.5376415728e+05  1.9653435410e-03  0  8.7600000000e+00  2.9875667835e-13
-1.5174588707e+00  4.5393585003e+05 -1.3753134351e+00  3  3.2200000000e+01  2.9886972023e-13
 1.5288933164e-03  4.5449821010e+05 -3.8900310820e-03  3  3.2200000000e+01  2.9923997607e-13
-1.3484878553e+01  4.5513459959e+05  7.9693513054e+00  2  1.6800000000e+01  2.9965897261e-13
 2.4760417419e-04  4.5656484229e+05  1.4833555960e-03  2  1.6800000000e+01  3.0060063922e-13
-3.7019910756e+00  4.5841061363e+05  1.4509023171e+00  2  1.6800000000e+01  3.0181588839e-13
-7.2030328826e-01  4.6137850453e+05 -5.4169109454e+00  1  1.2100000000e+01  3.0376993701e-13
-7.8974159257e+00  4.6187503044e+05  3.9616842602e+00  0  8.7600000000e+00  3.0409684787e-13
 5.3979579365e+01  4.6345073624e+05 -7.9622609683e+00  0  8.7600000000e+00  3.0513428687e-13
 5.9949460337e+00  4.6426398312e+05  5.4510223618e+00  1  1.2100000000e+01  3.0566972567e-13
 1.5100712653e+02  4.6476696408e+05  8.8699646190e+00  1  1.2100000000e+01  3.0600088651e-13
-3.2361844255e+02  4.6500470536e+05  2.0578131441e+01  1  1.2100000000e+01  3.0615741451e-13
-4.5412277998e+01  4.6562547783e+05 -3.5272076458e+02  0  8.7600000000e+00  3.0656612886e-13
 1.3846895333e-01  4.6685628507e+05 -2.2105970974e+00  2  1.6800000000e+01  3.0737648789e-13
 1.0439099224e+01  4.6686642341e+05  1.2345802973e+00  0  8.7600000000e+00  3.0738316293e-13
-4.8910154539e+01  4.6740144476e+05 -4.0433647833e+01  0  8.7600000000e+00  3.0773541905e-13
-5.8143486131e+00  4.6841595684e+05  5.7892605330e+00  2  1.6800000000e+01  3.0840337013e-13
-6.5403064809e+01  4.6868650714e+05 -3.8561153782e+01  1  1.2100000000e+01  3.0858149947e-13
 4.6159335217e+02  4.6991588537e+05 -2.0101907514e+02  2  1.6800000000e+01  3.0939091765e-13
 6.8973128695e+01  4.7259980169e+05 -1.2180699166e+02  1  1.2100000000e+01  3.1115799844e-13
-9.5133316757e+00  4.7415731778e+05 -1.1118814077e+01  0  8.7600000000e+00  3.1218346139e-13
 2.7860814346e-01  4.7449141184e+05  8.0052547996e-01  1  1.2100000000e+01  3.1240342771e-13
 7.5750122115e-04  4.7571386237e+05  1.3230238512e-03  2  1.6800000000e+01  3.1320828472e-13
 5.9427753496e+00  4.7632168785e+05  1.8121083941e+00  3  3.2200000000e+01  3.1360847481e-13
-2.9251340744e-01  4.7661391794e+05 -5.2456742509e+00  2  1.6800000000e+01  3.1380087805e-13
-3.9381332178e-03  4.7956415376e+05  1.7950079109e-03  0  8.7600000000e+00  3.1574330263e-13
-4.7046696180e+00  4.8065508684e+05  6.5447218034e+00  1  1.2100000000e+01  3.1646156901e-13
-6.1256572714e+01  4.8065570977e+05 -8.8431359324e+00  0  8.7600000000e+00  3.1646197915e-13
 7.8420068942e+00  4.8276244823e+05 -9.9179691957e-01  0  8.7600000000e+00  3.1784904812e-13
 4.9477186504e-01  4.8297021160e+05 -5.3940593195e+00  0  8.7600000000e+00  3.1798583878e-13
 3.1640735082e+00  4.8325903383e+05 -8.4314267787e-02  0  8.7600000000e+00  3.1817599828e-13
-1.3218281582e+01  4.8487089580e+05  4.1554814902e+00  2  1.6800000000e+01  3.1923724237e-13
-1.3020406693e-03  4.8580439878e+05 -3.3975285284e-03  1  1.2100000000e+01  3.1985185736e-13
-2.2619771712e-03  4.8704104110e+05  2.9496839493e-03  0  8.7600000000e+00  3.2066605818e-13
-1.3757799359e+01  4.8807732189e+05 -7.6251759138e+01  0  8.7600000000e+00  3.2134834170e-13
 3.9164478487e+01  4.9073142971e+05  3.5052508604e+01  1  1.2100000000e+01  3.2309579668e-13
 2.6468735186e+00  4.9086726954e+05  1.0467741083e+01  1  1.2100000000e+01  3.2318523314e-13
-2.3166181389e+01  4.9179222235e+05  7.2255783843e+01  0  8.7600000000e+00  3.2379421871e-13
 4.8442952241e+01  4.9212017936e+05 -4.9538117934e+01  0  8.7600000000e+00  3.2401014442e-13
-4.6506145466e+01  4.9335277532e+05  4.9580468331e+01  0  8.7600000000e+00  3.2482168114e-13
-4.6618636463e-03  4.9427511944e+05 -1.9423035751e-03  3  3.2200000000e+01  3.2542894917e-13
 3.3882535837e+00  4.9509273628e+05 -1.5776630979e+00  1  1.2100000000e+01  3.2596726514e-13
 3.5822888736e+00  4.9590224835e+05 -1.7642276219e+01  1  1.2100000000e+01  3.2650024496e-13
-1.3989829168e+01  4.9668626032e+05  2.1501651904e+01  1  1.2100000000e+01  3.2701643559e-13
-4.2961864170e-03  4.9795849563e+05  3.9948892542e-03  3  3.2200000000e+01  3.2785407072e-13
-1.3078980022e+00  5.0185676626e+05 -1.2890194938e+02  1  1.2100000000e+01  3.3042067799e-13
-9.7361471543e-01  5.0427861577e+05 -6.9414007747e-03  0  8.7600000000e+00  3.3201521494e-13
 1.0726761116e+01  5.0446584189e+05  5.2978444840e+00  0  8.7600000000e+00  3.3213848394e-13
-1.2803645050e+02  5.0662674239e+05 -1.1991632448e+01  1  1.2100000000e+01  3.3356121300e-13
-5.6499637254e-01  5.0740135946e+05 -8.9688377331e-01  0  8.7600000000e+00  3.3407121808e-13
 1.5374791896e+01  5.0794474699e+05 -2.8461368045e+01  0  8.7600000000e+00  3.3442898246e-13
-2.7813460848e+00  5.0824770792e+05  2.5553618032e+00  1  1.2100000000e+01  3.3462845084e-13
-3.0370685277e+02  5.1402000408e+05  2.8238721743e+01  0  8.7600000000e+00  3.3842890973e-13
 5.3449689588e+00  5.1580663761e+05 -8.7131759153e-01  1  1.2100000000e+01  3.3960522278e-13
 6.8251739215e+00  5.1693599018e+05  2.2749075880e+00  1  1.2100000000e+01  3.4034878443e-13
-5.1477106323e+00  5.1788813061e+05  3.9644322684e+00  0  8.7600000000e+00  3.4097567023e-13
-1.5833098285e+00  5.1938774496e+05 -5.2144895579e+00  1  1.2100000000e+01  3.4196301090e-13
-3.7086549168e+00  5.2102827831e+05 -1.6848615314e+00  1  1.2100000000e+01  3.4304313212e-13
-2.1650335775e+01  5.2113347770e+05 -1.4766465763e+01  0  8.7600000000e+00  3.4311239501e-13
 4.1308089219e+00  5.2276228017e+05  1.7352451889e-01  0  8.7600000000e+00  3.4418479266e-13
-4.8696134013e+00  5.2413796288e+05  1.4582318071e+00  1  1.2100000000e+01  3.4509053718e-13
-2.4154714624e+01  5.2561754660e+05 -5.7034056291e+00  1  1.2100000000e+01  3.4606468974e-13
 5.1090030054e+01  5.2595684243e+05  3.7486463567e+01  0  8.7600000000e+00  3.4628808089e-13
-1.0943417913e+01  5.2600860990e+05  1.4045950626e+00  1  1.2100000000e+01  3.4632216440e-13
 2.1036955701e-03  5.2666773114e+05 -3.1885537683e-03  0  8.7600000000e+00  3.4675612744e-13
-2.5328038836e-02  5.2673475626e+05 -2.8637964801e+00  0  8.7600000000e+00  3.4680025654e-13
-2.3200080187e+01  5.2695101863e+05 -1.6803235539e+01  1  1.2100000000e+01  3.4694264290e-13
 4.4083384646e+00  5.2714550053e+05  4.6341223027e+00  1  1.2100000000e+01  3.4707068908e-13
-1.6775261393e+00  5.2728811412e+05  5.6773112039e+00  0  8.7600000000e+00  3.4716458534e-13
 1.1115336507e+00  5.2748914056e+05  2.0152167310e+00  0  8.7600000000e+00  3.4729694043e-13
 1.4974848946e+02  5.2879771063e+05  1.3448105954e+02  0  8.7600000000e+00  3.4815849822e-13
 7.2325503780e-03  5.2993517511e+05  1.8683353891e+00  2  1.6800000000e+01  3.4890740072e-13
-2.3039545770e+01  5.3127699135e+05  3.4343735589e+01  3  3.2200000000e+01  3.4979084767e-13
-8.6648739189e+00  5.3133830846e+05  2.0099327771e+01  0  8.7600000000e+00  3.4983121863e-13
-8.7764385443e+01  5.3300889653e+05 -1.7027444138e+02  1  1.2100000000e+01  3.5093112778e-13
 1.1378333804e+00  5.3362791581e+05 -1.2232045588e+00  0  8.7600000000e+00  3.5133868783e-13
 1.1107424333e+02  5.3718379883e+05  5.6357901590e+01  0  8.7600000000e+00  3.5367986833e-13
 3.4951605624e+00  5.3811095395e+05  1.5994024892e+01  2  1.6800000000e+01  3.5429030391e-13
-2.3183783061e-05  5.3877626488e+05  3.5015808668e-04  1  1.2100000000e+01  3.5472834222e-13
 1.9999678132e+01  5.4062935601e+05 -2.3497618008e+01  0  8.7600000000e+00  3.5594841071e-13
 7.5397061173e+00  5.4419326243e+05  1.6280453899e+01  2  1.6800000000e+01  3.5829487379e-13
-6.6547259804e+01  5.4487253241e+05 -2.6406464431e+01  0  8.7600000000e+00  3.5874210268e-13
 1.4441706263e+01  5.4543201110e+05 -1.8562516843e+01  3  3.2200000000e+01  3.5911046143e-13
 4.4169763657e+00  5.4557200953e+05 -9.9126758070e+00  0  8.7600000000e+00  3.5920263589e-13
-9.3206551674e-01  5.4848737381e+05  3.4614282043e+00  2  1.6800000000e+01  3.6112210118e-13
 2.1401226767e+01  5.4977176275e+05  2.4215076655e+01  1  1.2100000000e+01  3.6196773821e-13
 3.9843290597e+01  5.5032967316e+05  1.5950489961e+01  0  8.7600000000e+00  3.6233506440e-13
-4.8930372484e-03  5.5247491779e+05  2.7229669307e-03  0  8.7600000000e+00  3.6374748570e-13
 4.9052042746e-03  5.5309846745e+05  1.7682440005e-03  2  1.6800000000e+01  3.6415802854e-13
 4.7085480749e-01  5.5315818389e+05  1.6476960250e-01  0  8.7600000000e+00  3.6419734562e-13
-9.0460887839e+00  5.5378101733e+05  7.7873850575e+00  0  8.7600000000e+00  3.6460741690e-13
-2.0237680619e+00  5.5379136543e+05  4.6191057258e+00  2  1.6800000000e+01  3.6461423006e-13
-1.1230834369e-03  5.5444790059e+05  4.3366757032e-03  3  3.2200000000e+01  3.6504649043e-13
 1.9103896369e+00  5.5461738671e+05 -1.0234527369e+01  2  1.6800000000e+01  3.6515807948e-13
 3.9183611855e+00  5.5599466979e+05  1.1583682546e+01  0  8.7600000000e+00  3.6606487767e-13
 5.9919002572e-01  5.5653791475e+05  1.7569767047e+00  2  1.6800000000e+01  3.6642254818e-13
 3.9877392276e+00  5.5658943900e+05 -1.1591540260e+01  1  1.2100000000e+01  3.6645647156e-13
-2.1017835601e+00  5.5834995615e+05  8.9389763729e+00  1  1.2100000000e+01  3.6761558969e-13
-1.3534236761e+00  5.5936075640e+05 -8.0515693981e+00  2  1.6800000000e+01  3.6828109691e-13
-7.0603731281e-01  5.6136439495e+05 -1.6237387776e+00  3  3.2200000000e+01  3.6960028528e-13
 9.8664186528e+00  5.6374474130e+05  3.1344719193e+02  0  8.7600000000e+00  3.7116749670e-13
 1.7014689613e+00  5.6643528780e+05  1.5410247174e+00  0  8.7600000000e+00  3.7293894277e-13
 6.1357303440e+01  5.6897936617e+05 -6.0167963095e+01  0  8.7600000000e+00  3.7461395476e-13
 5.2649092492e-02  5.6932016338e+05  6.8172388690e-01  2  1.6800000000e+01  3.7483833441e-13
 3.8814235158e-01  5.7012381861e+05 -3.2074257450e+01  1  1.2100000000e+01  3.7536745810e-13
 1.1458829917e+00  5.7094280540e+05 -3.4684307699e+00  1  1.2100000000e+01  3.7590667604e-13
 1.7271996326e+00  5.7272923937e+05  1.0365119053e+00  0  8.7600000000e+00  3.7708285770e-13
-2.5908435459e+01  5.7422209618e+05 -5.8221542687e+00  1  1.2100000000e+01  3.7806574922e-13
 3.2445609643e+01  5.7867537304e+05 -6.0274040924e+01  0  8.7600000000e+00  3.8099777058e-13
-3.4914560376e-03  5.7897568803e+05 -9.0162421386e-04  3  3.2200000000e+01  3.8119549688e-13
-8.3535067557e+01  5.8134864981e+05 -6.3920288686e+02  0  8.7600000000e+00  3.8275784633e-13
-3.5981623170e-03  5.8417565974e+05 -4.3140617475e-03  3  3.2200000000e+01  3.8461913943e-13
 4.4367816343e+01  5.8452526030e+05  2.5977121458e+02  0  8.7600000000e+00  3.8484931517e-13
 1.8282880568e+02  5.8497251531e+05 -2.1363435894e+02  1  1.2100000000e+01  3.8514378625e-13
-1.1087652733e+03  5.8671087200e+05  7.8641264005e+01  0  8.7600000000e+00  3.8628831400e-13
-2.5147535881e+02  5.8753205181e+05  6.0897527921e+01  0  8.7600000000e+00  3.8682897581e-13
-1.1679629176e+01  5.9184436443e+05  6.8387167927e+00  0  8.7600000000e+00  3.8966818683e-13
-3.3077429956e+01  5.9196583571e+05 -1.0424486644e+01  1  1.2100000000e+01  3.8974816308e-13
 3.5642090200e-03  5.9401517805e+05  3.6609996104e-03  3  3.2200000000e+01  3.9109744266e-13
 7.8741159995e+01  5.9714166344e+05 -2.2974108381e+01  1  1.2100000000e+01  3.9315590932e-13
-7.9606763959e+00  5.9782650261e+05  1.2715300610e+01  2  1.6800000000e+01  3.9360680495e-13
-1.7907276551e+00  5.9835059328e+05 -2.4934865091e+00  2  1.6800000000e+01  3.9395186435e-13
 8.5086512725e-01  5.9961808608e+05 -4.7523583068e+00  0  8.7600000000e+00  3.9478637703e-13
-2.4188170066e+01  5.9991737996e+05  4.0630073051e+01  2  1.6800000000e+01  3.9498343103e-13
 4.2861488479e+00  6.0025576633e+05  3.7179693422e+02  0  8.7600000000e+00  3.9520622339e-13
 1.0712610908e+00  6.0109209199e+05  2.0011154823e+00  2  1.6800000000e+01  3.9575685718e-13
-1.9325959767e+00  6.0323792721e+05  1.2280127032e+00  0  8.7600000000e+00  3.9716966732e-13
 3.9187557836e+00  6.0421108374e+05  2.4428785126e+01  1  1.2100000000e+01  3.9781039005e-13
 1.4676645249e+01  6.0540647974e+05  2.1679340015e+01  2  1.6800000000e+01  3.9859743446e-13
-3.1822672193e+00  6.0563507235e+05  8.8516259497e+01  0  8.7600000000e+00  3.9874793900e-13
-4.7918047640e+01  6.0632524187e+05  1.0954242522e+01  0  8.7600000000e+00  3.9920234411e-13
 5.6613646393e+01  6.0757291536e+05  4.0315812335e+01  0  8.7600000000e+00  4.0002380782e-13
 8.3574385841e+01  6.0857536158e+05 -2.3558076519e+01  0  8.7600000000e+00  4.0068381478e-13
 6.8687856666e+00  6.0996795727e+05 -1.2272859552e+01  1  1.2100000000e+01  4.0160069474e-13
 1.9299546942e+00  6.1017789147e+05  8.5083575571e+00  0  8.7600000000e+00  4.0173891466e-13
-4.8351395607e+00  6.1168178830e+05  3.4532391628e+00  2  1.6800000000e+01  4.0272907489e-13
 4.2045193511e-04  6.1179245751e+05 -3.4643265924e-03  1  1.2100000000e+01  4.0280193910e-13
-6.7224992454e+00  6.1644632057e+05  1.1873583899e+01  1  1.2100000000e+01  4.0586602568e-13
 1.9883594303e+01  6.1672472840e+05  9.7185850090e+00  1  1.2100000000e+01  4.0604932840e-13
 5.8548683117e+01  6.1703890118e+05  3.2258401818e+01  1  1.2100000000e+01  4.0625617861e-13
 5.2423654932e+00  6.1731520498e+05 -1.4157258760e+01  2  1.6800000000e+01  4.0643809604e-13
-3.5213816459e+02  6.1783407035e+05 -2.4612497290e+00  1  1.2100000000e+01  4.0677971512e-13
-1.5073408041e+01  6.1897870216e+05 -7.0317715784e+00  0  8.7600000000e+00  4.0753333655e-13
-2.9960636114e+01  6.1976220167e+05  3.1090004296e+00  1  1.2100000000e+01  4.0804918980e-13
 5.1171531477e-01  6.2311822526e+05 -1.4297922529e+00  2  1.6800000000e+01  4.1025878358e-13
-5.2216851676e+00  6.2408677455e+05  4.8621159716e-01  2  1.6800000000e+01  4.1089647293e-13
 5.2846901603e+01  6.2608573680e+05  1.1378020632e+00  0  8.7600000000e+00  4.1221258243e-13
-4.4637365594e+00  6.2698111845e+05  3.7113619443e+00  2  1.6800000000e+01  4.1280209847e-13
 3.2153730071e-01  6.2723921621e+05  7.6586688032e-01  0  8.7600000000e+00  4.1297202910e-13
-4.9370381050e-03  6.3026661414e+05  3.2005700740e-03  2  1.6800000000e+01  4.1496525694e-13
-6.6520900652e+01  6.3065227203e+05  8.0814602871e+01  0  8.7600000000e+00  4.1521917270e-13
 7.1508917956e-01  6.3224019332e+05 -3.2231461826e-01  0  8.7600000000e+00  4.1626465432e-13
-7.3872155346e+00  6.3321299908e+05  1.2851584405e+01  2  1.6800000000e+01  4.1690514611e-13
-1.2107332809e+01  6.3392268326e+05  2.3741578542e+02  0  8.7600000000e+00  4.1737239961e-13
 2.9215653126e+01  6.3422873951e+05  9.2390298912e+00  0  8.7600000000e+00  4.1757390593e-13
 3.1592389619e+02  6.3431534326e+05 -1.9881973333e+03  0  8.7600000000e+00  4.1763092553e-13
 1.0077753801e+00  6.3518108309e+05  3.5921489333e+01  3  3.2200000000e+01  4.1820092550e-13
-3.2388798292e+01  6.3915800060e+05  1.4223591921e+01  1  1.2100000000e+01  4.2081931360e-13
 5.1194853508e+00  6.3935369750e+05  1.6882818855e+01  0  8.7600000000e+00  4.2094815972e-13
 1.6746365375e+01  6.3972207364e+05  2.6515468887e+01  0  8.7600000000e+00  4.2119069724e-13
 1.9812337761e-03  6.4143666478e+05 -1.4039255476e-03  3  3.2200000000e+01  4.2231957784e-13
-2.6597919861e+00  6.4254970187e+05  8.7729339098e+00  2  1.6800000000e+01  4.2305239743e-13
-3.5495571925e+01  6.4286714822e+05 -3.5823555277e+01  3  3.2200000000e+01  4.2326140295e-13
-5.7638487847e+00  6.4344769587e+05 -4.0170898037e+00  1  1.2100000000e+01  4.2364363343e-13
-1.8677064760e+00  6.4371717466e+05  6.8204686914e+00  1  1.2100000000e+01  4.2382105729e-13
-3.4174567020e+00  6.4375273534e+05 -8.9605672102e+00  1  1.2100000000e+01  4.2384447031e-13
 4.2233220857e-03  6.4499247334e+05  1.3742939319e-03  1  1.2100000000e+01  4.2466070932e-13
-3.5346846967e+01  6.4720273662e+05  5.9172655492e+01  0  8.7600000000e+00  4.2611593866e-13
 1.2210998738e+01  6.4735246763e+05 -6.3223211020e+00  2  1.6800000000e+01  4.2621452102e-13
-2.9454642403e+01  6.4795226531e+05 -4.5475434473e+01  0  8.7600000000e+00  4.2660942564e-13
 1.3831525001e+01  6.5053186055e+05  1.0982545870e+01  2  1.6800000000e+01  4.2830782180e-13
 2.4347471953e+01  6.5144463354e+05 -3.3331619441e+00  0  8.7600000000e+00  4.2890878824e-13
-9.1131648181e-01  6.5334736345e+05  8.8206393606e-01  0  8.7600000000e+00  4.3016153872e-13
-2.2418859821e-03  6.5478414632e+05  6.2229883188e-04  3  3.2200000000e+01  4.3110751136e-13
 2.8902017544e+01  6.5486698213e+05 -7.9658992842e+00  3  3.2200000000e+01  4.3116205016e-13
-1.5851583967e+01  6.5539578847e+05 -8.5500497101e+00  0  8.7600000000e+00  4.3151021434e-13
 1.7612987323e+01  6.5613842277e+05  2.7116244469e+01  1  1.2100000000e+01  4.3199916207e-13
-4.2621803737e+02  6.5614078238e+05  3.9318947310e+01  1  1.2100000000e+01  4.3200071563e-13
-3.0688908703e+01  6.5640628678e+05 -1.4356747029e-01  0  8.7600000000e+00  4.3217552277e-13
-5.9062541373e-01  6.5689656316e+05  8.4736860463e+00  0  8.7600000000e+00  4.3249831896e-13
-9.4366386053e+00  6.5808392696e+05 -1.2400976409e+01  1  1.2100000000e+01  4.3328007499e-13
 1.2020455966e+03  6.5879987296e+05 -3.8309358199e+02  0  8.7600000000e+00  4.3375145124e-13
 1.0422222728e+01  6.6137918278e+05 -2.7827569566e+01  2  1.6800000000e+01  4.3544965949e-13
 7.7982000555e+00  6.6310553118e+05 -1.0744117577e+01  0  8.7600000000e+00  4.3658628103e-13
-1.3173229423e-01  6.6378821938e+05  2.1741054646e+00  0  8.7600000000e+00  4.3703576047e-13
-1.0235326672e-03  6.6502564889e+05 -2.5135377690e-03  3  3.2200000000e+01  4.3785047957e-13
 3.0979118952e+00  6.6606011828e+05  1.6554247460e+00  3  3.2200000000e+01  4.3853157048e-13
-6.7393259426e-01  6.6704464211e+05 -2.3184569081e+00  1  1.2100000000e+01  4.3917977740e-13
 1.6260368945e-01  6.6802480172e+05  1.3577950740e-01  1  1.2100000000e+01  4.3982511094e-13
-2.3565252291e+01  6.6810958484e+05  6.7820169144e+00  0  8.7600000000e+00  4.3988093184e-13
 3.9124882792e+00  6.6846159400e+05 -3.3896844958e+00  0  8.7600000000e+00  4.4011269339e-13
 4.0545920697e+00  6.6959788849e+05 -2.7723794439e+00  2  1.6800000000e+01  4.4086082557e-13
 1.1976382779e+02  6.7224649241e+05  4.9142449714e+01  3  3.2200000000e+01  4.4260465681e-13
-2.7080211867e+00  6.7288321572e+05 -1.5654400255e+00  2  1.6800000000e+01  4.4302387313e-13
-1.9811951707e+01  6.7546511531e+05  4.1351680872e+01  1  1.2100000000e+01  4.4472378647e-13
-9.4146015981e+00  6.7746888672e+05 -3.6033202267e+00  0  8.7600000000e+00  4.4604306231e-13
 6.6091526618e-01  6.7750759156e+05  5.3893051267e+00  0  8.7600000000e+00  4.4606854544e-13
 4.9707167642e-03  6.7764993355e+05  2.8366560013e-03  0  8.7600000000e+00  4.4616226289e-13
-8.0987119605e-02  6.7828570656e+05 -3.1423277183e+00  0  8.7600000000e+00  4.4658085354e-13
-2.2425321820e+00  6.7908432577e+05 -8.0590810609e+00  2  1.6800000000e+01  4.4710666154e-13
-8.0520765195e+01  6.8105197111e+05  5.9402494943e+02  1  1.2100000000e+01  4.4840215210e-13
-9.4002921801e+01  6.8220185333e+05 -6.3660010588e+01  1  1.2100000000e+01  4.4915923039e-13
-4.5151937497e+01  6.8317581589e+05 -2.4001378517e+02  0  8.7600000000e+00  4.4980048382e-13
-4.3225858078e-03  6.8366583197e+05  3.0032834285e-04  2  1.6800000000e+01  4.5012310863e-13
 1.7524415490e+01  6.8383260457e+05 -7.3623198747e+00  0  8.7600000000e+00  4.5023291111e-13
 9.3248223872e+01  6.8543090925e+05 -9.0770789557e+01  3  3.2200000000e+01  4.5128522912e-13
-2.3815417278e-03  6.8640632270e+05  3.4281816373e-03  0  8.7600000000e+00  4.5192743781e-13
 5.7263391322e+02  6.8640730351e+05 -5.9893494915e+01  0  8.7600000000e+00  4.5192808357e-13
 1.0410185354e+01  6.8688128206e+05  6.7211375702e+01  0  8.7600000000e+00  4.5224014933e-13
-2.5512222701e-03  6.8699463038e+05  1.6073056621e-03  1  1.2100000000e+01  4.5231477745e-13
-4.2991091317e-01  6.8830401886e+05 -7.2800208576e-01  1  1.2100000000e+01  4.5317687409e-13
 7.6847928466e+01  6.9001413772e+05  2.3228753831e+01  0  8.7600000000e+00  4.5430281015e-13
 3.9862622083e-03  6.9077430224e+05 -2.8910649325e-03  2  1.6800000000e+01  4.5480329972e-13
 1.1446001806e-01  6.9102022584e+05  3.3826301968e-03  0  8.7600000000e+00  4.5496521493e-13
-1.4780920824e+02  6.9256636841e+05  2.3260936485e+02  0  8.7600000000e+00  4.5598318960e-13
-1.2832084909e-04  6.9372891307e+05  3.3114892656e-03  1  1.2100000000e+01  4.5674860479e-13
 2.4567512426e+00  6.9386387595e+05 -1.9917097115e-01  1  1.2100000000e+01  4.5683746387e-13
-1.9913865239e+00  6.9400970355e+05 -1.7719842848e+00  1  1.2100000000e+01  4.5693347623e-13
 2.7356540006e+02  6.9487795549e+05 -2.7897575846e+02  0  8.7600000000e+00  4.5750513017e-13
 1.3802751990e+01  6.9693218064e+05  7.4939124859e+00  1  1.2100000000e+01  4.5885762456e-13
-3.7999137811e-03  6.9772247261e+05  4.8490804433e-03  0  8.7600000000e+00  4.5937794994e-13
-7.8516685442e+01  6.9795486333e+05  2.5377830919e+02  1  1.2100000000e+01  4.5953095515e-13
-2.1111153018e+02  6.9854251626e+05  2.4491298870e+02  0  8.7600000000e+00  4.5991786371e-13
-1.2123419939e+02  7.0136476150e+05 -1.7895933551e+02  1  1.2100000000e+01  4.6177601976e-13
 1.8700798565e+02  7.0296403454e+05  3.5434794347e+02  0  8.7600000000e+00  4.6282897534e-13
-2.9480131896e+01  7.0385325620e+05 -3.7151009848e+01  0  8.7600000000e+00  4.6341443566e-13
-1.5049892555e-03  7.0413844996e+05 -4.3544164297e-03  3  3.2200000000e+01  4.6360220619e-13
-4.6769338984e-03  7.0420625509e+05  4.7719689178e-03  1  1.2100000000e+01  4.6364684885e-13
 2.2416876311e+00  7.0533972629e+05 -6.0756862944e-01  0  8.7600000000e+00  4.6439312218e-13
 1.1154180586e+00  7.0833487082e+05  8.4894132298e-01  0  8.7600000000e+00  4.6636511450e-13
 2.4816017167e-03  7.0872456584e+05 -1.7199472695e-03  0  8.7600000000e+00  4.6662168829e-13
 7.9201841979e+00  7.0886390239e+05 -1.3608478892e+01  0  8.7600000000e+00  4.6671342697e-13
 2.9654884502e+01  7.1049452868e+05 -7.5673972668e+00  1  1.2100000000e+01  4.6778702541e-13
 1.8593957582e+00  7.1090255685e+05 -6.6340204767e+00  1  1.2100000000e+01  4.6805566969e-13
-6.8424936960e+00  7.1162317351e+05  5.9205718326e+00  2  1.6800000000e+01  4.6853012109e-13
 2.8462411500e-03  7.1265622000e+05 -3.2249922902e-03  3  3.2200000000e+01  4.6921027515e-13
-7.2617366741e-02  7.1305548350e+05  1.9407210356e+00  0  8.7600000000e+00  4.6947314879e-13
-2.4454221304e-03  7.1347576064e+05 -2.0974527356e-04  0  8.7600000000e+00  4.6974985774e-13
 7.5157253570e+00  7.1557548700e+05  1.7019688717e+00  0  8.7600000000e+00  4.7113230998e-13
-1.1615901141e+02  7.1678096850e+05  1.0870687417e+01  3  3.2200000000e+01  4.7192599463e-13
-2.6011883539e-01  7.1694474496e+05 -4.4288574133e+00  2  1.6800000000e+01  4.7203382446e-13
 5.8326387374e+00  7.1714896874e+05  7.7227412855e+00  1  1.2100000000e+01  4.7216828466e-13
 1.2454492147e+00  7.1942246852e+05  3.6458108578e+02  2  1.6800000000e+01  4.7366514868e-13
 2.8500658425e+01  7.1996971072e+05 -1.4978991352e+02  0  8.7600000000e+00  4.7402545097e-13
-1.5752862619e+00  7.2206435110e+05  4.3123609146e+00  0  8.7600000000e+00  4.7540455461e-13
 4.8111873212e-03  7.2492219363e+05  1.6253079505e-03  3  3.2200000000e+01  4.7728614778e-13
 1.1548608732e+00  7.2723330028e+05  3.3075311249e+00  3  3.2200000000e+01  4.7880777204e-13
 5.6225271839e+01  7.2823533026e+05  1.0202104754e+02  1  1.2100000000e+01  4.7946750495e-13
-1.1476430101e+01  7.2859764174e+05 -6.1100206898e+00  0  8.7600000000e+00  4.7970604952e-13
-6.8802118480e+01  7.3229180421e+05  1.5281116963e+01  1  1.2100000000e+01  4.8213827271e-13
 1.6018050276e+02  7.3244721275e+05  7.4024466995e+01  0  8.7600000000e+00  4.8224059313e-13
 1.9119326311e+00  7.3346745593e+05 -1.1533419109e+01  0  8.7600000000e+00  4.8291231754e-13
 2.2117739709e+02  7.3702316005e+05 -1.3377182787e+02  0  8.7600000000e+00  4.8525338026e-13
 6.4884893075e+00  7.3952995798e+05  4.1151313796e+01  0  8.7600000000e+00  4.8690384695e-13
-2.1346664695e+01  7.4029591864e+05 -7.2253306930e-01  0  8.7600000000e+00  4.8740815267e-13
-3.4492762426e-03  7.4126104729e+05 -1.9858096200e-03  2  1.6800000000e+01  4.8804358988e-13
 4.4977167014e-03  7.4154569533e+05  3.1245996841e-03  3  3.2200000000e+01  4.8823100112e-13
 1.3308430421e+00  7.4190286515e+05 -1.2612952956e+00  1  1.2100000000e+01  4.8846616044e-13
-1.4159174168e+02  7.4211017457e+05 -3.8526725758e+01  1  1.2100000000e+01  4.8860265221e-13
-9.3093874266e+01  7.4385922656e+05 -1.6184656528e+01  0  8.7600000000e+00  4.8975422170e-13
 6.6860478145e+00  7.4532141365e+05  2.5094839918e+02  2  1.6800000000e+01  4.9071692039e-13
-4.8531095357e-03  7.4883015903e+05  3.7880336115e-03  3  3.2200000000e+01  4.9302706565e-13
-1.5500605976e+01  7.5089687679e+05 -4.4280835396e+01  0  8.7600000000e+00  4.9438778514e-13
-4.5190913833e-03  7.5147018919e+05 -2.3688796290e-03  2  1.6800000000e+01  4.9476525195e-13
 7.3810072673e-01  7.5423532827e+05  1.6793183246e+00  1  1.2100000000e+01  4.9658580950e-13
-1.1113986365e+01  7.5516502107e+05 -4.9285163148e+01  3  3.2200000000e+01  4.9719791588e-13
-2.7894251049e+01  7.5616423121e+05 -2.4827901390e+01  0  8.7600000000e+00  4.9785579222e-13
 2.3398267653e+00  7.5616493589e+05 -2.0146947432e+00  3  3.2200000000e+01  4.9785625618e-13
-1.8711488386e+02  7.5680244476e+05  9.9111708058e+01  2  1.6800000000e+01  4.9827598971e-13
-3.1835936014e-01  7.5733953407e+05  6.4767638803e-01  0  8.7600000000e+00  4.9862960736e-13
 3.4749942973e+01  7.5834287970e+05 -1.3768269719e+01  1  1.2100000000e+01  4.9929020649e-13
 8.0558974058e+00  7.5968665586e+05 -5.1272447485e+00  0  8.7600000000e+00  5.0017494386e-13
 5.1498912954e+01  7.6185305905e+05 -1.9291230188e+01  0  8.7600000000e+00  5.0160129587e-13
-3.4295366671e+00  7.6360626773e+05 -6.9774955174e+00  1  1.2100000000e+01  5.0275560212e-13
-9.4588369813e-01  7.6409481072e+05  7.9015933054e-01  0  8.7600000000e+00  5.0307725706e-13
-3.7599246897e-03  7.6583344110e+05 -3.0542591438e-03  0  8.7600000000e+00  5.0422196501e-13
-2.9334297627e-03  7.6657507329e+05 -2.1540215319e-03  1  1.2100000000e+01  5.0471025295e-13
 2.9254767424e+00  7.6791168917e+05  1.1108644262e+00  1  1.2100000000e+01  5.0559027601e-13
-3.0640793399e+00  7.6836488350e+05  5.2059570101e+00  0  8.7600000000e+00  5.0588865751e-13
-9.1577402565e+01  7.7059363784e+05 -2.3374542238e+02  2  1.6800000000e+01  5.0735606130e-13
 2.2244884052e+01  7.7169482363e+05  1.0819795397e+01  0  8.7600000000e+00  5.0808107804e-13
-9.9123651861e+00  7.7239549892e+05  1.1431027128e+02  1  1.2100000000e+01  5.0854240012e-13
 2.8265546967e-01  7.7395844230e+05  4.2081858637e+00  0  8.7600000000e+00  5.0957143638e-13
-6.4086076272e+01  7.7603687608e+05  3.3955162767e+01  1  1.2100000000e+01  5.1093986965e-13
-2.6398863213e-03  7.7936295338e+05  1.4305973688e-03  2  1.6800000000e+01  5.1312974691e-13
-1.9291574449e+00  7.8007999536e+05 -6.4078128729e+00  0  8.7600000000e+00  5.1360184475e-13
 4.0499778972e-03  7.8154010466e+05 -2.0214813561e-03  2  1.6800000000e+01  5.1456317543e-13
-1.9890695142e+01  7.8304057466e+05 -1.0544705755e+01  0  8.7600000000e+00  5.1555107944e-13
 1.1124323358e+01  7.8468966083e+05  3.7591021146e+00  0  8.7600000000e+00  5.1663683181e-13
 1.9431773283e+01  7.8529832763e+05 -8.5412587946e+00  0  8.7600000000e+00  5.1703757583e-13
 9.8378434935e+00  7.8539564461e+05 -2.3684866265e+01  1  1.2100000000e+01  5.1710164897e-13
-3.3415071402e-01  7.8913978439e+05 -1.3067232229e+00  0  8.7600000000e+00  5.1956677705e-13
 2.1702688867e+01  7.9171882102e+05  5.5269395339e+01  0  8.7600000000e+00  5.2126480542e-13
-5.0519873767e+00  7.9195800184e+05  7.4278314416e+00  2  1.6800000000e+01  5.2142228122e-13
 4.9628475588e-03  7.9343354051e+05  5.7892014998e-04  2  1.6800000000e+01  5.2239377053e-13
 1.2132028013e+01  7.9347374593e+05 -2.9908945994e+01  1  1.2100000000e+01  5.2242024164e-13
-8.9039292694e-05  7.9407425468e+05  3.5166076983e-03  2  1.6800000000e+01  5.2281561442e-13
-6.3798006877e+01  7.9417194190e+05 -1.1427041950e+02  1  1.2100000000e+01  5.2287993133e-13
 3.6255852220e-03  7.9511979531e+05 -4.7891742363e-03  0  8.7600000000e+00  5.2350399458e-13
-1.6513888057e-03  7.9727241844e+05 -4.8916567768e-03  0  8.7600000000e+00  5.2492127386e-13
-3.8820600222e+00  7.9951476047e+05 -6.1072044872e-01  2  1.6800000000e+01  5.2639762374e-13
-2.3750437319e+00  8.0109007873e+05 -1.2441058150e+01  2  1.6800000000e+01  5.2743480758e-13
-5.9429074120e+00  8.0166482273e+05 -7.2729965029e+00  2  1.6800000000e+01  5.2781321694e-13
-6.9800651942e+01  8.0441723311e+05 -7.7771753979e+01  1  1.2100000000e+01  5.2962539397e-13
-7.1183768136e-02  8.0602428516e+05  8.4413503836e-01  0  8.7600000000e+00  5.3068347123e-13
 2.4062566008e+01  8.0672706653e+05 -3.3855012669e+00  3  3.2200000000e+01  5.3114617993e-13
-4.2733147656e+00  8.0700963177e+05 -6.0941684861e+00  2  1.6800000000e+01  5.3133221987e-13
-1.1720179885e+00  8.0723819779e+05 -9.4223215630e-01  2  1.6800000000e+01  5.3148270691e-13
-2.6047281697e+01  8.1216637129e+05  7.1529777490e+00  0  8.7600000000e+00  5.3472739850e-13
-2.5652054020e+02  8.1305800654e+05 -7.6593092068e+02  1  1.2100000000e+01  5.3531444792e-13
-1.2812790350e+02  8.1395894427e+05 -4.1443226992e+01  2  1.6800000000e+01  5.3590762206e-13
-4.0754483450e-03  8.1476523599e+05  3.9396662167e-03  2  1.6800000000e+01  5.3643848161e-13
 1.5550280242e+02  8.1518929096e+05  1.4073282597e+01  0  8.7600000000e+00  5.3671767786e-13
-2.4853940754e+01  8.1645167117e+05  4.0523272742e+02  0  8.7600000000e+00  5.3754882442e-13
 3.9701040643e-03  8.1648372481e+05 -4.4609910946e-03  2  1.6800000000e+01  5.3756992842e-13
-2.1132248958e+02  8.1722663807e+05 -4.2706978107e+02  1  1.2100000000e+01  5.3805905983e-13
 1.9730667385e+00  8.1724697367e+05  7.1396592244e-01  0  8.7600000000e+00  5.3807244871e-13
 7.2483164377e-02  8.1945141984e+05  5.2893884413e-02  1  1.2100000000e+01  5.3952384809e-13
 9.6985060075e-02  8.2502727329e+05  7.3305216412e+00  1  1.2100000000e+01  5.4319496981e-13
-3.7610779569e-01  8.2777863985e+05  7.5863952832e+00  1  1.2100000000e+01  5.4500645959e-13
-6.5240966715e+01  8.2818550760e+05  2.1078346370e+01  2  1.6800000000e+01  5.4527433985e-13
 1.4769684115e-01  8.2839095172e+05 -2.8540787506e+00  1  1.2100000000e+01  5.4540960351e-13
 3.3092490536e+00  8.2899414158e+05 -1.7847435952e+00  2  1.6800000000e+01  5.4580674154e-13
 7.9397103231e+01  8.3194527921e+05  4.1851434858e+01  0  8.7600000000e+00  5.4774975986e-13
 1.9153933979e+01  8.3311318444e+05  1.9189177213e+01  1  1.2100000000e+01  5.4851870444e-13
-5.7525848955e+01  8.3381850999e+05  2.7113228873e+01  1  1.2100000000e+01  5.4898308823e-13
 3.9322855329e+01  8.3391275824e+05 -6.9549811173e+01  0  8.7600000000e+00  5.4904514094e-13
 1.9657305736e+02  8.3458070291e+05 -6.1923967033e+01  0  8.7600000000e+00  5.4948491329e-13
-1.0087545062e+00  8.3910695651e+05  6.9812644748e+00  1  1.2100000000e+01  5.5246498227e-13
 9.6073976825e+01  8.4072233940e+05 -6.0547759999e+01  1  1.2100000000e+01  5.5352854452e-13
-2.2029486504e+01  8.4077111300e+05 -2.9674104480e+00  1  1.2100000000e+01  5.5356065688e-13
-8.8728943787e+01  8.4233166949e+05 -1.0677121396e+01  2  1.6800000000e+01  5.5458812162e-13
 4.1226735754e-03  8.4249152535e+05 -2.2521896065e-04  4  4.0000000000e+01  5.5469337014e-13
 2.9009803429e+00  8.4267418477e+05  8.5728566444e+01  0  8.7600000000e+00  5.5481363244e-13
-3.6830660708e+00  8.4313363991e+05 -1.3241598000e-01  1  1.2100000000e+01  5.5511613604e-13
 2.5565284247e+02  8.4458132147e+05  2.9606552069e+01  0  8.7600000000e+00  5.5606928434e-13
-2.9752851208e+00  8.4459770376e+05  2.0553118777e+01  0  8.7600000000e+00  5.5608007038e-13
 6.7263071746e+00  8.4633391282e+05  1.9242534033e+01  1  1.2100000000e+01  5.5722318414e-13
 5.7927716264e+02  8.4763337015e+05  3.9807908795e+02  0  8.7600000000e+00  5.5807874214e-13
-1.0450968721e+02  8.4845142404e+05  6.5113494102e+00  1  1.2100000000e+01  5.5861734586e-13
 3.5375259224e+01  8.4853337836e+05  2.7319129148e+01  3  3.2200000000e+01  5.5867130429e-13
 8.6798829994e+00  8.4915489775e+05 -1.4151508151e+01  0  8.7600000000e+00  5.5908051041e-13
-1.1061879193e+01  8.4918059094e+05 -1.0473642788e+03  0  8.7600000000e+00  5.5909742671e-13
 4.0766055387e+01  8.4925319851e+05 -3.8894009289e+01  1  1.2100000000e+01  5.5914523127e-13
 2.1460267494e+01  8.4958430500e+05  4.5148184069e+01  0  8.7600000000e+00  5.5936323058e-13
 8.2018491148e+00  8.5259812634e+05  1.7158364733e+01  0  8.7600000000e+00  5.6134751964e-13
 5.9765833033e+00  8.5318398958e+05 -2.3454190965e+00  0  8.7600000000e+00  5.6173324988e-13
-7.3674874327e+00  8.5369940614e+05  7.5985244128e+00  1  1.2100000000e+01  5.6207259828e-13
 4.7449282788e-03  8.5428466430e+05 -1.9904175107e-03  3  3.2200000000e+01  5.6245793013e-13
 1.0011681755e+01  8.5472644054e+05 -3.6276545580e+01  0  8.7600000000e+00  5.6274879401e-13
-2.6020912861e+00  8.5639011969e+05 -4.8465490061e+00  0  8.7600000000e+00  5.6384415433e-13
-2.9471028773e-03  8.5976673669e+05 -1.9580585589e-03  2  1.6800000000e+01  5.6606730675e-13
 1.1807474002e+01  8.6026109932e+05 -1.5890403118e+01  1  1.2100000000e+01  5.6639279331e-13
 1.5050499831e+02  8.6040902034e+05 -1.8131768212e+02  1  1.2100000000e+01  5.6649018397e-13
 8.8609661772e+00  8.6074235416e+05  1.5209141995e+01  2  1.6800000000e+01  5.6670964975e-13
 5.5603383166e-01  8.6170788248e+05 -2.6001405325e+00  0  8.7600000000e+00  5.6734535010e-13
 5.4505872854e+00  8.6183279526e+05 -1.7592809150e+00  0  8.7600000000e+00  5.6742759223e-13
 9.0980139836e-04  8.6257900180e+05  1.0321022691e-03  3  3.2200000000e+01  5.6791889191e-13
-8.3861512273e+00  8.6278724891e+05  8.8133051034e+00  1  1.2100000000e+01  5.6805600106e-13
-4.8712098848e-01  8.6279286766e+05 -5.6359340678e+00  1  1.2100000000e+01  5.6805970042e-13
-3.1263176540e+01  8.6298107506e+05  1.1295085786e+01  0  8.7600000000e+00  5.6818361549e-13
-3.8958334177e+01  8.6361597258e+05  2.5538557404e+01  0  8.7600000000e+00  5.6860162972e-13
-1.0130991056e+01  8.6778274429e+05 -1.7573214631e+01  2  1.6800000000e+01  5.7134501713e-13
 3.4825474734e+02  8.6782057941e+05 -1.6530196665e+02  2  1.6800000000e+01  5.7136992763e-13
-8.4359277251e+01  8.6791037604e+05  8.3130996325e+00  0  8.7600000000e+00  5.7142904941e-13
 8.4545382010e+00  8.6938885206e+05 -2.3971866049e+01  1  1.2100000000e+01  5.7240247267e-13
-8.7854438591e+01  8.6962465841e+05  8.3735112950e+01  0  8.7600000000e+00  5.7255772671e-13
-2.4925267235e+02  8.7077247672e+05 -6.2509290483e+01  0  8.7600000000e+00  5.7331344614e-13
-8.4153569255e+00  8.7249953715e+05  5.5699578117e+00  0  8.7600000000e+00  5.7445053647e-13
-2.1048832894e+00  8.7334402082e+05 -2.3256674130e+02  0  8.7600000000e+00  5.7500654146e-13
-1.3986525248e+02  8.7450876667e+05  2.8901938843e+01  0  8.7600000000e+00  5.7577340591e-13
-1.9803378690e+02  8.7619946130e+05 -4.4793811177e+01  2  1.6800000000e+01  5.7688655313e-13
 8.0536532328e+00  8.7699222663e+05  1.2960638745e+00  0  8.7600000000e+00  5.7740850696e-13
 5.7896771807e+00  8.7971292181e+05  4.2550639246e+00  0  8.7600000000e+00  5.7919980281e-13
 8.3778873280e+00  8.8093068181e+05  9.1597870279e+00  3  3.2200000000e+01  5.8000157159e-13
-1.6355684967e+01  8.8113864259e+05 -1.3311911186e+00  1  1.2100000000e+01  5.8013849221e-13
-8.3006794616e+00  8.8123434046e+05 -1.2888164862e+01  2  1.6800000000e+01  5.8020149934e-13
 1.6082298169e+02  8.8165929047e+05 -8.9618915027e+01  0  8.7600000000e+00  5.8048128490e-13
 7.3926396759e+00  8.8472971829e+05  1.0082753079e+00  0  8.7600000000e+00  5.8250284345e-13
 7.9177450734e+01  8.8516394902e+05 -2.7766788205e+02  0  8.7600000000e+00  5.8278873939e-13
-9.1117259485e+00  8.8557257471e+05 -4.5414317338e+00  2  1.6800000000e+01  5.8305777707e-13
 1.3453608317e+01  8.8910072120e+05  9.2795467669e+00  0  8.7600000000e+00  5.8538069594e-13
-1.1391309585e+02  8.8948452025e+05  1.2117066753e+01  2  1.6800000000e+01  5.8563338785e-13
 2.9130880350e+00  8.9139807635e+05 -3.0834256527e+00  0  8.7600000000e+00  5.8689326626e-13
-3.4571626403e-03  8.9269784814e+05 -4.5324950244e-03  1  1.2100000000e+01  5.8774903130e-13
 2.9669963074e+02  8.9521984579e+05  5.8924236032e+00  0  8.7600000000e+00  5.8940950542e-13
-1.9495713056e+00  8.9649501296e+05 -1.5679150110e+01  3  3.2200000000e+01  5.9024907087e-13
-1.4386128980e+01  8.9665627512e+05 -1.0206283171e+01  0  8.7600000000e+00  5.9035524529e-13
 3.7987406404e+02  8.9773696090e+05  5.9058551879e+01  1  1.2100000000e+01  5.9106676490e-13
 2.8420754229e+01  8.9930709905e+05  1.3837840824e+01  0  8.7600000000e+00  5.9210053817e-13
-6.5341182010e+00  8.9998240371e+05 -2.9715841990e+00  1  1.2100000000e+01  5.9254515631e-13
 6.0676798254e+00  9.0020525748e+05  1.5191789703e-01  2  1.6800000000e+01  5.9269188243e-13
 1.0273732494e+00  9.0051220737e+05 -8.3817616313e+00  0  8.7600000000e+00  5.9289397713e-13
-6.7228225919e+00  9.0300861411e+05  7.8009586037e+00  2  1.6800000000e+01  5.9453760228e-13
 5.9962709364e+01  9.0413044027e+05  2.4807879852e+01  0  8.7600000000e+00  5.9527620857e-13
 8.5930630920e+01  9.0614511815e+05 -6.5916621071e+01  1  1.2100000000e+01  5.9660266519e-13
 2.3561249708e-03  9.0722810696e+05 -6.0761640109e-04  1  1.2100000000e+01  5.9731570110e-13
-2.0712176463e+01  9.0866495353e+05 -4.4439054543e+01  1  1.2100000000e+01  5.9826171568e-13
 2.4510969748e+01  9.0894456819e+05  1.9800698483e+00  2  1.6800000000e+01  5.9844581296e-13
-2.2088531997e-03  9.0942096164e+05 -4.1957275193e-03  3  3.2200000000e+01  5.9875946868e-13
 1.0937987056e+02  9.1177354424e+05  4.0798749750e+02  0  8.7600000000e+00  6.0030840055e-13
-2.2620676332e+01  9.1323100339e+05  2.7196272497e+00  1  1.2100000000e+01  6.0126798638e-13
-2.3299721021e+02  9.1330999562e+05  2.1843885199e+02  3  3.2200000000e+01  6.0131999457e-13
 1.7647797129e+00  9.1341529061e+05  1.9767544739e+00  1  1.2100000000e+01  6.0138932041e-13
-5.7376906057e+00  9.1341757193e+05 -2.9174539496e+01  2  1.6800000000e+01  6.0139082243e-13
 6.0545998680e+00  9.1348049855e+05 -1.3942060409e+01  0  8.7600000000e+00  6.0143225309e-13
-9.7875465494e+01  9.1451024201e+05 -1.9996161043e+01  2  1.6800000000e+01  6.0211023245e-13
 2.4075828481e-03  9.1500799868e+05  4.2449272933e-03  1  1.2100000000e+01  6.0243795364e-13
-7.1364928567e+00  9.1920621664e+05  6.9161431021e+01  2  1.6800000000e+01  6.0520204515e-13
 6.5297251876e+00  9.2005048728e+05  3.1533937596e+01  3  3.2200000000e+01  6.0575790988e-13
 4.1915840877e+00  9.2107383363e+05 -4.0677950495e+00  1  1.2100000000e+01  6.0643167741e-13
 3.0764686027e+00  9.2241629602e+05 -2.0592000153e+00  0  8.7600000000e+00  6.0731554979e-13
 4.4930179787e-03  9.2567162113e+05  4.1531685177e-03  1  1.2100000000e+01  6.0945884406e-13
-1.4503257762e+00  9.2694151361e+05 -1.8584851631e+00  3  3.2200000000e+01  6.1029493667e-13
-2.6854016459e+01  9.2734857278e+05  4.9797775502e+01  1  1.2100000000e+01  6.1056294295e-13
-4.1016439393e+00  9.2805633812e+05  2.6517719923e+01  0  8.7600000000e+00  6.1102893309e-13
 2.3032770154e-03  9.2883378459e+05  1.1767971824e-03  0  8.7600000000e+00  6.1154080103e-13
-1.5697557137e-03  9.3433436409e+05 -2.8842805037e-03  3  3.2200000000e+01  6.1516236266e-13
 3.8975747576e-03  9.3606661239e+05 -3.4610482810e-03  3  3.2200000000e+01  6.1630286867e-13
 1.6154064572e-04  9.3623010722e+05 -4.9863674585e-03  2  1.6800000000e+01  6.1641051308e-13
-7.5999842345e+00  9.3632728083e+05  6.8984545192e-01  2  1.6800000000e+01  6.1647449183e-13
-1.5885258947e+01  9.3731807885e+05  2.8563111416e+01  0  8.7600000000e+00  6.1712682966e-13
-1.0400070303e+02  9.3738982805e+05  1.3319702920e+02  0  8.7600000000e+00  6.1717406907e-13
 5.2719484227e+01  9.3775288740e+05  6.2286133691e+01  0  8.7600000000e+00  6.1741310603e-13
-3.7838563394e+01  9.3892613944e+05 -1.1259532300e+01  2  1.6800000000e+01  6.1818557093e-13
-6.2249621890e+00  9.3936773276e+05 -9.7961874546e+01  0  8.7600000000e+00  6.1847631437e-13
-5.6250748293e-01  9.3981546833e+05 -5.6241679291e+00  0  8.7600000000e+00  6.1877110185e-13
 3.6714008432e+00  9.3993981731e+05  1.0667239463e+01  2  1.6800000000e+01  6.1885297277e-13
 2.1027706649e+00  9.3996317710e+05  5.8548833500e+00  0  8.7600000000e+00  6.1886835277e-13
 1.5406871786e+01  9.4061660873e+05 -7.4973307680e+01  0  8.7600000000e+00  6.1929856979e-13
 2.7288641029e+01  9.4311581715e+05 -2.3211122450e+01  2  1.6800000000e+01  6.2094403956e-13
 1.8851464606e+02  9.4366663279e+05  4.0646036696e+01  0  8.7600000000e+00  6.2130669459e-13
 3.8373115295e-01  9.4388585382e+05  3.8996059907e+00  2  1.6800000000e+01  6.2145102892e-13
 2.9053270849e+01  9.4391208376e+05  1.3992505398e+02  0  8.7600000000e+00  6.2146829862e-13
-2.1440058037e+01  9.4406910121e+05  6.0306607956e+01  1  1.2100000000e+01  6.2157167834e-13
 4.1221254734e-03  9.4444423462e+05  5.6283136623e-04  3  3.2200000000e+01  6.2181866481e-13
-6.6848935730e+02  9.4599636963e+05  1.8119760569e+02  0  8.7600000000e+00  6.2284058489e-13
-2.5153867694e+00  9.4662444228e+05  6.6056095579e-02  2  1.6800000000e+01  6.2325410565e-13
 6.0256613304e+00  9.4982163842e+05  1.9845010022e+01  0  8.7600000000e+00  6.2535912801e-13
-4.8486685620e+00  9.5023927738e+05  5.4955916589e+00  0  8.7600000000e+00  6.2563409999e-13
 3.0975689657e+01  9.5038355263e+05  4.6792371533e+01  1  1.2100000000e+01  6.2572909029e-13
-6.2982900015e+00  9.5071126105e+05 -2.2306400383e+00  2  1.6800000000e+01  6.2594485233e-13
-5.4003749152e+01  9.5110322658e+05 -6.4107350653e+00  0  8.7600000000e+00  6.2620292101e-13
 8.5407737909e+00  9.5250333301e+05  1.2140391933e+01  1  1.2100000000e+01  6.2712474602e-13
 9.1280147791e+00  9.5309997894e+05  3.5127115111e+01  2  1.6800000000e+01  6.2751757554e-13
-1.3689608451e+00  9.5422598901e+05  2.2369644126e+00  1  1.2100000000e+01  6.2825893649e-13
-1.2198413823e+02  9.5602215761e+05 -1.2602266864e+02  0  8.7600000000e+00  6.2944152740e-13
-3.4890828445e+01  9.5606606603e+05 -1.8440043129e+01  0  8.7600000000e+00  6.2947043654e-13
-4.9322775355e-04  9.5661839868e+05  3.2114604736e-04  1  1.2100000000e+01  6.2983409035e-13
 1.5952818244e+00  9.5879189023e+05 -1.6406280754e+00  1  1.2100000000e+01  6.3126510933e-13
 2.9263612544e+02  9.6050653384e+05 -1.0735205175e+02  2  1.6800000000e+01  6.3239402447e-13
-2.4657326913e+01  9.6303134457e+05 -8.3721775459e+02  1  1.2100000000e+01  6.3405635071e-13
-2.9907706234e+01  9.6330857655e+05  4.5803875573e+01  2  1.6800000000e+01  6.3423887925e-13
 6.1444781780e-01  9.6383813747e+05 -1.9611892196e+00  2  1.6800000000e+01  6.3458754024e-13
-3.8974902618e+02  9.6412168402e+05 -1.1991832666e+03  0  8.7600000000e+00  6.3477422626e-13
 3.1147068352e+01  9.6460649837e+05 -1.7698461247e+01  0  8.7600000000e+00  6.3509342627e-13
 5.3891346959e+00  9.6597016230e+05  9.0107147668e+00  0  8.7600000000e+00  6.3599125767e-13
-3.0524367291e+00  9.7374555479e+05 -1.0371026457e+00  0  8.7600000000e+00  6.4111054793e-13
 1.1156381529e+02  9.7468329884e+05  4.4009277878e+00  1  1.2100000000e+01  6.4172795522e-13
 3.5007969238e+00  9.7579582117e+05  4.6573478026e+01  0  8.7600000000e+00  6.4246043589e-13
 1.4347621096e+02  9.7597781446e+05  5.9779038310e+02  2  1.6800000000e+01  6.4258025962e-13
 1.6187459993e+01  9.7780429982e+05  7.4373677710e+00  1  1.2100000000e+01  6.4378281097e-13
 1.8474485836e+00  9.7811907842e+05  1.5027214864e+01  0  8.7600000000e+00  6.4399006005e-13
-1.1100903259e+01  9.7848016110e+05  1.2481199040e+01  3  3.2200000000e+01  6.4422779559e-13
-2.1708836361e+00  9.7889548160e+05 -9.6472648037e-01  0  8.7600000000e+00  6.4450124110e-13
-2.4983820540e-03  9.8099906797e+05 -3.0718217851e-04  2  1.6800000000e+01  6.4588623475e-13
 8.2021577621e+00  9.8244924971e+05  8.3159407936e-01  0  8.7600000000e+00  6.4684102916e-13
-6.5648262117e+00  9.8371952291e+05  4.7706004006e-01  0  8.7600000000e+00  6.4767737244e-13
 2.8985216822e+01  9.8411099152e+05  5.9739176500e+01  3  3.2200000000e+01  6.4793511395e-13
-1.2632152954e+00  9.8422848518e+05 -6.9769506058e+00  0  8.7600000000e+00  6.4801247135e-13
-3.4096710076e+01  9.8460108267e+05 -2.1575261201e+01  2  1.6800000000e+01  6.4825778819e-13
-2.8108742171e-03  9.8493851070e+05 -2.3629668296e-03  2  1.6800000000e+01  6.4847994958e-13
 4.5510076520e+01  9.8623990499e+05 -6.4718178842e+00  0  8.7600000000e+00  6.4933678287e-13
 3.5687655983e+01  9.8668351759e+05 -4.3945088915e+01  0  8.7600000000e+00  6.4962885580e-13
 4.3078022380e+00  9.8746504015e+05 -5.9980890727e+00  2  1.6800000000e+01  6.5014340742e-13
-1.6939530114e+00  9.8888916804e+05  6.8376949672e+00  0  8.7600000000e+00  6.5108104807e-13
 1.3625585311e+00  9.8909811823e+05 -1.1481939634e+00  2  1.6800000000e+01  6.5121862012e-13
-4.3835053264e-03  9.9050725135e+05 -3.5740209504e-03  1  1.2100000000e+01  6.5214638826e-13
-6.2456369906e+00  9.9458925341e+05 -2.5989320663e+00  0  8.7600000000e+00  6.5483396364e-13
-9.5700032540e-01  9.9500007558e+05  1.4972267644e+00  3  3.2200000000e+01  6.5510444747e-13
 1.4298867790e-03  9.9702710428e+05  2.1070949347e-03  2  1.6800000000e+01  6.5643903583e-13
-2.2091335623e+00  9.9753815521e+05  7.1925014232e+00  3  3.2200000000e+01  6.5677550991e-13
 5.9798479940e+01  9.9783683389e+05  4.4508357985e+02  1  1.2100000000e+01  6.5697215887e-13
-3.3432750576e+00  9.9835284932e+05  4.3980379198e+00  0  8.7600000000e+00  6.5731190156e-13
-1.1956200788e+01  9.9868738365e+05  5.6871063054e+00  0  8.7600000000e+00  6.5753215776e-13
-2.8557339706e+00  1.0017296128e+06 -2.8963444124e+00  1  1.2100000000e+01  6.5953515040e-13