 x                 y                 z               Event            Energy              Time
 4.4541811009e-03  2.3163852395e+03  1.4217631456e-03  3  3.2200000000e+01  1.2591973761e-15
-7.9206892311e+00  4.0955545927e+03 -4.1872522538e+00  1  1.2100000000e+01  2.2263617937e-15
-4.4268125526e-03  4.5770595999e+03 -1.4385712130e-03  0  8.7600000000e+00  2.4881100691e-15
-9.9441323607e+00  1.3206513687e+04  3.3754196854e+00  2  1.6800000000e+01  7.1791199058e-15
 1.2161511591e+01  1.3327795632e+04  1.2943932087e+00  0  8.7600000000e+00  7.2450493133e-15
 3.8289960306e+00  1.3965305146e+04 -3.7285776532e+00  1  1.2100000000e+01  7.5916023365e-15
 1.1917343571e+00  1.4071950860e+04 -1.1303443917e-01  0  8.7600000000e+00  7.6495754234e-15
 6.9204570169e-01  1.5852194244e+04  1.9679068373e+00  0  8.7600000000e+00  8.6173236890e-15
 1.9978448048e+01  1.5967045987e+04 -7.6799638540e+00  1  1.2100000000e+01  8.6797576103e-15
 9.9130041503e+00  1.8962811515e+04  2.8507769259e+01  3  3.2200000000e+01  1.0308269150e-14
 2.0621149288e+01  1.9005132207e+04 -4.0594975969e+01  0  8.7600000000e+00  1.0331274867e-14
-1.1663229918e+00  2.0669634108e+04  1.4950893996e+00  1  1.2100000000e+01  1.1236105545e-14
-1.8062663714e+02  2.0723802327e+04 -3.9946713215e+01  1  1.2100000000e+01  1.1265551631e-14
 3.5235858555e+00  2.1522090338e+04  1.9404538369e+00  2  1.6800000000e+01  1.1699504564e-14
 1.9336228151e-03  2.1679148491e+04 -1.6013457797e-03  3  3.2200000000e+01  1.1784882078e-14
 7.6620239519e-01  2.4049750637e+04  2.2431145033e-01  0  8.7600000000e+00  1.3073552007e-14
-1.0104828562e+01  2.4708412650e+04 -3.9791746401e+00  0  8.7600000000e+00  1.3431603623e-14
-3.8185186492e-03  2.7791571143e+04  2.1570622815e-03  3  3.2200000000e+01  1.5107622370e-14
 2.3402633782e+02  2.7998506654e+04 -7.7162306985e+02  1  1.2100000000e+01  1.5220113439e-14
-1.8815239510e+00  3.0061432757e+04 -1.2052069818e-01  2  1.6800000000e+01  1.6341529295e-14
-4.7061621878e+00  3.1139615123e+04 -1.8801921310e+01  0  8.7600000000e+00  1.6927634051e-14
 1.5865747305e+01  3.1377139012e+04  4.9866123124e+01  0  8.7600000000e+00  1.7056753099e-14
 8.8891706237e+00  3.3748597184e+04  5.5039655747e+01  1  1.2100000000e+01  1.8345888368e-14
 2.1854675974e-01  3.9647901120e+04 -2.3948130259e+00  2  1.6800000000e+01  2.1552776372e-14
-7.2136316444e-01  4.0445029868e+04 -2.8066951708e+00  1  1.2100000000e+01  2.1986099124e-14
-2.4652372176e+00  4.0491876577e+04  6.8138969550e+00  2  1.6800000000e+01  2.2011565205e-14
-1.9897813733e+00  4.1205643927e+04 -8.2693147245e+00  0  8.7600000000e+00  2.2399572329e-14
-4.0898427049e+00  4.1772824905e+04 -6.8120576852e-01  1  1.2100000000e+01  2.2707894445e-14
-7.9061219466e+01  4.2316163096e+04 -4.7111802448e+01  0  8.7600000000e+00  2.3003255515e-14
-3.9205186882e+01  4.3654087702e+04  3.6636690575e+01  0  8.7600000000e+00  2.3730557315e-14
 2.5095045510e+00  4.4540329662e+04  2.1363482565e+01  2  1.6800000000e+01  2.4212322408e-14
 1.1300532418e+00  4.4791243371e+04 -1.4148026251e+00  0  8.7600000000e+00  2.4348720223e-14
 3.9391318431e+01  4.6448299353e+04  1.3015958919e+00  2  1.6800000000e+01  2.5249503265e-14
 6.9250100076e+00  4.6479520758e+04 -2.2326520779e+00  1  1.2100000000e+01  2.5266475361e-14
 4.8290918462e+01  4.7689956985e+04 -6.1703498104e+01  1  1.2100000000e+01  2.5924473907e-14
 3.0826223422e+01  4.9367536326e+04 -9.8621137371e+00  0  8.7600000000e+00  2.6836413540e-14
 3.7457645306e-03  5.0316897209e+04 -4.9355340190e-03  3  3.2200000000e+01  2.7352490362e-14
-1.5202572181e-03  5.0540949211e+04 -9.6306379696e-04  1  1.2100000000e+01  2.7474286033e-14
 2.6484754033e+00  5.0713826309e+04 -3.3227188552e+00  0  8.7600000000e+00  2.7568262796e-14
 1.0642051221e+01  5.3484302000e+04 -1.1021630706e+00  0  8.7600000000e+00  2.9074305773e-14
-7.6756339236e+01  5.9775973652e+04  1.6582267005e+02  1  1.2100000000e+01  3.2494486622e-14
 2.9209081445e+00  5.9855309138e+04  4.9758863998e+01  0  8.7600000000e+00  3.2537613747e-14
 1.5298876444e+00  6.1316335071e+04 -9.6329213953e-01  1  1.2100000000e+01  3.3331833978e-14
 3.7867644098e-03  6.5844550205e+04  4.1494348269e-03  2  1.6800000000e+01  3.5793391977e-14
 3.4178422664e+01  6.6917504144e+04  8.9407717888e-01  1  1.2100000000e+01  3.6376654537e-14
 8.1229236027e-01  6.8627057036e+04 -1.7509812749e+00  0  8.7600000000e+00  3.7305975135e-14
-6.2522695649e+00  6.9599660265e+04  5.1712298135e+00  1  1.2100000000e+01  3.7834686601e-14
 2.5214008194e+00  6.9821220382e+04  1.2992513174e+00  1  1.2100000000e+01  3.7955127671e-14
 1.5357970759e+01  7.1723684745e+04  2.4903021434e+00  2  1.6800000000e+01  3.8989315807e-14
 1.5253052729e+02  7.6044943442e+04 -3.6963302410e+01  0  8.7600000000e+00  4.1338371361e-14
-2.4393235273e+01  7.9002772638e+04 -2.9081771586e+01  2  1.6800000000e+01  4.2946260541e-14
-3.5877137419e+00  7.9883712885e+04  5.4144709850e+00  3  3.2200000000e+01  4.3425143599e-14
 4.2000554360e+00  8.1476647823e+04  7.3751815731e+00  0  8.7600000000e+00  4.4291070156e-14
 2.1894409448e+02  8.1870083018e+04  3.2265012027e+02  2  1.6800000000e+01  4.4504943287e-14
 1.1970595182e+01  8.2905273715e+04 -4.9757786443e-03  3  3.2200000000e+01  4.5067677580e-14
-1.2608367540e+02  8.3158530924e+04  6.0629184024e+01  0  8.7600000000e+00  4.5205349332e-14
-4.4886476148e-04  8.5262369384e+04 -4.0700462503e-03  3  3.2200000000e+01  4.6349005328e-14
 2.7734417071e+01  8.6797090212e+04 -1.3949936373e+01  0  8.7600000000e+00  4.7183286434e-14
-3.2580550350e-01  8.9128741952e+04  1.1917936562e+00  1  1.2100000000e+01  4.8450782748e-14
 4.4586786859e+00  9.0723665142e+04 -8.0672002666e-01  1  1.2100000000e+01  4.9317790127e-14
 1.8181920689e+00  9.3375240490e+04 -2.4563554297e+00  2  1.6800000000e+01  5.0759198345e-14
 4.6050763281e+02  9.5066328364e+04 -2.0581745571e+02  1  1.2100000000e+01  5.1678481277e-14
 4.7326716221e-03  9.7309277436e+04  2.0119520030e-03  3  3.2200000000e+01  5.2897758424e-14
 8.7134559083e-01  9.7749320481e+04 -7.7983454171e-01  2  1.6800000000e+01  5.3136967791e-14
 7.6698588756e+01  1.0061438060e+05 -7.3562162121e+01  1  1.2100000000e+01  5.4694427286e-14
 5.1251416253e+02  1.0182439443e+05 -5.9479210993e+01  1  1.2100000000e+01  5.5352196216e-14
 3.6281176197e+00  1.0252130640e+05  8.4254797203e+00  1  1.2100000000e+01  5.5731040678e-14
 3.6973256904e+01  1.0323360699e+05 -9.0968546075e+01  2  1.6800000000e+01  5.6118250466e-14
 3.6017799616e+00  1.0476132901e+05 -8.3165809529e+00  0  8.7600000000e+00  5.6948726988e-14
 7.8242347030e+00  1.0553339935e+05 -6.0244276169e+00  2  1.6800000000e+01  5.7368427877e-14
-5.0041026788e+00  1.0612993811e+05  2.4993433123e+00  1  1.2100000000e+01  5.7692709014e-14
-1.7357281649e+00  1.0667012192e+05 -4.8639208060e+00  0  8.7600000000e+00  5.7986355349e-14
-1.1077702981e+02  1.0829577814e+05  5.6727559849e+02  0  8.7600000000e+00  5.8870069343e-14
 1.9275902173e+01  1.0844128078e+05 -2.5601452650e+00  1  1.2100000000e+01  5.8949165229e-14
-2.1054895179e+01  1.0954395386e+05  1.2767944999e+02  2  1.6800000000e+01  5.9548583246e-14
 3.5470011741e+00  1.1039197134e+05 -4.6783035962e+00  1  1.2100000000e+01  6.0009569340e-14
 9.6951048704e+01  1.1200984021e+05 -1.9050947091e+02  0  8.7600000000e+00  6.0889050093e-14
-3.6890413627e+01  1.1455885368e+05 -2.5465944453e+01  2  1.6800000000e+01  6.2274705219e-14
-3.2383368595e+02  1.1831857810e+05  1.9088217048e+01  2  1.6800000000e+01  6.4318508228e-14
 3.2074791719e+02  1.1946944175e+05 -2.2726094679e+02  0  8.7600000000e+00  6.4944122858e-14
 3.9035488184e+01  1.2072167957e+05 -5.0353123228e+01  2  1.6800000000e+01  6.5624844932e-14
 1.3146661793e+01  1.2323715071e+05  2.2119503538e+01  2  1.6800000000e+01  6.6992266295e-14
 7.4351333929e+00  1.2548197367e+05 -1.2939764265e+01  0  8.7600000000e+00  6.8212562099e-14
 4.8773144883e-03  1.2655888634e+05  3.0246056374e-03  0  8.7600000000e+00  6.8797976641e-14
-1.0194431655e+02  1.2750827430e+05 -1.7513129064e+02  2  1.6800000000e+01  6.9314068184e-14
-1.8575209164e+00  1.3550162020e+05 -3.4077070643e+00  1  1.2100000000e+01  7.3659286766e-14
-1.7041416048e+00  1.3705013693e+05 -5.9392249524e-01  0  8.7600000000e+00  7.4501067383e-14
 2.8986075011e+01  1.3849494160e+05  1.1267284905e+01  0  8.7600000000e+00  7.5286469665e-14
 3.6643259574e+00  1.4035092194e+05  1.3653535828e+00  1  1.2100000000e+01  7.6295388878e-14
 3.2768619154e+01  1.4233389282e+05  6.6809883796e+01  2  1.6800000000e+01  7.7373340714e-14
 2.9391640193e+00  1.4256240384e+05 -1.9105323582e-01  0  8.7600000000e+00  7.7497560330e-14
 6.2051117320e+01  1.4284276980e+05  6.6277255909e+01  0  8.7600000000e+00  7.7649968517e-14
 2.1222057494e+01  1.4379437627e+05 -8.5346835128e+01  0  8.7600000000e+00  7.8167266052e-14
-3.5551472800e+00  1.4389121671e+05  5.6616287798e+00  1  1.2100000000e+01  7.8219908947e-14
 6.3237344743e+01  1.4503350276e+05  1.5800458706e+02  1  1.2100000000e+01  7.8840860753e-14
-4.7721515444e+00  1.4514593955e+05 -6.0778251422e+00  1  1.2100000000e+01  7.8901981898e-14
 4.2934469513e+00  1.4538017811e+05  5.6053812331e+00  0  8.7600000000e+00  7.9029315026e-14
-4.2708695566e+01  1.4563914178e+05 -1.9646427996e+01  0  8.7600000000e+00  7.9170088833e-14
 3.5790455400e+00  1.4754338094e+05  3.3645424916e+01  0  8.7600000000e+00  8.0205241760e-14
 4.5469482474e-03  1.5035473156e+05  5.5919368545e-04  2  1.6800000000e+01  8.1733504527e-14
-3.6458215234e+00  1.5135789612e+05 -1.1555244871e+01  1  1.2100000000e+01  8.2278829272e-14
 6.7227099217e-01  1.5309481510e+05  9.0660907753e-01  1  1.2100000000e+01  8.3223026198e-14
 4.5450131858e+01  1.5395046189e+05  6.1306839779e+01  0  8.7600000000e+00  8.3688159620e-14
-1.6317287165e-03  1.5550603399e+05 -4.4645380273e-03  1  1.2100000000e+01  8.4533775570e-14
 4.5093754537e-03  1.5852859544e+05 -9.2674969506e-04  0  8.7600000000e+00  8.6176853492e-14
-3.1575152956e+00  1.6134511974e+05 -3.1144895235e+00  1  1.2100000000e+01  8.7707928694e-14
 4.1178751547e-03  1.6205867988e+05 -8.7227578548e-04  1  1.2100000000e+01  8.8095823183e-14
 2.0410119152e+01  1.6220414956e+05 -9.5871410176e+01  2  1.6800000000e+01  8.8174901151e-14
 8.6000451080e+00  1.6408990300e+05  1.5553510851e+01  0  8.7600000000e+00  8.9200005151e-14
-3.3912662200e-04  1.6614984915e+05  2.9886410353e-04  3  3.2200000000e+01  9.0319801094e-14
 3.4785930256e+01  1.6676929326e+05 -3.0799210334e+01  1  1.2100000000e+01  9.0656533683e-14
 3.0089879818e-03  1.6841515678e+05  2.0610106211e-03  4  4.0000000000e+01  9.1551232450e-14
 9.9972592576e+00  1.7156932326e+05  2.4001983322e+01  0  8.7600000000e+00  9.3265851455e-14
-4.0975234132e+01  1.7234259500e+05  3.0797035799e+01  0  8.7600000000e+00  9.3686205436e-14
-5.9449199848e-04  1.7355785457e+05 -1.6270183896e-03  0  8.7600000000e+00  9.4346825972e-14
 9.3082121188e+01  1.7408106909e+05  2.5478775528e+02  0  8.7600000000e+00  9.4631247726e-14
-5.1306747402e-01  1.7707623443e+05 -3.3261991762e+00  2  1.6800000000e+01  9.6259432998e-14
 4.7019262610e-03  1.7834649550e+05 -4.7253305697e-03  2  1.6800000000e+01  9.6949952597e-14
-4.5281037857e-02  1.8514531813e+05  6.3956103167e-01  0  8.7600000000e+00  1.0064582299e-13
 7.5374595741e+00  1.8789925663e+05  1.5636833079e+01  1  1.2100000000e+01  1.0214287627e-13
 2.5255756567e+01  1.8802176982e+05 -1.8489735534e+01  1  1.2100000000e+01  1.0220947499e-13
-9.7616661538e+00  1.8926636236e+05  1.8204739129e+00  1  1.2100000000e+01  1.0288604106e-13
-1.0139344186e+02  1.9384936207e+05  8.5192419449e+01  1  1.2100000000e+01  1.0537738020e-13
 7.2002929402e+00  1.9430221672e+05 -1.5704823796e-01  1  1.2100000000e+01  1.0562355401e-13
-4.5051493236e+01  1.9479358514e+05  1.3440682078e+01  1  1.2100000000e+01  1.0589066409e-13
 1.2518875393e+01  1.9838071412e+05 -8.0413631727e+00  0  8.7600000000e+00  1.0784064344e-13
-5.4853816898e+01  2.0059592769e+05 -7.2205701417e+01  2  1.6800000000e+01  1.0904484345e-13
 1.3691158343e-03  2.0187867681e+05  7.2982701740e-04  1  1.2100000000e+01  1.0974215160e-13
-1.1711903310e+02  2.0548878586e+05 -8.9506975311e+01  2  1.6800000000e+01  1.1170462303e-13
-3.2409616209e+01  2.0776265835e+05 -9.7205657591e+01  2  1.6800000000e+01  1.1294071028e-13
 1.7498774982e+01  2.0952693831e+05  1.3917566460e+00  2  1.6800000000e+01  1.1389978076e-13
 7.9078857929e+00  2.0972948999e+05  7.3989710754e+01  2  1.6800000000e+01  1.1400988876e-13
 1.4639285828e+02  2.1120500095e+05  1.9993154662e+01  1  1.2100000000e+01  1.1481198312e-13
 3.0765246099e+00  2.1180865997e+05 -1.0681651652e+01  0  8.7600000000e+00  1.1514013486e-13
 1.4812077538e+00  2.1413539911e+05 -3.2278757776e+01  1  1.2100000000e+01  1.1640496067e-13
 2.9559087073e+01  2.1420321713e+05 -9.5330461964e+00  2  1.6800000000e+01  1.1644182684e-13
-9.8981125736e+01  2.1539245649e+05  1.2172969445e+02  2  1.6800000000e+01  1.1708830268e-13
 2.1771934025e+00  2.1718231451e+05 -1.5764771390e+00  0  8.7600000000e+00  1.1806127750e-13
-5.5664699323e+00  2.1914582974e+05 -8.5703892346e+00  2  1.6800000000e+01  1.1912865316e-13
-6.6989701536e+00  2.2290499108e+05 -3.4119027525e+01  0  8.7600000000e+00  1.2117215008e-13
-4.1944789609e+01  2.2402547138e+05  3.5324666926e+01  2  1.6800000000e+01  1.2178124818e-13
-3.7973185996e-03  2.2496543779e+05 -1.5337027733e-03  2  1.6800000000e+01  1.2229221813e-13
-2.0235709880e+00  2.2503783960e+05  6.8599878681e-01  1  1.2100000000e+01  1.2233157608e-13
 8.8025820561e-01  2.2550692734e+05 -3.1969852765e+01  0  8.7600000000e+00  1.2258657427e-13
 1.9599360780e+01  2.3484773451e+05 -1.6269352706e+01  1  1.2100000000e+01  1.2766427882e-13
-1.1887887077e+01  2.3608143238e+05 -1.0011747022e+01  1  1.2100000000e+01  1.2833492250e-13
 5.2588433039e+01  2.3656339600e+05 -1.3134725604e+01  0  8.7600000000e+00  1.2859692008e-13
 4.4318542364e+00  2.4033412809e+05  1.1119475709e+01  0  8.7600000000e+00  1.3064670691e-13
-2.1921742453e+00  2.4269278462e+05  2.0828100748e-01  1  1.2100000000e+01  1.3192888315e-13
 1.7522470589e+00  2.4309005160e+05  4.6954450188e+00  1  1.2100000000e+01  1.3214483925e-13
-1.7163189552e+01  2.4327605713e+05  1.4748784997e+01  0  8.7600000000e+00  1.3224595269e-13
 1.4615496245e+00  2.4358555542e+05 -1.7491447841e+00  2  1.6800000000e+01  1.3241419735e-13
 5.5393468143e+00  2.4411735579e+05 -1.0063513743e+01  1  1.2100000000e+01  1.3270328641e-13
 3.0574893058e-03  2.4618154635e+05 -2.7772380681e-03  0  8.7600000000e+00  1.3382538963e-13
 1.1583227194e+00  2.4654561112e+05  1.7407589624e+00  0  8.7600000000e+00  1.3402329686e-13
-2.2481673874e+02  2.4897383314e+05 -1.6087293650e+01  0  8.7600000000e+00  1.3534328921e-13
 4.3231072813e+00  2.5162527216e+05 -2.6167009893e+00  3  3.2200000000e+01  1.3678462333e-13
-3.3476653588e+00  2.5443953560e+05  1.8010715189e+00  0  8.7600000000e+00  1.3831446952e-13
-1.6321291506e+01  2.5540291188e+05 -2.6217551193e+00  1  1.2100000000e+01  1.3883816517e-13
-8.6271919392e+01  2.5864832736e+05  1.7490732114e+01  0  8.7600000000e+00  1.4060238754e-13
 7.9098447178e+00  2.5992815174e+05  1.0566384141e+01  1  1.2100000000e+01  1.4129810580e-13
 7.4119486495e+01  2.6006815600e+05 -1.2780074031e+01  0  8.7600000000e+00  1.4137421274e-13
 1.7477711949e+02  2.6076686701e+05 -4.8868843444e+01  0  8.7600000000e+00  1.4175403517e-13
 2.6437571870e+01  2.6547650969e+05  4.7575331076e+01  0  8.7600000000e+00  1.4431421799e-13
 2.2316752006e+00  2.6625073458e+05 -3.5193337621e+02  2  1.6800000000e+01  1.4473509011e-13
 1.1138856457e+02  2.7270732480e+05 -4.3337221322e+02  0  8.7600000000e+00  1.4824492143e-13
-1.8738237073e+01  2.7373619421e+05  1.7946694493e+02  0  8.7600000000e+00  1.4880421944e-13
-1.0186728505e+01  2.7631396496e+05 -8.7096628134e+00  0  8.7600000000e+00  1.5020550715e-13
-5.2757188213e+01  2.7920578569e+05  8.6699795527e+01  0  8.7600000000e+00  1.5177751383e-13
 3.8772090019e+00  2.7932414477e+05  4.8854815168e+00  0  8.7600000000e+00  1.5184185436e-13
 6.0702978473e+00  2.7942587769e+05  1.2340140032e+01  2  1.6800000000e+01  1.5189715683e-13
-1.3757755354e+00  2.8563855097e+05 -1.1377335832e+00  1  1.2100000000e+01  1.5527439381e-13
-2.5487431393e+01  2.8585368570e+05  1.5143251689e+00  1  1.2100000000e+01  1.5539134201e-13
 9.9307756546e+00  2.8763456267e+05  4.7174246213e+00  0  8.7600000000e+00  1.5635943469e-13
 2.9597899960e-03  2.8975351387e+05 -4.8095369478e-03  0  8.7600000000e+00  1.5751130605e-13
-3.2593794212e+01  2.9154903661e+05 -5.4564986089e+01  0  8.7600000000e+00  1.5848736023e-13
-9.2841832863e-01  2.9164666094e+05 -2.1993300540e+00  1  1.2100000000e+01  1.5854042926e-13
-3.8874813397e-03  2.9204058596e+05  3.1011238453e-03  0  8.7600000000e+00  1.5875456866e-13
-2.0122790805e+02  2.9214154072e+05 -1.2236781373e+02  1  1.2100000000e+01  1.5880944812e-13
 1.3882422915e+01  2.9270425238e+05 -6.1147787553e+01  2  1.6800000000e+01  1.5911534069e-13
 9.0550570682e+00  2.9281406511e+05 -1.2015608465e+01  0  8.7600000000e+00  1.5917503539e-13
-2.0272424100e+00  2.9865955224e+05 -2.2732117837e-01  2  1.6800000000e+01  1.6235266833e-13
-4.1916427522e-01  3.0094340703e+05  1.0143777560e+00  1  1.2100000000e+01  1.6359418202e-13
 5.8846714701e-04  3.1091569013e+05  3.6733979144e-04  3  3.2200000000e+01  1.6901515971e-13
-1.4652321684e+01  3.1149043569e+05 -5.0906728742e+01  1  1.2100000000e+01  1.6932759396e-13
 9.1356122988e+00  3.1337056012e+05 -1.0989070578e+00  2  1.6800000000e+01  1.7034963801e-13
-1.2878765555e+01  3.1432068973e+05 -3.6496584962e+01  0  8.7600000000e+00  1.7086613272e-13
-7.6930647327e+01  3.1435303673e+05 -1.1514043072e+02  0  8.7600000000e+00  1.7088371669e-13
 2.1699332106e+00  3.1435395169e+05  2.6152686001e+00  3  3.2200000000e+01  1.7088421407e-13
-1.5377212404e+01  3.1584446858e+05 -9.5129111461e+00  0  8.7600000000e+00  1.7169446571e-13
 6.5160631671e+00  3.1591233861e+05  1.5651273923e+00  0  8.7600000000e+00  1.7173136017e-13
-2.2456606397e+01  3.1742949495e+05  5.5054123736e+01  0  8.7600000000e+00  1.7255609314e-13
-1.4770884579e+01  3.1819563130e+05 -3.8583959910e+01  0  8.7600000000e+00  1.7297256828e-13
-6.0460081072e+00  3.2234066605e+05 -7.2751872197e+00  0  8.7600000000e+00  1.7522582772e-13
-2.0032796320e+02  3.2253682208e+05  1.8132727704e+02  0  8.7600000000e+00  1.7533245901e-13
 5.6133962204e+00  3.2408537166e+05 -3.4301566770e+00  0  8.7600000000e+00  1.7617425749e-13
 1.0149178035e+01  3.2515776685e+05  2.0917786954e+01  0  8.7600000000e+00  1.7675721631e-13
 1.2372039419e+01  3.2522752629e+05 -8.1341796453e+01  0  8.7600000000e+00  1.7679513785e-13
-7.8789112777e+00  3.2851163375e+05 -7.6396725025e+00  0  8.7600000000e+00  1.7858039336e-13
-9.1414221304e+00  3.2914388345e+05 -3.4147563822e+00  0  8.7600000000e+00  1.7892408712e-13
 1.6201567570e+01  3.2963683613e+05 -8.0118377392e+01  3  3.2200000000e+01  1.7919205840e-13
-5.7168852149e+00  3.3102775584e+05  3.4053572670e+00  0  8.7600000000e+00  1.7994816857e-13
 6.0243599873e+01  3.3470035640e+05 -1.1403812544e+01  2  1.6800000000e+01  1.8194461066e-13
-1.4244351957e+00  3.3579709551e+05  9.3269670015e-01  0  8.7600000000e+00  1.8254080295e-13
 6.8345570647e+01  3.3960586674e+05  2.2692361479e+02  0  8.7600000000e+00  1.8461126803e-13
-2.1117192749e+00  3.4378836153e+05  6.0099333008e+00  0  8.7600000000e+00  1.8688489090e-13
-1.6264450430e+01  3.4573494957e+05 -5.4731933170e+01  2  1.6800000000e+01  1.8794306487e-13
 1.2525274385e+01  3.4599338513e+05 -1.1477198209e+02  2  1.6800000000e+01  1.8808355159e-13
 1.0472459435e-01  3.4755706088e+05  5.2954688402e+00  1  1.2100000000e+01  1.8893357272e-13
-2.4224092607e-01  3.4877798119e+05 -1.3495775215e+00  1  1.2100000000e+01  1.8959727046e-13
 2.9609885280e+00  3.4981029797e+05  4.6543833230e+00  1  1.2100000000e+01  1.9015844248e-13
-4.7221126586e+01  3.5096806286e+05  1.6357001569e+01  2  1.6800000000e+01  1.9078780866e-13
-9.6982809224e+00  3.5137040323e+05  8.3485953505e-01  0  8.7600000000e+00  1.9100652268e-13
 5.5240065570e+01  3.5146079055e+05 -1.9440843326e+01  0  8.7600000000e+00  1.9105565763e-13
 3.8798746555e-03  3.5341134747e+05 -9.4666576290e-04  3  3.2200000000e+01  1.9211598910e-13
-7.5744702235e+02  3.5429245324e+05  1.7422629161e+02  2  1.6800000000e+01  1.9259496213e-13
-1.9660065774e+01  3.5467738221e+05 -3.0824603516e+01  0  8.7600000000e+00  1.9280421124e-13
 1.0336862045e+00  3.5552317085e+05  1.5996369536e+00  0  8.7600000000e+00  1.9326398573e-13
-5.2878876450e+02  3.5671694600e+05 -5.4759935737e+02  1  1.2100000000e+01  1.9391292724e-13
 1.5129827573e-03  3.5699626180e+05  4.3631932502e-01  2  1.6800000000e+01  1.9406476456e-13
 3.4412760097e+00  3.5868842469e+05  1.7412831674e+00  2  1.6800000000e+01  1.9498463187e-13
 1.0721884537e+02  3.6153777532e+05 -2.6905343323e+01  1  1.2100000000e+01  1.9653355162e-13
 6.6084135084e+00  3.6583997133e+05 -1.1963826650e+01  0  8.7600000000e+00  1.9887224461e-13
 2.8382490075e+00  3.6597566992e+05  2.2569623571e+00  2  1.6800000000e+01  1.9894601097e-13
-6.1147704050e-04  3.6652539325e+05  2.9053802359e-03  2  1.6800000000e+01  1.9924484303e-13
 1.3879267603e+00  3.6764853513e+05  3.5982377618e-01  0  8.7600000000e+00  1.9985538798e-13
-2.0340960824e+01  3.7055575585e+05  1.6478001720e+02  0  8.7600000000e+00  2.0143576617e-13
-6.9052074962e+00  3.7224109084e+05 -3.0309588104e+01  0  8.7600000000e+00  2.0235192181e-13
-2.0114499948e+01  3.7644053499e+05 -1.6489722780e+02  0  8.7600000000e+00  2.0463475843e-13
 7.2464825144e-01  3.7870784252e+05  2.7846640998e+00  0  8.7600000000e+00  2.0586727694e-13
 1.0990853690e+00  3.8387434344e+05 -4.8911743479e+00  1  1.2100000000e+01  2.0867580995e-13
 7.2562545805e-04  3.8562499974e+05 -4.4129266261e-03  0  8.7600000000e+00  2.0962747454e-13
 8.1103939565e+00  3.8713755166e+05 -3.2797336887e+01  3  3.2200000000e+01  2.1044970453e-13
 2.7979252758e+01  3.8780494214e+05  9.0856379803e+01  0  8.7600000000e+00  2.1081250098e-13
 4.7405757154e+02  3.9016403504e+05  3.2485839942e+02  1  1.2100000000e+01  2.1209491443e-13
 9.8907389940e+00  3.9199583716e+05 -1.1118523442e+01  2  1.6800000000e+01  2.1309069026e-13
 1.4275222488e+00  3.9309505217e+05 -2.5891951364e-01  2  1.6800000000e+01  2.1368822845e-13
 6.2037772399e+00  3.9713847028e+05 -1.3758034337e+01  1  1.2100000000e+01  2.1588624862e-13
-8.9985392849e-01  3.9719435686e+05 -1.1028063967e+00  0  8.7600000000e+00  2.1591662882e-13
 4.4651972787e+01  3.9726501160e+05 -3.3054772284e+01  2  1.6800000000e+01  2.1595503705e-13
-3.0782730752e+01  3.9968418485e+05 -6.7836231416e+01  0  8.7600000000e+00  2.1727011045e-13
 1.9421948292e-03  4.0033871856e+05  2.4684944039e-03  1  1.2100000000e+01  2.1762591790e-13
 1.3405627805e+02  4.0095214131e+05  2.0750988600e+02  1  1.2100000000e+01  2.1795937725e-13
-3.0624579563e+00  4.0162683801e+05 -3.9037622048e-01  0  8.7600000000e+00  2.1832614539e-13
 8.5326262675e+00  4.0335963313e+05 -8.7573215582e+00  3  3.2200000000e+01  2.1926810057e-13
-2.0049555685e+01  4.0517633448e+05 -1.0368527037e+01  2  1.6800000000e+01  2.2025566755e-13
-9.9593939548e+00  4.0662708095e+05  1.0465622277e+01  1  1.2100000000e+01  2.2104429982e-13
 3.7438457279e+01  4.0752808627e+05  1.8081249903e+01  1  1.2100000000e+01  2.2153409034e-13
-2.1357845256e+02  4.0801922040e+05 -7.7780894985e+01  1  1.2100000000e+01  2.2180107305e-13
 4.4453571449e+00  4.0891666517e+05 -3.7439736869e+00  0  8.7600000000e+00  2.2228892804e-13
 1.2067544269e+00  4.1357709092e+05 -4.4703334735e+00  2  1.6800000000e+01  2.2482235632e-13
 5.4974411547e+01  4.1591444945e+05  2.5336239684e+01  2  1.6800000000e+01  2.2609295487e-13
-8.4341961445e+01  4.1875104404e+05 -1.4637166900e+02  0  8.7600000000e+00  2.2763494038e-13
-7.4700613574e+00  4.1928815620e+05  1.3623777851e+00  1  1.2100000000e+01  2.2792691695e-13
 8.0876448422e+00  4.2307627142e+05 -3.5490080788e+01  0  8.7600000000e+00  2.2998615333e-13
-2.0145543278e-03  4.2332656792e+05  1.3854122238e-03  1  1.2100000000e+01  2.3012221563e-13
 4.6232456852e-03  4.2458578511e+05  2.8902309192e-03  1  1.2100000000e+01  2.3080673172e-13
 2.3477073575e+02  4.2486814271e+05 -4.6758561833e+02  0  8.7600000000e+00  2.3096022257e-13
-3.9312351173e+01  4.2540229776e+05  3.1090925381e+02  0  8.7600000000e+00  2.3125059165e-13
-3.3767786384e+00  4.2561188009e+05 -3.5949073052e+00  2  1.6800000000e+01  2.3136452154e-13
 3.0075234404e+00  4.2625028217e+05  1.4320361464e+00  0  8.7600000000e+00  2.3171155977e-13
 6.2173517847e+00  4.2653792397e+05  7.7402390573e+00  3  3.2200000000e+01  2.3186792314e-13
-3.8889412856e-03  4.3094586626e+05 -1.4361873206e-03  4  4.0000000000e+01  2.3426410028e-13
-9.7296272452e+00  4.3568236071e+05  2.0155777057e+01  3  3.2200000000e+01  2.3683887984e-13
 1.1552727892e+00  4.3658089164e+05  6.2122471316e+00  0  8.7600000000e+00  2.3732732527e-13
 3.9412046569e+01  4.3790628970e+05 -2.9186344475e+01  1  1.2100000000e+01  2.3804781759e-13
 4.0984909342e+00  4.3831567264e+05  5.3244765852e+00  0  8.7600000000e+00  2.3827035999e-13
 5.6159750628e+00  4.3985202777e+05 -1.0653774924e+00  2  1.6800000000e+01  2.3910552951e-13
-1.8992189619e+00  4.4093579839e+05  3.9163450022e+00  0  8.7600000000e+00  2.3969467207e-13
 1.6876846356e+00  4.4435264265e+05 -1.6135325159e+00  1  1.2100000000e+01  2.4155208388e-13
-2.1219680164e+01  4.4498968860e+05  6.3702123984e+00  0  8.7600000000e+00  2.4189838491e-13
 1.5762977208e+01  4.4520734230e+05 -1.5195283494e+01  0  8.7600000000e+00  2.4201670243e-13
-4.6581900515e+00  4.4573896215e+05  6.1236434716e+00  0  8.7600000000e+00  2.4230569337e-13
-5.4745833430e+00  4.4587384487e+05 -2.7015917527e+00  2  1.6800000000e+01  2.4237901622e-13
 8.6203900671e+00  4.4684321191e+05 -2.1263249800e+01  0  8.7600000000e+00  2.4290596848e-13
-3.4000466475e+00  4.4868709459e+05 -2.0425424917e+00  0  8.7600000000e+00  2.4390831135e-13
 5.4778351030e+00  4.4901954376e+05  7.1719104229e+00  1  1.2100000000e+01  2.4408903220e-13
 5.8019233344e+00  4.5793080796e+05  2.3874570269e+01  0  8.7600000000e+00  2.4893323528e-13
-1.5409047806e+01  4.6274367197e+05  1.6104140929e+01  0  8.7600000000e+00  2.5154952967e-13
-1.3623751138e+01  4.6298587581e+05  4.2481387146e-01  0  8.7600000000e+00  2.5168119277e-13
-1.2439279051e+02  4.6321389544e+05  2.0720720108e+01  0  8.7600000000e+00  2.5180514526e-13
-1.8243432108e+01  4.6495464170e+05  1.0232526699e+01  1  1.2100000000e+01  2.5275142271e-13
-7.6742470791e-01  4.6718105933e+05 -1.2305224531e+00  1  1.2100000000e+01  2.5396171329e-13
 1.9997028108e-03  4.6834830340e+05 -9.9485929869e-04  3  3.2200000000e+01  2.5459623239e-13
-3.8022886437e+01  4.6853705431e+05 -3.2235322986e+02  0  8.7600000000e+00  2.5469883823e-13
 5.7470783838e+01  4.7353866772e+05  3.6907292896e+02  1  1.2100000000e+01  2.5741773764e-13
-2.1056518402e+00  4.7556775524e+05  2.4090464526e-01  0  8.7600000000e+00  2.5852075869e-13
 3.3466098216e+01  4.7663559352e+05 -1.6004989366e+01  0  8.7600000000e+00  2.5910124036e-13
-1.6757967707e+00  4.7813290350e+05  1.6171020211e+00  0  8.7600000000e+00  2.5991518476e-13
 4.5924530040e+01  4.8271314002e+05  7.6480505213e+00  0  8.7600000000e+00  2.6240502182e-13
-7.3988895587e+00  4.8287387987e+05  9.2852295136e-01  2  1.6800000000e+01  2.6249240072e-13
 2.3505608107e+01  4.8301304678e+05  8.4288699472e+00  0  8.7600000000e+00  2.6256805248e-13
 5.2401479895e+00  4.8302971441e+05  3.8252826780e+00  1  1.2100000000e+01  2.6257711308e-13
 1.0473866085e+01  4.8413780166e+05 -8.1524464171e+00  0  8.7600000000e+00  2.6317947426e-13
-6.0023306198e-04  4.8582390399e+05  1.8829272300e-03  0  8.7600000000e+00  2.6409604703e-13
 4.0901304130e+01  4.8678402807e+05 -3.1628800235e+02  0  8.7600000000e+00  2.6461797477e-13
-3.6420447326e-03  4.9022433464e+05 -1.8458215831e-03  2  1.6800000000e+01  2.6648814081e-13
 2.0387656888e+01  4.9171084580e+05  1.3436018204e+01  2  1.6800000000e+01  2.6729621492e-13
-2.3311298992e+00  4.9184752331e+05  1.6217710222e+00  3  3.2200000000e+01  2.6737051343e-13
 5.5694744717e+00  4.9589646560e+05 -2.9221360639e+00  0  8.7600000000e+00  2.6957153657e-13
-3.8955328887e+00  4.9600025708e+05 -1.8162817215e+02  2  1.6800000000e+01  2.6962795808e-13
-2.3269833868e+02  4.9861602698e+05  1.6408475935e+02  0  8.7600000000e+00  2.7104990229e-13
-1.7799014078e+00  4.9876025162e+05 -4.1090230965e+01  1  1.2100000000e+01  2.7112830346e-13
-2.8768571405e+01  4.9896399654e+05 -5.0953909485e+01  0  8.7600000000e+00  2.7123906011e-13
-7.7128236482e-01  4.9990718931e+05 -4.2907400852e-02  2  1.6800000000e+01  2.7175178391e-13
 5.2361987327e+00  5.0133212659e+05  4.5777677165e+00  3  3.2200000000e+01  2.7252638619e-13
-3.2979971653e+00  5.0417776182e+05  4.8639233278e-01  0  8.7600000000e+00  2.7407328623e-13
 9.7445451756e+01  5.0921049960e+05  1.4554685194e+01  0  8.7600000000e+00  2.7680910500e-13
-1.0262675283e+02  5.1018947528e+05 -8.8370201816e+01  0  8.7600000000e+00  2.7734128055e-13
-5.6146120323e-01  5.1061334546e+05 -2.7234216315e+00  0  8.7600000000e+00  2.7757169828e-13
-2.9983601973e+01  5.1255356829e+05 -1.6692318958e+01  1  1.2100000000e+01  2.7862641209e-13
-1.4158522340e+00  5.1534081462e+05  5.4629021764e-01  0  8.7600000000e+00  2.8014157166e-13
-2.7233472642e-03  5.1610429048e+05 -1.2974696310e-03  3  3.2200000000e+01  2.8055660055e-13
-9.0286013128e+00  5.1763094699e+05  2.3787244982e+01  2  1.6800000000e+01  2.8138649786e-13
 5.9646746795e-01  5.1900490106e+05  1.8579594580e+00  0  8.7600000000e+00  2.8213338544e-13
 3.4279121870e-03  5.2056020132e+05  2.9201274216e-03  1  1.2100000000e+01  2.8297885361e-13
 3.4492068034e+00  5.2072473402e+05  1.9008135378e+00  1  1.2100000000e+01  2.8306829432e-13
-3.1828721034e+02  5.2296189236e+05 -4.9491637835e+02  2  1.6800000000e+01  2.8428442360e-13
-1.4184254997e-03  5.2395821904e+05  5.2262727428e-04  3  3.2200000000e+01  2.8482603124e-13
-9.0794541663e+01  5.2427616617e+05 -4.0687986585e+01  1  1.2100000000e+01  2.8499886872e-13
-2.2126965693e+01  5.2488361022e+05  5.7440241213e+01  0  8.7600000000e+00  2.8532907803e-13
 1.8873281163e+02  5.2548765249e+05 -4.8798117860e+01  0  8.7600000000e+00  2.8565743810e-13
-5.5747442518e+01  5.2891322243e+05 -2.6713676627e+01  1  1.2100000000e+01  2.8751959324e-13
-5.2786590542e+00  5.3042620454e+05 -3.7933410118e+00  0  8.7600000000e+00  2.8834205709e-13
 1.9110323920e+02  5.3055229596e+05  3.6667212672e+01  1  1.2100000000e+01  2.8841060094e-13
 3.7965988828e-03  5.3080511512e+05 -5.6257702669e-04  2  1.6800000000e+01  2.8854803457e-13
-9.0803264650e+00  5.3213043999e+05  1.1091357857e+01  3  3.2200000000e+01  2.8926848710e-13
-5.1121378854e+00  5.3360957423e+05  3.1015481358e+00  1  1.2100000000e+01  2.9007255109e-13
 6.1313798091e+00  5.3666481736e+05 -1.0691632948e+00  1  1.2100000000e+01  2.9173339492e-13
 4.7679123794e-03  5.3750162471e+05  4.3033598686e-03  2  1.6800000000e+01  2.9218828713e-13
 7.8471643330e+02  5.3804812508e+05 -8.5018054114e+02  0  8.7600000000e+00  2.9248536718e-13
-1.4090952828e+02  5.3838143199e+05  1.3210340342e+02  0  8.7600000000e+00  2.9266655431e-13
 1.3105271639e+01  5.4206786524e+05 -9.3449877024e+00  0  8.7600000000e+00  2.9467051591e-13
-6.1009828755e+00  5.4277373893e+05  1.6858469821e+00  2  1.6800000000e+01  2.9505423200e-13
-4.1952189525e+01  5.4328277620e+05 -4.2832160074e+01  0  8.7600000000e+00  2.9533094694e-13
 8.2798862808e+00  5.4439158330e+05  1.9311308380e+01  0  8.7600000000e+00  2.9593369944e-13
-3.4306882408e-03  5.4449886819e+05  4.2273744728e-04  2  1.6800000000e+01  2.9599201998e-13
 1.5294694789e+01  5.4740828895e+05 -8.2959205702e+00  0  8.7600000000e+00  2.9757359412e-13
 1.1007932573e+01  5.4765215331e+05  1.3490487488e+02  0  8.7600000000e+00  2.9770615988e-13
 2.8177140710e+00  5.4831047579e+05 -6.0924669688e+00  2  1.6800000000e+01  2.9806402692e-13
-1.6008310392e+01  5.4923498817e+05  7.1342117240e+00  1  1.2100000000e+01  2.9856659599e-13
 1.9265826615e+01  5.5040735750e+05  2.0042651353e+01  1  1.2100000000e+01  2.9920390120e-13
-5.9239410813e+00  5.5086155465e+05 -2.9490303954e-01  2  1.6800000000e+01  2.9945080480e-13
 4.8209410727e+02  5.5104140240e+05  8.0370455023e+02  0  8.7600000000e+00  2.9954857084e-13
 5.5945230815e+01  5.5258512944e+05 -1.1795102076e+02  0  8.7600000000e+00  3.0038774777e-13
 6.0838841016e+01  5.5459158156e+05 -3.9828413869e+01  3  3.2200000000e+01  3.0147846411e-13
 4.9482763698e-03  5.5532808003e+05 -4.3190526307e-03  3  3.2200000000e+01  3.0187882798e-13
-3.1756448341e-04  5.5757730124e+05  2.6937272575e-03  3  3.2200000000e+01  3.0310151468e-13
-3.0218881932e-01  5.5969509845e+05 -1.8321088172e+00  0  8.7600000000e+00  3.0425275872e-13
 1.5435791898e+01  5.5996701050e+05 -4.1304082284e+00  2  1.6800000000e+01  3.0440057133e-13
-1.0660550862e+01  5.6047373815e+05 -4.4138793959e+00  2  1.6800000000e+01  3.0467603074e-13
 3.4740171202e-03  5.6207977294e+05 -2.1942610141e-03  0  8.7600000000e+00  3.0554907844e-13
 2.5887296926e+01  5.6221100703e+05  3.0129802115e+00  0  8.7600000000e+00  3.0562041788e-13
 7.9754473632e+00  5.6433042779e+05 -1.6480686720e+01  3  3.2200000000e+01  3.0677254448e-13
-3.7307583291e+00  5.6468997255e+05 -6.1644622472e-01  3  3.2200000000e+01  3.0696799462e-13
-3.0221969703e+02  5.7390865822e+05 -3.1897654407e+02  1  1.2100000000e+01  3.1197931338e-13
-6.1654903304e+00  5.7539260131e+05 -1.0498002766e+00  1  1.2100000000e+01  3.1278599148e-13
 1.8557504332e+01  5.7554648377e+05  4.0112297208e+01  1  1.2100000000e+01  3.1286964268e-13
-1.0875205912e+01  5.7759360641e+05 -9.0012272516e+00  0  8.7600000000e+00  3.1398246770e-13
-7.1429702009e+01  5.7985820605e+05  4.4882074160e+01  1  1.2100000000e+01  3.1521351419e-13
-6.2011149916e+00  5.8102202331e+05  5.9130694274e+01  3  3.2200000000e+01  3.1584617046e-13
-2.1762026386e+00  5.8192571175e+05  1.3151800736e+01  1  1.2100000000e+01  3.1633741953e-13
 7.0416276747e+01  5.8252174431e+05  3.1110996100e+01  1  1.2100000000e+01  3.1666142550e-13
 8.6778335903e+01  5.8281110344e+05 -8.3933486591e+01  2  1.6800000000e+01  3.1681872242e-13
-2.6800643409e+00  5.8296676145e+05 -5.3496584009e-01  0  8.7600000000e+00  3.1690333881e-13
 3.5503846035e+02  5.8379913104e+05 -5.8654591170e+00  0  8.7600000000e+00  3.1735581864e-13
 9.5577840106e+00  5.8411197719e+05 -8.8088059646e+00  0  8.7600000000e+00  3.1752588320e-13
-4.6125240927e+01  5.8723619117e+05 -1.2916903393e+02  2  1.6800000000e+01  3.1922421990e-13
-5.2993183644e+00  5.8757121518e+05 -2.3429461523e+01  2  1.6800000000e+01  3.1940634045e-13
-5.3416709286e+00  5.9162327799e+05  2.7853656890e+01  3  3.2200000000e+01  3.2160905992e-13
 1.0551362513e-03  5.9398771401e+05  3.6749754141e-03  2  1.6800000000e+01  3.2289437791e-13
-4.6882144919e-03  5.9496063339e+05 -4.8209654912e-03  2  1.6800000000e+01  3.2342326124e-13
 4.0329902102e-03  5.9744339056e+05  2.4664634920e-03  2  1.6800000000e+01  3.2477289914e-13
-1.0632427113e+02  6.0318775522e+05  1.2222409464e+02  1  1.2100000000e+01  3.2789556146e-13
-3.0422759909e+00  6.0379470495e+05  1.6465449642e+01  0  8.7600000000e+00  3.2822550204e-13
 3.3951700798e+01  6.0390319578e+05  6.0791152832e+01  0  8.7600000000e+00  3.2828447815e-13
-2.2568168259e+00  6.0494319143e+05 -6.6732434106e-01  0  8.7600000000e+00  3.2884982443e-13
-3.2882968160e-01  6.0521063638e+05 -1.8584924481e-01  2  1.6800000000e+01  3.2899520870e-13
 1.4534449152e+01  6.0801380082e+05 -6.2752156558e+00  2  1.6800000000e+01  3.3051902143e-13
 8.0743851953e-01  6.0954993430e+05 -4.3342829620e+01  2  1.6800000000e+01  3.3135407046e-13
 1.6329562463e+01  6.1053756063e+05 -1.0021951030e+00  1  1.2100000000e+01  3.3189094855e-13
 3.4878151886e+01  6.1100401983e+05 -4.2322604139e+01  1  1.2100000000e+01  3.3214451786e-13
 6.5485462724e+00  6.1157196262e+05  1.7496892374e+01  0  8.7600000000e+00  3.3245325410e-13
 3.8292908990e+01  6.1231119391e+05 -1.1609695297e+02  1  1.2100000000e+01  3.3285510354e-13
 2.0616837574e+01  6.1511620000e+05  2.7387718866e+01  2  1.6800000000e+01  3.3437991739e-13
 4.1817224403e+01  6.1734836951e+05 -5.6723249060e+01  2  1.6800000000e+01  3.3559333472e-13
 3.8519101026e-03  6.1935918967e+05 -9.4690597427e-04  1  1.2100000000e+01  3.3668642555e-13
 1.1152607045e+01  6.2713798756e+05 -8.1238878552e-01  1  1.2100000000e+01  3.4091501487e-13
-3.4442760602e+01  6.2742782804e+05 -4.5992931846e+01  0  8.7600000000e+00  3.4107257346e-13
 1.7880015927e+00  6.2942468075e+05  1.0126657582e-01  0  8.7600000000e+00  3.4215807152e-13
-2.9549413060e+02  6.3245379637e+05  4.0712654422e+02  1  1.2100000000e+01  3.4380471232e-13
 1.1414213146e+02  6.3274339618e+05  1.6943268586e+02  1  1.2100000000e+01  3.4396214007e-13
-4.6487096230e-03  6.3382131379e+05 -8.6263341637e-04  2  1.6800000000e+01  3.4454810090e-13
 2.4275881849e+01  6.3428942352e+05 -1.1507262801e+01  0  8.7600000000e+00  3.4480256744e-13
-2.1205171827e+01  6.3804275239e+05  1.3170586201e+01  3  3.2200000000e+01  3.4684289381e-13
-5.8007282486e-01  6.3831591322e+05  2.3222241877e-01  0  8.7600000000e+00  3.4699138526e-13
-3.2896555230e+02  6.3848178023e+05  4.0537000103e+01  0  8.7600000000e+00  3.4708155130e-13
 1.7201711502e-03  6.4025419748e+05  9.1652066257e-04  1  1.2100000000e+01  3.4804504525e-13
 3.7270882292e+00  6.4184684970e+05 -8.7116096893e+00  0  8.7600000000e+00  3.4891081812e-13
 6.9061044627e+00  6.4269922864e+05 -7.3589552223e+00  2  1.6800000000e+01  3.4937417512e-13
-2.5338999377e+01  6.4379975718e+05 -5.4372306883e+01  1  1.2100000000e+01  3.4997242736e-13
-4.4135001644e+00  6.4407807480e+05 -1.3958819504e+01  0  8.7600000000e+00  3.5012372206e-13
-1.9784127316e-01  6.4497784697e+05  3.1928963958e-01  0  8.7600000000e+00  3.5061284224e-13
 2.0703625169e+02  6.4627095561e+05 -9.0540674177e+01  2  1.6800000000e+01  3.5131578188e-13
 4.3852485416e+00  6.4636504646e+05  2.0396502212e+01  2  1.6800000000e+01  3.5136693009e-13
 5.5044615238e+00  6.4790169712e+05  6.5947346653e+01  1  1.2100000000e+01  3.5220226026e-13
 1.4236240538e+01  6.4896580267e+05  5.4990735801e+01  0  8.7600000000e+00  3.5278071279e-13
-3.5075011161e+01  6.4954523773e+05 -7.5433194640e+01  2  1.6800000000e+01  3.5309569628e-13
 9.1353651845e-01  6.4994646977e+05  1.7394631291e+00  0  8.7600000000e+00  3.5331380781e-13
-1.9479338149e+01  6.5408343069e+05  1.6607215418e+01  2  1.6800000000e+01  3.5556267827e-13
 2.9247740357e+00  6.5602809825e+05  1.4195120473e+01  0  8.7600000000e+00  3.5661980825e-13
-2.5698469739e+01  6.5744053097e+05 -1.6166102648e+01  0  8.7600000000e+00  3.5738761300e-13
 1.0637069423e+01  6.5901367028e+05  1.0255712547e+02  2  1.6800000000e+01  3.5824277856e-13
 1.7683288667e+01  6.6005188510e+05  2.7485044595e+01  1  1.2100000000e+01  3.5880715678e-13
 1.4908269359e+01  6.6049610920e+05  3.2067717066e+01  0  8.7600000000e+00  3.5904863899e-13
-6.0597301513e+00  6.6263545573e+05  4.4202546626e+00  0  8.7600000000e+00  3.6021159733e-13
 3.9627757617e-03  6.6300245184e+05  2.3722270585e-03  3  3.2200000000e+01  3.6041109806e-13
-3.5726266274e+00  6.6382441107e+05 -8.6038274700e-02  0  8.7600000000e+00  3.6085791877e-13
 6.3020521545e+00  6.7212084839e+05  2.1938230213e+00  0  8.7600000000e+00  3.6536789921e-13
-4.3028301309e+01  6.7310232779e+05  1.6410867708e+01  0  8.7600000000e+00  3.6590143579e-13
-4.7143136994e+00  6.7503629855e+05  3.3126746461e+00  0  8.7600000000e+00  3.6695275095e-13
 4.8877139195e+01  6.7637729848e+05 -2.9836362796e+01  0  8.7600000000e+00  3.6768172451e-13
 4.6585621277e+00  6.7798082807e+05  6.9026689279e+00  1  1.2100000000e+01  3.6855341037e-13
 2.6198018156e+01  6.7829354471e+05 -3.6637303599e+00  0  8.7600000000e+00  3.6872340453e-13
-4.1519024275e+01  6.8047210886e+05 -1.6030185505e+01  1  1.2100000000e+01  3.6990768174e-13
 2.0171429506e-05  6.8327405937e+05 -9.7878429851e-04  2  1.6800000000e+01  3.7143083457e-13
 1.5932385880e+00  6.8458433038e+05 -2.2893812051e-01  1  1.2100000000e+01  3.7214310375e-13
-4.2770513120e-04  6.8522792572e+05  1.5598598433e-03  3  3.2200000000e+01  3.7249296506e-13
 2.6547788286e+02  6.8626772592e+05  6.3890382547e+02  1  1.2100000000e+01  3.7305820510e-13
-2.8629354991e+00  6.8637078432e+05 -3.2643732180e+00  2  1.6800000000e+01  3.7311422811e-13
 1.0962799132e+01  6.8733148243e+05 -9.8446299151e+00  2  1.6800000000e+01  3.7363646790e-13
-1.6660245685e+01  6.8771853691e+05  4.5917085541e+00  1  1.2100000000e+01  3.7384687244e-13
-1.9210630492e+00  6.9305779610e+05  1.8550074135e-01  0  8.7600000000e+00  3.7674931762e-13
-3.4356144296e-03  6.9372875836e+05 -2.3717185750e-03  1  1.2100000000e+01  3.7711405571e-13
-3.1686761814e+01  6.9825286859e+05 -9.2189012489e+00  1  1.2100000000e+01  3.7957338226e-13
 7.2342859606e+00  6.9974334288e+05 -1.3501308601e-01  0  8.7600000000e+00  3.8038361075e-13
-1.4740892530e-03  7.0049032533e+05  4.9819251103e-03  2  1.6800000000e+01  3.8078967375e-13
 7.3167398031e+00  7.0051964824e+05 -2.7476507892e+00  0  8.7600000000e+00  3.8080561381e-13
 1.2153292197e-03  7.0232442171e+05 -3.9618047136e-03  3  3.2200000000e+01  3.8178669674e-13
-7.8704152641e+00  7.0314360321e+05  1.8282504424e+00  2  1.6800000000e+01  3.8223200747e-13
 1.3698900081e+02  7.0528665457e+05 -2.3389402314e+02  1  1.2100000000e+01  3.8339697978e-13
 1.1319926822e+01  7.0650744398e+05 -5.8221031566e-02  0  8.7600000000e+00  3.8406060636e-13
-4.6217246425e+00  7.0867525868e+05 -3.9135338453e+00  2  1.6800000000e+01  3.8523904012e-13
-3.1388181921e+00  7.0973217049e+05  5.0693146021e-01  2  1.6800000000e+01  3.8581358211e-13
 3.9481790219e-03  7.1078668196e+05 -2.9551786035e-03  1  1.2100000000e+01  3.8638681926e-13
 2.4410943302e+01  7.1151364957e+05 -7.1477918363e+01  1  1.2100000000e+01  3.8678200211e-13
 4.4130095795e+01  7.1352032646e+05  3.6137156857e+01  2  1.6800000000e+01  3.8787284064e-13
 1.3889372219e+00  7.1385865529e+05 -2.0720638682e+00  0  8.7600000000e+00  3.8805675770e-13
 2.8854437921e+00  7.1668272513e+05  1.7701837427e+00  2  1.6800000000e+01  3.8959193470e-13
 2.0797792916e+01  7.1770905186e+05 -7.2085528136e+01  0  8.7600000000e+00  3.9014985050e-13
 8.9528001977e+01  7.2119891643e+05 -8.6517956255e+00  0  8.7600000000e+00  3.9204695649e-13
-4.2904246712e-01  7.2132722074e+05 -3.3444736626e+00  3  3.2200000000e+01  3.9211670329e-13
-6.7062842234e+02  7.2365611200e+05 -6.5850816774e+02  0  8.7600000000e+00  3.9338269899e-13
-1.0813154421e+01  7.2371123851e+05 -2.6744402515e+01  0  8.7600000000e+00  3.9341266601e-13
 2.3132108233e-03  7.2498291901e+05 -1.8656935808e-03  3  3.2200000000e+01  3.9410395721e-13
 3.2879881273e-03  7.2516569626e+05  1.2164562597e-03  3  3.2200000000e+01  3.9420331575e-13
-4.2205068964e+01  7.3025332032e+05 -4.5273201486e+01  1  1.2100000000e+01  3.9696897094e-13
 1.7191142926e+02  7.3105183512e+05 -3.8372565317e+02  0  8.7600000000e+00  3.9740304716e-13
-2.6743041646e+00  7.3133184227e+05 -3.4749460217e+00  2  1.6800000000e+01  3.9755526030e-13
 4.9803568050e-03  7.3226199910e+05  4.8568219272e-03  1  1.2100000000e+01  3.9806089771e-13
 1.3944084260e+00  7.3483928454e+05 -3.4992425147e+01  0  8.7600000000e+00  3.9946192160e-13
 1.5309191801e+01  7.3536146442e+05 -4.3414775074e+01  2  1.6800000000e+01  3.9974578092e-13
 9.3634627246e+00  7.3630619868e+05  4.0355616116e+00  0  8.7600000000e+00  4.0025934269e-13
-3.3927132617e+00  7.3695279973e+05 -1.1263596840e+00  3  3.2200000000e+01  4.0061083791e-13
 2.1959825135e+00  7.3743183749e+05 -8.0604680387e+01  0  8.7600000000e+00  4.0087124498e-13
-2.8239835157e+00  7.3827349910e+05 -1.0815237984e+01  1  1.2100000000e+01  4.0132877600e-13
 3.4069746421e+00  7.3896070582e+05 -2.2663658039e+00  0  8.7600000000e+00  4.0170234464e-13
 1.3141316510e+02  7.4130806004e+05 -4.1652901105e+01  1  1.2100000000e+01  4.0297837689e-13
 1.8097046842e+00  7.4226573049e+05  3.3876727061e+00  0  8.7600000000e+00  4.0349897083e-13
-4.3448689542e+00  7.4783485216e+05  9.9138217380e+00  0  8.7600000000e+00  4.0652637028e-13
 1.0275230374e+02  7.5210114401e+05  2.4630177488e+02  2  1.6800000000e+01  4.0884554561e-13
 1.0465127492e+01  7.5393592279e+05 -1.0942459189e+01  0  8.7600000000e+00  4.0984293956e-13
 2.1474737635e+01  7.5482642974e+05 -7.0892541467e+00  1  1.2100000000e+01  4.1032702312e-13
-5.8721234812e-01  7.5711670038e+05  8.4459987920e-03  1  1.2100000000e+01  4.1157202449e-13
 1.0494539708e+02  7.5793149761e+05  3.6747825715e+01  0  8.7600000000e+00  4.1201495190e-13
-6.0585760724e+00  7.5843457207e+05  1.2094105803e-01  2  1.6800000000e+01  4.1228842543e-13
-1.3938699646e-03  7.5938852527e+05  3.2275051476e-03  2  1.6800000000e+01  4.1280699865e-13
-5.4840106770e-01  7.6051217362e+05  2.8177388866e+00  1  1.2100000000e+01  4.1341781893e-13
 1.6602832012e+00  7.6354950688e+05 -1.7011792454e+00  0  8.7600000000e+00  4.1506892687e-13
-8.2338187730e+00  7.6355923972e+05 -2.2113173843e+01  1  1.2100000000e+01  4.1507421768e-13
-8.6018805012e-01  7.6375587381e+05  5.4551975964e+00  0  8.7600000000e+00  4.1518110886e-13
-2.0407993036e+00  7.6447388635e+05 -5.8264146279e+00  0  8.7600000000e+00  4.1557142368e-13
-3.2010188746e+00  7.7406539852e+05  2.3518644354e-01  2  1.6800000000e+01  4.2078541260e-13
 4.0314079867e+01  7.7545209464e+05  1.2446932837e+01  0  8.7600000000e+00  4.2153922681e-13
 1.7662917262e+02  7.7657932278e+05  5.5873718235e+01  0  8.7600000000e+00  4.2215199307e-13
 1.6060977979e+00  7.7721371909e+05  3.7120442166e+00  1  1.2100000000e+01  4.2249685374e-13
-4.2360550115e-01  7.8115968116e+05 -3.9707567830e+00  1  1.2100000000e+01  4.2464189637e-13
-7.7248876268e+01  7.8123534503e+05  8.1894484988e+01  2  1.6800000000e+01  4.2468302759e-13
-9.0495643344e+01  7.8219454978e+05 -5.5560945516e+01  2  1.6800000000e+01  4.2520445558e-13
 7.6926470630e+00  7.8284751864e+05  1.0025396778e+01  0  8.7600000000e+00  4.2555941237e-13
-7.0242837623e+01  7.8738118784e+05  1.6076458531e+01  0  8.7600000000e+00  4.2802393522e-13
 4.6790150924e-03  7.8752160210e+05  2.0665800441e-04  1  1.2100000000e+01  4.2810026505e-13
 8.4834734390e+01  7.8760968822e+05 -1.8756348535e+02  1  1.2100000000e+01  4.2814814905e-13
 3.3010801805e-03  7.9159870394e+05  1.2545931974e-03  3  3.2200000000e+01  4.3031659584e-13
-4.0521317204e-03  7.9199158424e+05 -4.1778243795e-03  2  1.6800000000e+01  4.3053016733e-13
 7.0398944729e+00  7.9378612152e+05  3.0017090801e+01  1  1.2100000000e+01  4.3150568582e-13
 1.6362601473e+01  7.9770658860e+05 -2.0857363972e+01  1  1.2100000000e+01  4.3363686926e-13
 1.5432164445e+01  8.0036682003e+05  3.5377647663e+00  0  8.7600000000e+00  4.3508298296e-13
 4.9358057225e+01  8.0107862579e+05 -1.2649221235e+02  0  8.7600000000e+00  4.3546992376e-13
 2.0830220323e+01  8.0160886712e+05  1.3076411171e+01  1  1.2100000000e+01  4.3575816531e-13
-9.9503230963e-01  8.0479423908e+05 -9.8704632341e+00  0  8.7600000000e+00  4.3748974776e-13
-2.8637755962e+01  8.0776834423e+05 -6.1662934679e+01  0  8.7600000000e+00  4.3910648462e-13
-2.9626209284e+01  8.1125580457e+05 -2.2904763066e+01  1  1.2100000000e+01  4.4100228366e-13
 1.0514216467e+01  8.1378731941e+05  2.6607624559e+00  1  1.2100000000e+01  4.4237842644e-13
 3.0277389147e+01  8.1468776043e+05  2.1548296679e+01  0  8.7600000000e+00  4.4286791021e-13
 3.3056538544e-03  8.1843393832e+05 -1.8756688372e-03  1  1.2100000000e+01  4.4490434927e-13
-2.7536503579e+01  8.1958203500e+05 -2.1335910619e+01  2  1.6800000000e+01  4.4552845975e-13
 2.0352508203e+00  8.2025288654e+05 -4.8527714164e+00  3  3.2200000000e+01  4.4589313765e-13
 1.5689930281e+01  8.2092267412e+05  4.1849586537e+01  0  8.7600000000e+00  4.4625723718e-13
-1.2081299845e-01  8.2205459691e+05  1.0120211215e+00  0  8.7600000000e+00  4.4687255547e-13
-7.7575805495e-01  8.2361065984e+05 -2.8182402390e+01  1  1.2100000000e+01  4.4771843824e-13
-4.3661462373e-03  8.2393002598e+05 -1.8198102046e-03  2  1.6800000000e+01  4.4789204710e-13
 5.3848584818e+00  8.2599206249e+05 -1.8310036200e+01  0  8.7600000000e+00  4.4901297937e-13
 4.4498914617e-03  8.2759386883e+05 -6.7420262642e-04  0  8.7600000000e+00  4.4988372846e-13
-1.3235422300e-03  8.3355495214e+05 -4.7742593055e-03  1  1.2100000000e+01  4.5312420001e-13
 1.6060253901e+00  8.3434783863e+05 -4.0303017661e+00  2  1.6800000000e+01  4.5355521665e-13
-9.7614676504e-04  8.3519101813e+05  3.9013199363e-03  1  1.2100000000e+01  4.5401357280e-13
-6.6087998643e+00  8.3810933353e+05 -2.2450454712e+01  0  8.7600000000e+00  4.5559998210e-13
 6.6689459998e-01  8.3938469282e+05 -2.7214108575e+00  0  8.7600000000e+00  4.5629327312e-13
-4.9861299024e-01  8.4275834571e+05 -1.0125777037e-01  0  8.7600000000e+00  4.5812720591e-13
-2.5182753099e+02  8.4280531647e+05  5.0445619787e+01  0  8.7600000000e+00  4.5815273943e-13
-5.1582997456e-04  8.4359777703e+05  4.4561757028e-04  1  1.2100000000e+01  4.5858352454e-13
-2.3804536529e+01  8.4445410087e+05  1.2762093006e+01  3  3.2200000000e+01  4.5904902600e-13
-9.1176126066e+00  8.4569649547e+05  3.0538228725e+00  0  8.7600000000e+00  4.5972439726e-13
 6.7542548996e+01  8.4606116766e+05 -1.8396863135e+02  2  1.6800000000e+01  4.5992263470e-13
-2.4005222986e-01  8.4891136969e+05 -8.3268573418e+00  0  8.7600000000e+00  4.6147201727e-13
-1.2223801682e+01  8.4901177669e+05 -2.6766169263e+01  2  1.6800000000e+01  4.6152659896e-13
-9.1748549949e+00  8.4903852363e+05 -4.9259489606e+00  0  8.7600000000e+00  4.6154113872e-13
-9.9085209777e+00  8.4942193997e+05 -5.9654224658e+01  0  8.7600000000e+00  4.6174956556e-13
-1.3533457957e+02  8.5528101412e+05  1.6177025077e+02  1  1.2100000000e+01  4.6493458447e-13
-5.0549624278e-04  8.5647150756e+05  4.1246475182e-03  2  1.6800000000e+01  4.6558174203e-13
-4.8916708343e-01  8.5689411306e+05 -3.3690751127e-02  1  1.2100000000e+01  4.6581147227e-13
-4.4097158451e+00  8.6083413474e+05  3.3954787435e+00  2  1.6800000000e+01  4.6795328568e-13
 2.9508385937e-03  8.6198096996e+05  4.7442450420e-03  1  1.2100000000e+01  4.6857671043e-13
-4.2865235510e+00  8.6870247211e+05  3.1931255754e+00  0  8.7600000000e+00  4.7223054906e-13
-1.2155550803e+01  8.7142029951e+05  3.4381402315e+01  2  1.6800000000e+01  4.7370797219e-13
 2.8031749066e+01  8.7208041989e+05 -1.8784510280e-01  0  8.7600000000e+00  4.7406681658e-13
-3.4735795429e-03  8.7213345199e+05 -4.5137805652e-04  2  1.6800000000e+01  4.7409564507e-13
 1.2734392644e+01  8.7780397961e+05 -1.1799764569e+01  0  8.7600000000e+00  4.7717816924e-13
-3.9504206439e+00  8.7810211574e+05 -8.8309183900e-01  0  8.7600000000e+00  4.7734023738e-13
-1.4960560266e+01  8.7865821979e+05 -7.1106845990e+00  1  1.2100000000e+01  4.7764253802e-13
 1.9035001089e+01  8.7866232899e+05  2.8500238209e+01  3  3.2200000000e+01  4.7764477180e-13
-3.8856043086e+01  8.7942515680e+05  1.6479389886e+01  1  1.2100000000e+01  4.7805944841e-13
 6.9798707650e-01  8.8075705210e+05 -7.9081658159e+01  0  8.7600000000e+00  4.7878347265e-13
 3.7964113255e+02  8.8328590732e+05 -1.4607653875e+03  1  1.2100000000e+01  4.8015816966e-13
 3.3654424246e+00  8.8615268648e+05 -2.0077740201e+01  0  8.7600000000e+00  4.8171656363e-13
-6.3172068079e+00  8.8689800853e+05  4.5500083641e-01  0  8.7600000000e+00  4.8212172404e-13
-1.1309878988e+01  8.9472599656e+05  1.7163227895e+00  1  1.2100000000e+01  4.8637705334e-13
 3.6890040006e-03  8.9570787581e+05  1.0902380366e-03  3  3.2200000000e+01  4.8691080729e-13
 3.6306816380e-03  8.9737531441e+05  8.6628933245e-04  3  3.2200000000e+01  4.8781723437e-13
-4.9720939568e+00  8.9820485545e+05  3.5999015239e+00  0  8.7600000000e+00  4.8826817659e-13
 3.5406757022e-01  8.9975441480e+05 -1.1812875810e+01  0  8.7600000000e+00  4.8911052398e-13
 2.8754493607e+00  9.0226707201e+05 -6.3412610268e+00  0  8.7600000000e+00  4.9047641568e-13
 3.0786165032e-01  9.0465388419e+05  1.0477860043e+00  0  8.7600000000e+00  4.9177389745e-13
-8.6790089189e+00  9.0584557217e+05 -3.2675382248e+00  3  3.2200000000e+01  4.9242170437e-13
-3.9742568359e+02  9.0796298530e+05  7.5966198760e+01  0  8.7600000000e+00  4.9357273962e-13
 2.2938041046e+00  9.0798279411e+05 -8.5249546140e+00  1  1.2100000000e+01  4.9358350778e-13
-5.8082685260e+00  9.0930009882e+05 -3.0132149465e+01  0  8.7600000000e+00  4.9429960051e-13
-3.4154741686e+00  9.0971798514e+05  5.6143616369e-01  0  8.7600000000e+00  4.9452676538e-13
 1.0186829778e+01  9.1315749834e+05  9.8130613390e+00  1  1.2100000000e+01  4.9639650014e-13
 8.4960933582e+00  9.1347722686e+05 -7.7610361076e-01  0  8.7600000000e+00  4.9657030599e-13
-2.9830775373e+01  9.1515942174e+05 -4.2722301141e+01  1  1.2100000000e+01  4.9748475465e-13
 5.7981818048e-01  9.1741635093e+05  1.2043288173e+00  1  1.2100000000e+01  4.9871163145e-13
 1.1865861300e+00  9.1766067243e+05  3.3315929761e+00  1  1.2100000000e+01  4.9884444572e-13
 3.9291238463e+02  9.1853644615e+05  2.2507257989e+02  0  8.7600000000e+00  4.9932052023e-13
-3.6553173034e+00  9.1863891447e+05 -6.1832856674e+00  0  8.7600000000e+00  4.9937622247e-13
-3.3707850219e+00  9.1933109532e+05  1.3528916407e+00  0  8.7600000000e+00  4.9975249507e-13
-5.3841619378e+00  9.2444383535e+05  5.0882855906e+00  2  1.6800000000e+01  5.0253180342e-13
-3.6535899473e+00  9.2609923786e+05  1.1120718330e+01  2  1.6800000000e+01  5.0343168762e-13
-2.7518956702e-04  9.2689823316e+05  4.8889470985e-03  3  3.2200000000e+01  5.0386602504e-13
 1.2410972032e+01  9.3774718471e+05 -1.8908626735e+01  2  1.6800000000e+01  5.0976356363e-13
 9.1561411997e+00  9.3823764128e+05 -3.5474639917e+01  0  8.7600000000e+00  5.1003017801e-13
-1.4661161119e-03  9.4186302716e+05 -1.0134934196e-03  1  1.2100000000e+01  5.1200095399e-13
 1.0684331742e+02  9.4250779664e+05 -1.1216299066e+01  3  3.2200000000e+01  5.1235145356e-13
 3.4074443415e+00  9.4361292274e+05  4.1972888514e+00  0  8.7600000000e+00  5.1295220505e-13
 1.5875846841e+00  9.4413815099e+05 -3.0210616246e+00  0  8.7600000000e+00  5.1323772148e-13
 8.1496957037e+00  9.4767209904e+05 -1.3829603685e+01  0  8.7600000000e+00  5.1515879144e-13
-4.9141997920e+00  9.4812608063e+05  8.6429362757e+00  1  1.2100000000e+01  5.1540557787e-13
 8.7598182367e+00  9.5139294961e+05 -9.7305576535e+00  3  3.2200000000e+01  5.1718146246e-13
-1.2711081893e+01  9.5164370514e+05  5.4959912573e+00  2  1.6800000000e+01  5.1731777428e-13
-6.8291127100e+00  9.5253811153e+05  1.5575417810e+01  1  1.2100000000e+01  5.1780397760e-13
 1.1896948442e+02  9.5352605323e+05  3.8456248565e+02  2  1.6800000000e+01  5.1834102713e-13
 3.1477215235e+01  9.5640717670e+05  1.0162692475e+01  0  8.7600000000e+00  5.1990721873e-13
 5.0612949420e+00  9.5865785568e+05 -6.1008948851e+00  0  8.7600000000e+00  5.2113069789e-13
-3.7839037407e-03  9.5947009831e+05  3.9298298624e-03  2  1.6800000000e+01  5.2157223661e-13
-1.6170327545e+00  9.5977625826e+05  4.5137128465e-01  0  8.7600000000e+00  5.2173866653e-13
-1.1594888172e+02  9.6066119402e+05 -5.6664487284e+01  0  8.7600000000e+00  5.2221972157e-13
 3.4863149343e+00  9.6182040337e+05  2.1124299363e+00  0  8.7600000000e+00  5.2284987296e-13
-1.2599376769e+02  9.6592516970e+05  4.8553737397e+01  2  1.6800000000e+01  5.2508124229e-13
 3.9490301573e+00  9.6961905898e+05  4.0242591811e+00  1  1.2100000000e+01  5.2708925702e-13
-1.3495026139e-03  9.6976370688e+05 -1.0904323338e-03  3  3.2200000000e+01  5.2716788827e-13
-1.3933599792e+00  9.7185151722e+05 -1.0260360666e+01  1  1.2100000000e+01  5.2830283131e-13
-3.5938250209e+02  9.7297785452e+05 -2.8753005050e+02  0  8.7600000000e+00  5.2891511330e-13
-1.1796716884e+02  9.7298141037e+05  1.2143024218e+02  1  1.2100000000e+01  5.2891704628e-13
 3.0732619881e+01  9.7394124882e+05 -5.1227238539e+01  3  3.2200000000e+01  5.2943881875e-13
 7.7080523256e+02  9.7538179795e+05 -5.4702982032e+02  0  8.7600000000e+00  5.3022190770e-13
 2.5857628989e+00  9.7568504793e+05 -8.3806308059e+00  3  3.2200000000e+01  5.3038675575e-13
 9.5185722228e-01  9.7792904833e+05 -6.1777884163e-01  0  8.7600000000e+00  5.3160660440e-13
 3.1037657885e-03  9.8027756560e+05  4.9916079314e-03  3  3.2200000000e+01  5.3288326889e-13
-1.0368809361e+02  9.8043152219e+05  4.3913892744e+01  2  1.6800000000e+01  5.3296696038e-13
 3.9545036894e-03  9.8300485037e+05  3.3435078423e-03  1  1.2100000000e+01  5.3436583309e-13
-2.5237430171e+01  9.8406878366e+05  2.9286179178e+01  0  8.7600000000e+00  5.3494419198e-13
-1.4863128785e+00  9.8507091519e+05 -6.1047372204e+00  1  1.2100000000e+01  5.3548895517e-13
 2.0156657341e+01  9.8733057780e+05  1.7179526812e+00  0  8.7600000000e+00  5.3671731787e-13
 1.3175689391e+01  9.8803952272e+05 -4.1412597688e+02  0  8.7600000000e+00  5.3710270350e-13
-2.8778734170e+00  9.8804555202e+05 -1.1402406981e+00  1  1.2100000000e+01  5.3710598105e-13
-7.0355039487e-01  9.8843680021e+05 -9.0179801601e+00  2  1.6800000000e+01  5.3731866532e-13
 1.3118748848e+01  9.8869998789e+05 -8.0655437995e-01  1  1.2100000000e+01  5.3746173532e-13
 4.3363058843e-03  9.8950882207e+05  2.9299802393e-04  2  1.6800000000e+01  5.3790142120e-13
 6.0757055407e+01  9.9327789523e+05  8.4261415418e+01  0  8.7600000000e+00  5.3995030622e-13
 1.9712481952e+01  9.9578478103e+05  2.3812246268e+00  1  1.2100000000e+01  5.4131306056e-13
-1.5270861003e+00  9.9853855158e+05  4.2833164303e+00  2  1.6800000000e+01  5.4281002254e-13
 3.4891518491e+01  1.0016963101e+06  6.6872839774e+01  1  1.2100000000e+01  5.4452659422e-13