 x                 y                 z               Event            Energy              Time
-1.6141901964e+00  3.6925070618e+02  5.9234904982e+01  2  1.6800000000e+01  2.0072633533e-16
 6.1074478760e+00  7.4672480600e+02  4.1568987107e+00  0  8.7600000000e+00  4.0592294422e-16
-2.8051867931e-03  8.0677729770e+02  3.2255680758e-03  0  8.7600000000e+00  4.3856774729e-16
 2.3306146597e+02  1.1100891213e+03  1.2809547575e+02  0  8.7600000000e+00  6.0344941116e-16
 2.5673632373e+00  3.8207696299e+03 -1.3054371228e+01  3  3.2200000000e+01  2.0769874590e-15
-1.5209977389e+00  4.1220183135e+03 -2.7052534631e-01  1  1.2100000000e+01  2.2407475907e-15
-2.1944574569e+02  9.8128247949e+03 -3.3396881826e+02  0  8.7600000000e+00  5.3342954458e-15
-8.6034977236e+00  9.9765950867e+03  8.5086959357e+01  2  1.6800000000e+01  5.4233217089e-15
 2.0098167312e+01  1.0586057583e+04  3.9564823629e+01  1  1.2100000000e+01  5.7546282477e-15
-9.9929175815e+00  1.3675942349e+04  8.5900282864e+01  0  8.7600000000e+00  7.4343034258e-15
 2.3873810116e+01  1.7076788111e+04 -2.6629916096e+01  0  8.7600000000e+00  9.2830183923e-15
 2.1226494560e-03  2.1020000323e+04 -4.6305935828e-03  1  1.2100000000e+01  1.1426566186e-14
 2.7798189980e+00  2.2631062317e+04  3.3419734657e+00  0  8.7600000000e+00  1.2302346692e-14
-3.2887067173e+00  2.4056864686e+04  1.9408519205e+00  0  8.7600000000e+00  1.3077419236e-14
 3.6136536154e-03  2.5858749241e+04  4.6763140753e-03  0  8.7600000000e+00  1.4056931739e-14
 1.2637852817e+00  2.8232599782e+04  6.0970910319e+01  0  8.7600000000e+00  1.5347367510e-14
 4.8106640157e-03  2.9546944666e+04  2.8301124404e-03  1  1.2100000000e+01  1.6061851267e-14
-7.0283539392e+01  3.0216265970e+04 -1.7985897609e+01  2  1.6800000000e+01  1.6425697322e-14
 3.3558517630e+00  3.2721671930e+04  2.3223124783e+00  1  1.2100000000e+01  1.7787647207e-14
-3.9773988608e+00  3.3114234608e+04  1.3599702847e+01  2  1.6800000000e+01  1.8001046034e-14
-3.1014506955e+00  3.5183822559e+04  3.0934519829e+00  1  1.2100000000e+01  1.9126083301e-14
-3.5593776633e+00  3.6309266228e+04  1.8855581557e+00  3  3.2200000000e+01  1.9737879513e-14
-8.9651126615e+00  3.8497914241e+04  2.2840073397e-01  2  1.6800000000e+01  2.0927638361e-14
-4.3002136514e-03  3.9275353312e+04 -3.6908391764e-03  0  8.7600000000e+00  2.1350257717e-14
-3.5681441345e+01  3.9451906890e+04 -2.5184318798e+01  2  1.6800000000e+01  2.1446233031e-14
-1.6796338583e+01  4.0243979231e+04  1.7984670494e+01  0  8.7600000000e+00  2.1876807099e-14
-1.3695232931e+03  4.0285893501e+04 -1.7859001227e+01  0  8.7600000000e+00  2.1899591883e-14
 3.3895090472e+00  4.1109941129e+04 -3.6392713445e+00  2  1.6800000000e+01  2.2347547860e-14
 1.1911088291e+00  4.3484308886e+04  1.8519745132e+01  1  1.2100000000e+01  2.3638264791e-14
 1.7581513324e+01  4.4117079787e+04  2.0172096500e+01  0  8.7600000000e+00  2.3982241883e-14
-1.4294561993e+02  4.4959376491e+04 -1.6031554200e+01  0  8.7600000000e+00  2.4440118138e-14
 8.4500516468e+00  4.5159094803e+04  9.4429517365e+00  1  1.2100000000e+01  2.4548685906e-14
 9.7879128781e+01  4.6696512216e+04  1.0698236551e+02  1  1.2100000000e+01  2.5384432888e-14
 4.7981817485e+00  4.7666750564e+04 -4.3469448317e+00  3  3.2200000000e+01  2.5911858793e-14
 1.4250482279e+00  4.9570810038e+04 -2.5962857477e+00  2  1.6800000000e+01  2.6946914039e-14
-4.2306866133e+01  5.0474984327e+04 -1.1604870721e+00  1  1.2100000000e+01  2.7438427227e-14
 1.6332421124e+02  5.5904049167e+04  3.5484399906e+01  1  1.2100000000e+01  3.0389691155e-14
 1.5422963670e+02  5.6195563600e+04 -7.6563211125e+01  1  1.2100000000e+01  3.0548159704e-14
 2.0106970145e+00  5.6310715261e+04  1.5731992602e+00  0  8.7600000000e+00  3.0610756662e-14
 1.4885166253e+02  5.6669858455e+04  2.2413123277e+02  2  1.6800000000e+01  3.0805988508e-14
 3.6200213624e+00  5.6947812773e+04  8.7278430860e+00  0  8.7600000000e+00  3.0957085719e-14
-2.5530357556e-01  5.7908409810e+04  3.3565598121e+00  0  8.7600000000e+00  3.1479270565e-14
-8.7501915889e+01  6.2531837906e+04  1.7307661126e+02  0  8.7600000000e+00  3.3992586756e-14
-2.5541268625e+01  6.2780771178e+04 -6.0036808890e+01  0  8.7600000000e+00  3.4127907996e-14
-2.3853781686e+00  6.3004307092e+04  1.0309912369e+00  3  3.2200000000e+01  3.4249423118e-14
 1.5260054800e+01  6.3686496148e+04 -8.3325257595e+00  1  1.2100000000e+01  3.4620264140e-14
-4.0183355772e+00  6.7413621136e+04  2.0384059229e+01  3  3.2200000000e+01  3.6646345953e-14
 8.6480660369e-01  6.8076218062e+04 -4.8230087380e+00  0  8.7600000000e+00  3.7006536605e-14
-9.4995458110e+00  6.8717336769e+04 -2.7834147691e+00  3  3.2200000000e+01  3.7355051602e-14
-1.6843139187e+01  7.2421275858e+04 -6.3545612344e+00  3  3.2200000000e+01  3.9368529456e-14
 6.8112095143e+01  7.2908900013e+04  1.7169167681e+02  1  1.2100000000e+01  3.9633604128e-14
-5.1357707917e-01  7.4707125376e+04 -3.0305798468e+01  1  1.2100000000e+01  4.0611127478e-14
-1.0308180039e+01  7.5284585361e+04 -8.3120187337e+01  1  1.2100000000e+01  4.0925037308e-14
 1.3956489503e+02  7.6493305479e+04  7.8589196337e+01  0  8.7600000000e+00  4.1582102970e-14
 1.2208616527e+00  7.7130667999e+04 -1.9971373212e+00  2  1.6800000000e+01  4.1928576087e-14
-1.9340375517e-03  7.7280685493e+04  4.6308682624e-03  3  3.2200000000e+01  4.2010126267e-14
 3.0735750250e+00  7.7840251357e+04  1.8708855481e+00  0  8.7600000000e+00  4.2314308774e-14
-1.0677995054e+02  8.0577488768e+04 -2.6067115743e+02  0  8.7600000000e+00  4.3802283272e-14
-2.6493615907e+01  8.0777096618e+04 -4.1090532220e+00  2  1.6800000000e+01  4.3910790992e-14
 1.0028868197e-03  8.1485894078e+04 -4.4812220659e-03  0  8.7600000000e+00  4.4296096461e-14
-1.5100949158e+00  8.3924827772e+04 -3.3867173082e+01  0  8.7600000000e+00  4.5621911725e-14
 4.1007391685e-03  8.5917473359e+04  1.1232052446e-03  0  8.7600000000e+00  4.6705122779e-14
-2.2894540323e-03  8.7824680432e+04  1.1460785270e-03  0  8.7600000000e+00  4.7741889073e-14
 9.0081769033e-01  8.8200095483e+04 -2.4020725640e+00  0  8.7600000000e+00  4.7945966374e-14
 1.2403858960e+00  9.0079284475e+04  1.3345535230e+01  1  1.2100000000e+01  4.8967501915e-14
-1.1637595936e+01  9.1318872955e+04 -8.9190233404e+00  0  8.7600000000e+00  4.9641347757e-14
 2.1418039906e-03  9.2323846520e+04 -2.7003291471e-03  2  1.6800000000e+01  5.0187655881e-14
 3.6831488533e+00  9.2475911385e+04  4.2740572505e-01  1  1.2100000000e+01  5.0270319022e-14
-6.1225436604e+01  9.2719514063e+04  2.6814166265e+01  2  1.6800000000e+01  5.0402742527e-14
 3.6905172511e+02  9.2904128825e+04 -1.8746201825e+00  0  8.7600000000e+00  5.0503099937e-14
-6.5712622504e+00  9.3760418599e+04  1.1327330344e+01  0  8.7600000000e+00  5.0968582888e-14
-8.5507991294e+00  9.4129178031e+04 -1.0237856732e+01  1  1.2100000000e+01  5.1169042165e-14
-9.8999731004e-01  9.5470530036e+04 -1.6328279540e+00  1  1.2100000000e+01  5.1898207114e-14
 1.3960686643e+01  9.9048845282e+04 -2.4913154129e+01  1  1.2100000000e+01  5.3843395285e-14
 2.9248879311e+01  9.9283431135e+04  1.2325362876e+01  1  1.2100000000e+01  5.3970917204e-14
 1.4306314478e+00  9.9413689353e+04  1.2690293528e-01  0  8.7600000000e+00  5.4041726154e-14
-4.3524426921e+01  1.0544825448e+05 -6.8454384478e+01  0  8.7600000000e+00  5.7322142745e-14
-7.2860164300e+00  1.0662097829e+05 -2.4345231113e+00  0  8.7600000000e+00  5.7959640654e-14
-1.0151973711e+00  1.0754957426e+05 -2.0230874400e+00  0  8.7600000000e+00  5.8464429577e-14
-1.9071207572e+00  1.0757722917e+05 -5.7665269636e-01  0  8.7600000000e+00  5.8479462910e-14
 5.6125923900e+01  1.0808401996e+05 -5.8578900689e+00  0  8.7600000000e+00  5.8754956647e-14
 4.3987610316e+00  1.0956452954e+05  9.2608246517e-01  2  1.6800000000e+01  5.9559768277e-14
-2.5536431485e+01  1.1047865352e+05  2.3955170208e+01  2  1.6800000000e+01  6.0056690161e-14
 5.8264244146e+00  1.1164768717e+05 -3.2300141633e+00  1  1.2100000000e+01  6.0692182084e-14
-4.4319759772e-03  1.1661493123e+05  1.7797506818e-03  0  8.7600000000e+00  6.3392398172e-14
 2.9349208010e+00  1.1675559961e+05 -4.9607702057e+00  2  1.6800000000e+01  6.3468866132e-14
 2.2697097749e-03  1.1711982946e+05 -2.9878135202e-03  3  3.2200000000e+01  6.3666863104e-14
-4.4022080539e+01  1.1756926733e+05 -2.9734227824e+01  1  1.2100000000e+01  6.3911179542e-14
-3.6886083744e+00  1.1796981385e+05  5.4770895672e+00  1  1.2100000000e+01  6.4128918422e-14
 1.8148276061e+02  1.1999209182e+05  4.7103078682e+02  0  8.7600000000e+00  6.5228237773e-14
-3.5363519849e+02  1.2123081481e+05  1.6558769526e+02  1  1.2100000000e+01  6.5901613128e-14
-1.2845923595e+01  1.2254779143e+05 -1.7324263214e+01  3  3.2200000000e+01  6.6617527510e-14
-5.0710829781e+00  1.2465745342e+05 -1.0992782576e+01  1  1.2100000000e+01  6.7764349201e-14
 6.2387303618e-01  1.2560066956e+05 -4.0630901194e-01  1  1.2100000000e+01  6.8277085714e-14
 4.0595059910e+01  1.2665698896e+05  6.1883452858e+01  0  8.7600000000e+00  6.8851305665e-14
 3.8181653334e-03  1.2676952651e+05  1.9047583066e-03  1  1.2100000000e+01  6.8912481581e-14
 2.7275002504e+01  1.2784829736e+05  1.8898115920e+00  0  8.7600000000e+00  6.9498906237e-14
-5.5838613192e+01  1.2790460354e+05  3.7302793086e+01  0  8.7600000000e+00  6.9529514532e-14
-5.0489071902e+01  1.2934416202e+05 -4.8275832550e+01  2  1.6800000000e+01  7.0312064960e-14
-8.3850747047e+01  1.3174807663e+05 -2.7900325937e+01  1  1.2100000000e+01  7.1618843693e-14
-6.1066631020e-01  1.3767593378e+05 -6.2236622101e-02  0  8.7600000000e+00  7.4841253349e-14
 1.5824747622e+01  1.3823144951e+05 -1.2614883605e-01  0  8.7600000000e+00  7.5143234184e-14
-8.2941357258e-01  1.3910342503e+05  1.5206439549e+00  2  1.6800000000e+01  7.5617243976e-14
 2.2954991999e+01  1.4502502992e+05 -1.3318030254e+01  0  8.7600000000e+00  7.8836254880e-14
 4.5487296783e+00  1.4989606573e+05  2.0339440763e+01  0  8.7600000000e+00  8.1484171730e-14
 3.2728597234e-03  1.5026867208e+05 -3.0466282405e-03  1  1.2100000000e+01  8.1686722211e-14
-1.2199440153e+02  1.5031368289e+05  3.6255826173e+01  1  1.2100000000e+01  8.1711190287e-14
 2.7297320215e+00  1.5139768495e+05  2.9561669465e+01  2  1.6800000000e+01  8.2300458655e-14
-2.8817499988e+00  1.5570631611e+05 -1.6536999596e-01  3  3.2200000000e+01  8.4642649822e-14
 4.4688678856e+02  1.5585762993e+05 -3.4022103894e+02  2  1.6800000000e+01  8.4724904694e-14
-1.3282206533e+01  1.5606631025e+05  1.2425073743e+01  0  8.7600000000e+00  8.4838344249e-14
-2.2069424102e+00  1.5651144013e+05 -5.4393997475e+00  2  1.6800000000e+01  8.5080318843e-14
 5.3540963230e+00  1.5865003656e+05 -6.2491151371e+00  0  8.7600000000e+00  8.6242869425e-14
-2.9247718345e+02  1.5907209327e+05 -4.2727860125e+01  1  1.2100000000e+01  8.6472301341e-14
 8.9545078523e+00  1.5983892038e+05  2.0732504388e+01  0  8.7600000000e+00  8.6889151988e-14
-4.3142493290e+01  1.6095817904e+05 -1.8413271727e+02  0  8.7600000000e+00  8.7497586001e-14
-2.6700507264e+01  1.6252876814e+05  1.0563466108e+01  1  1.2100000000e+01  8.8351365262e-14
-4.1764789733e+00  1.6285160882e+05  1.2961009347e+00  0  8.7600000000e+00  8.8526862901e-14
-4.6808383799e-03  1.6637320327e+05 -8.5065031231e-04  3  3.2200000000e+01  9.0441217390e-14
 1.4258306221e+01  1.6984596308e+05  4.6026783859e+01  2  1.6800000000e+01  9.2329025157e-14
 8.0937492577e-01  1.6985849626e+05  2.2923338574e+00  1  1.2100000000e+01  9.2335838251e-14
-7.2257730396e-02  1.7062290473e+05  7.0504729582e-01  1  1.2100000000e+01  9.2751374112e-14
 3.1202010150e-03  1.7661146827e+05  1.2184585939e-03  0  8.7600000000e+00  9.6006784034e-14
-3.6921808662e+00  1.7683452582e+05 -1.3596801156e+00  3  3.2200000000e+01  9.6128039118e-14
 3.9980133952e-01  1.7840975474e+05  2.8520861631e+00  1  1.2100000000e+01  9.6984340602e-14
 3.7469925477e+01  1.8167722476e+05 -1.5311471881e+02  2  1.6800000000e+01  9.8760551921e-14
-8.5813741906e+00  1.8168581992e+05 -1.5840419159e+01  0  8.7600000000e+00  9.8765224286e-14
 8.4729953636e+01  1.8239530300e+05  6.3694239102e+01  0  8.7600000000e+00  9.9150902463e-14
-1.5405346501e+03  1.8407259299e+05  5.4904002148e+02  0  8.7600000000e+00  1.0006268480e-13
-2.7976970718e+01  1.8431146059e+05 -2.8220990109e+01  1  1.2100000000e+01  1.0019253430e-13
 5.4992342874e+00  1.8584017969e+05 -7.7986600437e+00  1  1.2100000000e+01  1.0102355284e-13
-1.7951414385e+01  1.8640766212e+05 -3.9830356578e+01  0  8.7600000000e+00  1.0133203882e-13
 8.6090922282e+00  1.8807718992e+05 -4.9332543214e+00  0  8.7600000000e+00  1.0223960161e-13
-1.5158905396e+00  1.8882386732e+05  1.9373501893e+00  1  1.2100000000e+01  1.0264549878e-13
 1.1079818863e+01  1.8893765974e+05 -1.5330337827e+01  0  8.7600000000e+00  1.0270735685e-13
-3.6431086719e+01  1.9130807392e+05  1.9010263615e+01  2  1.6800000000e+01  1.0399592459e-13
 2.1779956356e+00  1.9254517973e+05 -1.3184635285e+00  1  1.2100000000e+01  1.0466842085e-13
-1.3664119068e-03  1.9404498555e+05  4.7150817792e-03  3  3.2200000000e+01  1.0548372200e-13
-3.6205377656e-03  1.9528882330e+05 -3.7822665897e-04  0  8.7600000000e+00  1.0615987776e-13
 2.9310307118e+00  1.9652822145e+05  1.8346706990e+00  0  8.7600000000e+00  1.0683362014e-13
-1.4293720188e+00  1.9743623426e+05  7.5175408781e+00  0  8.7600000000e+00  1.0732721997e-13
-4.1942878385e-01  1.9914956570e+05 -3.4652336208e+00  2  1.6800000000e+01  1.0825859460e-13
 5.3553405763e-01  1.9976826278e+05  9.3157518690e-01  0  8.7600000000e+00  1.0859492110e-13
 3.1445426718e-03  2.0166027019e+05  3.2868506635e-04  3  3.2200000000e+01  1.0962342479e-13
-1.4806287018e+02  2.0174514134e+05  3.4406213852e+02  1  1.2100000000e+01  1.0966956113e-13
-2.0942670301e-01  2.0237814529e+05 -1.2376768580e+00  0  8.7600000000e+00  1.1001366490e-13
 4.2099101465e-03  2.0249506134e+05 -4.0401673685e-03  0  8.7600000000e+00  1.1007722099e-13
 4.2973712278e+00  2.0260973319e+05  4.7458138972e+00  1  1.2100000000e+01  1.1013955712e-13
 3.6482166135e+00  2.0500252488e+05  3.1497681535e+00  0  8.7600000000e+00  1.1144028939e-13
 3.7585665062e+00  2.0606868913e+05 -1.8777718567e+01  1  1.2100000000e+01  1.1201986104e-13
-1.3526849901e+01  2.0660784689e+05 -7.5024884693e+00  2  1.6800000000e+01  1.1231294961e-13
-3.0929624048e-03  2.0871859735e+05 -3.4191367395e-03  1  1.2100000000e+01  1.1346036300e-13
 1.7927590925e+00  2.1096502480e+05 -6.5424650082e+00  1  1.2100000000e+01  1.1468153101e-13
-3.5073577085e+02  2.1147601981e+05  4.2732449031e+02  2  1.6800000000e+01  1.1495931018e-13
 2.8874164083e+00  2.1175482634e+05  1.3090572147e+00  2  1.6800000000e+01  1.1511087066e-13
 6.1251570867e+00  2.1272715575e+05 -1.2579354225e+01  0  8.7600000000e+00  1.1563943327e-13
-1.3993441687e+02  2.1399344437e+05  2.8576119052e+02  0  8.7600000000e+00  1.1632779343e-13
 6.1145901581e-01  2.1469715366e+05 -4.4840545114e+00  1  1.2100000000e+01  1.1671033295e-13
 3.5466688694e+01  2.1543179809e+05 -4.1725926723e+01  0  8.7600000000e+00  1.1710968895e-13
 4.5688187003e-03  2.1915944678e+05 -1.8641040739e-03  1  1.2100000000e+01  1.1913605545e-13
-1.5655248631e+01  2.2199541218e+05 -3.3970689060e+01  0  8.7600000000e+00  1.2067769892e-13
 8.6875988547e+00  2.2333233209e+05 -2.4534833187e+01  1  1.2100000000e+01  1.2140445457e-13
-5.1952392303e+00  2.2405324381e+05 -3.5966944287e-01  0  8.7600000000e+00  1.2179634540e-13
 9.6039044170e+00  2.2448258088e+05  2.4289416080e+00  0  8.7600000000e+00  1.2202973495e-13
-5.0561106941e+00  2.2703544606e+05  3.3598176827e-01  1  1.2100000000e+01  1.2341748388e-13
-3.0875237374e+00  2.2768410839e+05 -1.8522988084e+00  0  8.7600000000e+00  1.2377009962e-13
 4.4289342606e+01  2.2822152917e+05  1.7986544658e+01  0  8.7600000000e+00  1.2406224396e-13
-1.2531983406e+00  2.2928640213e+05 -1.2356724897e+01  1  1.2100000000e+01  1.2464111367e-13
-5.6357904683e+01  2.3125745558e+05  1.9196195291e+01  2  1.6800000000e+01  1.2571258714e-13
 5.5443115568e+00  2.3181859104e+05  6.1886638305e+00  1  1.2100000000e+01  1.2601762289e-13
-2.5102366187e+01  2.3187621211e+05 -1.2371795755e+01  3  3.2200000000e+01  1.2604894596e-13
-4.7607548813e+01  2.3337050190e+05  1.4188977804e+02  1  1.2100000000e+01  1.2686124857e-13
 8.5662726606e+00  2.3471530703e+05  5.3383538552e+00  2  1.6800000000e+01  1.2759229065e-13
-1.5813072760e+02  2.3775321009e+05  1.0280657861e+02  1  1.2100000000e+01  1.2924370834e-13
 1.0681400210e+01  2.3894898522e+05  5.3335846412e+00  2  1.6800000000e+01  1.2989373705e-13
 8.3837907650e+01  2.3978992018e+05  3.0538833571e+01  0  8.7600000000e+00  1.3035087305e-13
-8.5642819434e-01  2.4037384014e+05  2.1886905268e+00  3  3.2200000000e+01  1.3066829456e-13
 1.7519284229e+02  2.4419825011e+05  3.8507514281e+02  1  1.2100000000e+01  1.3274726092e-13
 8.9560812325e+01  2.4853356762e+05 -2.7648793561e+01  2  1.6800000000e+01  1.3510395891e-13
-1.1056922051e+01  2.5344276038e+05  4.0749629216e+01  0  8.7600000000e+00  1.3777261805e-13
 3.0203385664e+01  2.5546235081e+05  3.2253012352e+01  2  1.6800000000e+01  1.3887047644e-13
-2.1295661389e-02  2.5813062838e+05 -8.1499173413e-02  1  1.2100000000e+01  1.4032096406e-13
-1.4764577104e+02  2.5974995340e+05  1.1067594984e+01  3  3.2200000000e+01  1.4120123639e-13
 6.5646536536e-02  2.6252726783e+05  1.7679635680e+00  0  8.7600000000e+00  1.4271099693e-13
-2.5088783742e-01  2.6317224868e+05 -4.3518507166e+01  0  8.7600000000e+00  1.4306161140e-13
-8.8844947133e-01  2.6401725984e+05  4.8341582287e-01  0  8.7600000000e+00  1.4352096325e-13
 1.9840956386e+00  2.6730826293e+05 -3.8536300112e+01  1  1.2100000000e+01  1.4530996725e-13
 4.5121760470e+00  2.6815672789e+05  2.7919070578e+00  1  1.2100000000e+01  1.4577119660e-13
 2.8300122371e-06  2.6849294478e+05 -2.4359843309e-03  0  8.7600000000e+00  1.4595396560e-13
-1.5886497808e-03  2.6910312293e+05 -4.3686529409e-04  3  3.2200000000e+01  1.4628566117e-13
-1.4392407079e+00  2.7118734410e+05 -4.3413412550e+00  0  8.7600000000e+00  1.4741865312e-13
-1.8410443243e+01  2.7450925366e+05 -5.5734221176e+00  1  1.2100000000e+01  1.4922445802e-13
-2.3949977697e-03  2.7558428755e+05 -2.7275150957e-03  2  1.6800000000e+01  1.4980885125e-13
 2.6350764811e+00  2.7711865400e+05  1.7860209478e+00  1  1.2100000000e+01  1.5064293971e-13
 1.5844431608e+01  2.7737580999e+05  2.5444420777e+01  2  1.6800000000e+01  1.5078273086e-13
-1.3462137321e-03  2.7820185171e+05  4.1858049991e-03  2  1.6800000000e+01  1.5123177083e-13
 3.3559524694e-01  2.7829402581e+05  2.3405871760e+00  2  1.6800000000e+01  1.5128187709e-13
-1.8003781980e+00  2.7847681392e+05 -7.7675973751e+00  2  1.6800000000e+01  1.5138124152e-13
-2.6817881483e+01  2.7910166488e+05 -1.8518116518e+01  0  8.7600000000e+00  1.5172091329e-13
 6.8270799295e-01  2.8056890483e+05 -1.7697542209e+00  0  8.7600000000e+00  1.5251851149e-13
 2.0926454525e+00  2.8173092774e+05 -3.4126390572e+00  0  8.7600000000e+00  1.5315019234e-13
-8.1889878860e+02  2.8378159541e+05  3.4484042178e+02  0  8.7600000000e+00  1.5426494446e-13
 8.7361177341e-01  2.8466654288e+05  6.0524040753e+00  0  8.7600000000e+00  1.5474600586e-13
 2.1278621563e+00  2.8492530901e+05 -5.5696240680e+00  0  8.7600000000e+00  1.5488667229e-13
 1.9952176710e+01  2.8542985069e+05  2.3276837503e-01  0  8.7600000000e+00  1.5516094340e-13
 4.9339279175e+00  2.8693077370e+05 -9.4668916941e+01  0  8.7600000000e+00  1.5597685186e-13
 6.0219137246e+00  2.9099346169e+05 -5.0355794950e+00  0  8.7600000000e+00  1.5818534722e-13
 8.2461910594e-04  2.9313966482e+05 -6.2668654398e-04  1  1.2100000000e+01  1.5935203285e-13
-2.7207447345e-03  2.9799587822e+05  2.4432472593e-03  3  3.2200000000e+01  1.6199189217e-13
 3.6566876474e-03  3.0049325875e+05 -2.0507099792e-03  1  1.2100000000e+01  1.6334947939e-13
 3.7173801468e-03  3.0479892399e+05 -1.9918722273e-03  1  1.2100000000e+01  1.6569005827e-13
-4.6935487486e+02  3.0630830331e+05 -3.0139051422e+02  2  1.6800000000e+01  1.6651056363e-13
 1.6440623685e+01  3.0814763300e+05  3.7914840164e+00  1  1.2100000000e+01  1.6751043147e-13
-9.3386828942e+01  3.0833112803e+05  1.1784074266e+01  0  8.7600000000e+00  1.6761018019e-13
-1.8456886875e+01  3.1022904891e+05  2.0085254480e+01  1  1.2100000000e+01  1.6864189847e-13
-1.8427230770e+01  3.1086310501e+05 -5.1181448759e+01  0  8.7600000000e+00  1.6898657420e-13
 5.6679129843e+00  3.1131292367e+05 -1.4170332546e+01  0  8.7600000000e+00  1.6923109763e-13
-6.4669102119e+01  3.1708641656e+05  4.9357175387e+01  1  1.2100000000e+01  1.7236959419e-13
 1.6742000298e+00  3.1833630030e+05  3.9153046891e+00  0  8.7600000000e+00  1.7304903658e-13
 5.3482274229e+01  3.2029963736e+05  3.3394349794e+00  0  8.7600000000e+00  1.7411631539e-13
 1.2622677848e+02  3.2187635119e+05 -2.9715557013e+01  2  1.6800000000e+01  1.7497342408e-13
 3.6924005000e+00  3.2188581725e+05  1.9626307741e+01  2  1.6800000000e+01  1.7497856987e-13
-1.2396731719e+00  3.2486679995e+05 -7.4445502606e-01  1  1.2100000000e+01  1.7659904540e-13
 3.8415462387e+00  3.2547624980e+05  1.8036905538e+01  1  1.2100000000e+01  1.7693034507e-13
 8.0582140725e+01  3.2560592481e+05 -2.9290562987e+00  1  1.2100000000e+01  1.7700083698e-13
-2.2659662533e-01  3.2596479895e+05 -8.4151839880e-01  0  8.7600000000e+00  1.7719592257e-13
 6.7324583654e+01  3.2636769302e+05  3.4998511001e+01  0  8.7600000000e+00  1.7741493759e-13
 8.6934577724e+00  3.2769596529e+05 -1.2280231569e+01  0  8.7600000000e+00  1.7813699233e-13
-1.4356450751e+00  3.3364930015e+05 -2.3574489168e+00  0  8.7600000000e+00  1.8137325179e-13
 2.6034760837e-03  3.3483160235e+05 -3.3774620473e-03  1  1.2100000000e+01  1.8201595655e-13
 2.5493941640e+00  3.3561843631e+05 -5.6358561864e+00  0  8.7600000000e+00  1.8244368301e-13
 3.0301419951e+01  3.3683627156e+05 -5.0702794970e+01  0  8.7600000000e+00  1.8310570370e-13
 1.2829329016e-01  3.3797725718e+05 -1.1118869361e+00  1  1.2100000000e+01  1.8372594859e-13
-3.1441609414e+02  3.3946794046e+05  3.1565083050e+02  1  1.2100000000e+01  1.8453629068e-13
 6.0107209821e-01  3.4032085659e+05  5.2886067983e+01  0  8.7600000000e+00  1.8499993971e-13
-1.0329549513e+01  3.4057763834e+05  3.6895929548e+00  1  1.2100000000e+01  1.8513952742e-13
-6.3238024810e+01  3.4287117171e+05  2.4242728131e+01  0  8.7600000000e+00  1.8638630241e-13
 6.5128527657e+01  3.4350874619e+05 -2.7143341813e+01  0  8.7600000000e+00  1.8673289075e-13
 4.0398951169e+01  3.4483087887e+05 -1.2568733874e+02  2  1.6800000000e+01  1.8745160799e-13
-2.2368629627e+02  3.4589103791e+05  3.3913391446e+02  1  1.2100000000e+01  1.8802791519e-13
 2.1716551396e+00  3.4637068558e+05 -8.9203189563e-01  0  8.7600000000e+00  1.8828865380e-13
-8.6706807796e+00  3.4699137363e+05  3.1555673985e+00  2  1.6800000000e+01  1.8862606260e-13
 3.2937144433e+00  3.4713052160e+05 -1.2516583147e+00  1  1.2100000000e+01  1.8870170406e-13
-1.6686972276e+02  3.4892111368e+05  5.8081960273e+01  1  1.2100000000e+01  1.8967507792e-13
-7.0341912124e-01  3.5430565016e+05  4.6156620128e-01  0  8.7600000000e+00  1.9260213604e-13
 9.5144931995e+00  3.5608995555e+05 -1.2607448875e+01  2  1.6800000000e+01  1.9357209243e-13
 4.9953705585e-03  3.5635184292e+05 -2.8070239480e-03  2  1.6800000000e+01  1.9371445557e-13
 2.6468561160e+00  3.5823028005e+05  1.2425422435e+00  0  8.7600000000e+00  1.9473558240e-13
 3.0909305044e-01  3.6188539534e+05  5.3284004001e-02  3  3.2200000000e+01  1.9672251942e-13
 1.2999751815e+00  3.6328182513e+05 -2.8881354426e+00  2  1.6800000000e+01  1.9748162490e-13
 2.0874863467e+02  3.6331565654e+05 -1.5775872937e+02  0  8.7600000000e+00  1.9750001581e-13
 1.9721004992e+00  3.6343963027e+05  9.2576027663e-01  0  8.7600000000e+00  1.9756740848e-13
-6.5745928769e-01  3.6505875417e+05  1.0961447431e+00  1  1.2100000000e+01  1.9844757147e-13
-4.4629958500e+01  3.6535840987e+05  2.6160497531e+00  0  8.7600000000e+00  1.9861046565e-13
 1.2654552753e+01  3.6557916094e+05 -8.5277685578e+00  3  3.2200000000e+01  1.9873046692e-13
-1.2032075405e+01  3.6633106664e+05  4.6248618953e+01  1  1.2100000000e+01  1.9913920622e-13
 2.7119511518e+01  3.6645262235e+05  2.1533170931e+01  0  8.7600000000e+00  1.9920528445e-13
-3.0839564967e+00  3.6665100250e+05 -5.8286138708e+00  2  1.6800000000e+01  1.9931312478e-13
 5.5097760180e+01  3.7003486426e+05  1.0912466529e+02  1  1.2100000000e+01  2.0115260717e-13
 1.3943998784e+02  3.7259029489e+05  2.5002794932e+02  1  1.2100000000e+01  2.0254175069e-13
 1.2270735212e+02  3.7305571628e+05  1.3274243436e+02  2  1.6800000000e+01  2.0279475584e-13
 2.3485064913e-03  3.7310916630e+05  1.3485997479e-03  3  3.2200000000e+01  2.0282381151e-13
-1.4957656998e+01  3.7683097401e+05  9.0020084751e+01  0  8.7600000000e+00  2.0484700283e-13
-9.3243370251e+00  3.7848892045e+05 -4.2167365926e+01  1  1.2100000000e+01  2.0574826993e-13
 6.1403076831e-01  3.7945703852e+05  1.4033414635e-01  2  1.6800000000e+01  2.0627454324e-13
 5.7453325680e+02  3.8032079967e+05 -1.7425330042e+02  0  8.7600000000e+00  2.0674408766e-13
-1.9816919746e+01  3.8164533788e+05  7.1382916448e+01  1  1.2100000000e+01  2.0746411256e-13
 1.1602727001e+02  3.8194768744e+05  5.2408449365e+01  2  1.6800000000e+01  2.0762847113e-13
-3.3973276759e+00  3.8394140416e+05  1.0774417105e+00  0  8.7600000000e+00  2.0871226446e-13
-1.0951345092e+02  3.8581271664e+05  1.2314385067e+02  0  8.7600000000e+00  2.0972951829e-13
-4.0840367596e-03  3.9018048111e+05 -4.0581869213e-04  1  1.2100000000e+01  2.1210385459e-13
-5.1511372537e+00  3.9299907762e+05 -1.1480491196e+01  0  8.7600000000e+00  2.1363605626e-13
 5.6873618226e+01  3.9950687565e+05  3.2099356558e+01  1  1.2100000000e+01  2.1717372437e-13
 3.8394743483e-02  3.9992004454e+05 -8.0925917232e-01  2  1.6800000000e+01  2.1739832483e-13
-5.9475865941e-04  4.0346126157e+05  3.8912112540e-03  2  1.6800000000e+01  2.1932334624e-13
-2.0961872422e+01  4.0532775443e+05  5.6260592159e+01  0  8.7600000000e+00  2.2033798011e-13
-4.1245392310e-04  4.0602762713e+05 -2.1130855554e-03  2  1.6800000000e+01  2.2071843404e-13
-7.8589115535e+00  4.0760729145e+05  4.2548852985e+01  0  8.7600000000e+00  2.2157714663e-13
-4.6289301289e-03  4.1008746356e+05  1.5713229387e-03  3  3.2200000000e+01  2.2292537928e-13
 1.8243908302e+00  4.1097748209e+05 -5.0793495691e-01  1  1.2100000000e+01  2.2340919734e-13
-7.7536938050e-04  4.1107014711e+05 -1.6331779988e-03  0  8.7600000000e+00  2.2345957046e-13
 4.5009478524e+01  4.1138836127e+05  1.4605551484e+02  3  3.2200000000e+01  2.2363255309e-13
 3.5026533634e+00  4.1203807108e+05  3.6407839740e+00  0  8.7600000000e+00  2.2398573825e-13
-7.4474678685e-01  4.1211696003e+05 -2.1763494920e+00  0  8.7600000000e+00  2.2402862264e-13
 3.1005228188e+00  4.1426267761e+05  2.0280095702e+00  2  1.6800000000e+01  2.2519504431e-13
-1.2446835225e+00  4.1431500021e+05 -4.0398400558e-01  0  8.7600000000e+00  2.2522348711e-13
 2.9391798824e-02  4.1771850630e+05 -1.3339885960e+01  0  8.7600000000e+00  2.2707364824e-13
 1.7970680525e+01  4.1797618747e+05  6.5573315279e+00  0  8.7600000000e+00  2.2721372488e-13
 1.4693908914e+00  4.2334562001e+05  3.4924227261e+00  0  8.7600000000e+00  2.3013257243e-13
 1.1773746629e-03  4.2409578999e+05 -1.8640404040e-03  2  1.6800000000e+01  2.3054036818e-13
-2.2370277803e+02  4.2688863982e+05 -1.3746980304e+02  0  8.7600000000e+00  2.3205857384e-13
 1.9595062407e+01  4.2737444280e+05  3.5062216553e+01  0  8.7600000000e+00  2.3232265851e-13
-2.8808104825e+02  4.2774043789e+05 -1.4014187553e+02  0  8.7600000000e+00  2.3252161508e-13
-7.5107113771e-01  4.2876749900e+05  1.6567830811e+00  3  3.2200000000e+01  2.3307993009e-13
 1.0729294811e-03  4.2920235772e+05  2.7257884842e-03  3  3.2200000000e+01  2.3331632124e-13
 4.1097256336e+02  4.3201859592e+05 -2.0266327372e+02  0  8.7600000000e+00  2.3484724092e-13
-5.0235867148e+01  4.3300271763e+05 -2.8430698686e+02  0  8.7600000000e+00  2.3538221388e-13
 5.2488183423e+02  4.3550051373e+05 -7.9979613945e+02  1  1.2100000000e+01  2.3674002701e-13
 5.5738381049e-01  4.3692301895e+05 -2.5543267829e+00  1  1.2100000000e+01  2.3751330721e-13
 2.9705899725e+01  4.3786697951e+05  2.5648481688e+01  0  8.7600000000e+00  2.3802644839e-13
 9.8018269245e+01  4.3819362554e+05 -4.5734809519e+00  0  8.7600000000e+00  2.3820401464e-13
 5.1460211729e+00  4.4620060752e+05 -9.7772391047e+00  1  1.2100000000e+01  2.4255664585e-13
-2.6175068028e+00  4.4754096647e+05  5.2475527612e+00  0  8.7600000000e+00  2.4328527097e-13
-2.5511906512e+00  4.4864297995e+05 -1.3928822037e+00  0  8.7600000000e+00  2.4388433043e-13
 2.3270539461e-03  4.4937091527e+05  7.9567259913e-04  1  1.2100000000e+01  2.4428003932e-13
 4.4746471728e+00  4.5482209495e+05  1.1596446335e+00  0  8.7600000000e+00  2.4724332498e-13
 1.0155290366e+01  4.5540641229e+05 -1.8176040796e+00  2  1.6800000000e+01  2.4756096250e-13
-6.9185956251e-01  4.5758106487e+05  1.0981562725e+01  0  8.7600000000e+00  2.4874311337e-13
-7.6301560758e+01  4.5847060292e+05 -1.3551438881e+02  2  1.6800000000e+01  2.4922667023e-13
-5.7983451466e-01  4.5943325815e+05  5.8628980299e-01  2  1.6800000000e+01  2.4974997392e-13
 1.9176317084e+01  4.6412653650e+05 -1.6562729868e+02  1  1.2100000000e+01  2.5230126102e-13
 2.3925535606e+01  4.6643466673e+05 -1.3917748597e+02  1  1.2100000000e+01  2.5355597094e-13
 2.8693735962e-03  4.6799370280e+05 -4.4379684559e-03  3  3.2200000000e+01  2.5440346991e-13
 1.0521457013e+01  4.6847389414e+05 -5.7261568071e+01  1  1.2100000000e+01  2.5466450408e-13
-3.7715549636e+00  4.6980400280e+05  4.2056704271e-01  1  1.2100000000e+01  2.5538755709e-13
-2.9591018649e+01  4.7195661518e+05 -3.1478662730e+01  0  8.7600000000e+00  2.5655772681e-13
 1.0641612746e-03  4.7305708973e+05 -4.6414575957e-03  2  1.6800000000e+01  2.5715594970e-13
 1.0221891459e-03  4.7404954432e+05 -6.7024554623e-05  3  3.2200000000e+01  2.5769545245e-13
-8.3496738981e-01  4.7554891518e+05 -1.7821558084e+01  2  1.6800000000e+01  2.5851051716e-13
 5.4402715219e+00  4.7571504767e+05  1.1998399019e+00  0  8.7600000000e+00  2.5860082752e-13
 5.2101336634e+01  4.7636336947e+05 -2.8562575360e+02  2  1.6800000000e+01  2.5895325815e-13
 3.5183104540e-03  4.7704416448e+05  2.2438001108e-03  3  3.2200000000e+01  2.5932334136e-13
 1.5484615911e-03  4.7752855926e+05  4.9939624406e-03  0  8.7600000000e+00  2.5958666053e-13
-2.2222428113e+01  4.8112654422e+05  3.1229990950e+00  2  1.6800000000e+01  2.6154254125e-13
 9.6798738361e-01  4.8158375202e+05  2.5935374371e-01  0  8.7600000000e+00  2.6179108145e-13
-1.4514083911e+00  4.8259838146e+05  5.0456022166e+00  0  8.7600000000e+00  2.6234263856e-13
 1.0325752100e+02  4.8453126431e+05 -7.3812433481e+01  1  1.2100000000e+01  2.6339336232e-13
-1.5548162824e+01  4.8617230792e+05 -2.5322215902e+00  2  1.6800000000e+01  2.6428544096e-13
 1.0953256448e+01  4.8711491652e+05  2.0410199796e+01  0  8.7600000000e+00  2.6479784721e-13
 6.7901171602e+00  4.8879291054e+05 -4.5719064234e+00  2  1.6800000000e+01  2.6571001227e-13
 6.1074872426e+02  4.8950087247e+05  8.6104149178e+02  1  1.2100000000e+01  2.6609486354e-13
 5.0009604857e+02  4.8986515348e+05 -3.1568123053e+02  0  8.7600000000e+00  2.6629288832e-13
-9.0401436852e-01  4.8987512483e+05 -3.0466415012e+00  1  1.2100000000e+01  2.6629830879e-13
 1.6326808538e+01  4.9038442551e+05 -3.3284634715e+01  0  8.7600000000e+00  2.6657516692e-13
 3.5267397848e-03  4.9170805934e+05  3.9155624895e-03  2  1.6800000000e+01  2.6729470019e-13
 4.0694774496e+00  4.9295926425e+05  3.6843787714e+00  3  3.2200000000e+01  2.6797486078e-13
-1.1412390350e-03  4.9439652313e+05 -8.0446139714e-04  2  1.6800000000e+01  2.6875616113e-13
 3.0330694390e+01  4.9630555630e+05  2.2574549082e+01  1  1.2100000000e+01  2.6979392010e-13
-4.5124820775e+00  4.9723714423e+05  1.7753770129e+00  1  1.2100000000e+01  2.7030033546e-13
-6.4183009289e+00  4.9957959297e+05 -4.0244352148e+01  0  8.7600000000e+00  2.7157370108e-13
 2.7903524198e+01  5.0274609838e+05 -1.3380936318e+02  1  1.2100000000e+01  2.7329502758e-13
-5.8270172476e-04  5.0281763491e+05 -3.4678880351e-03  1  1.2100000000e+01  2.7333391516e-13
-1.1514193459e+01  5.0291822543e+05 -3.9870859358e+00  2  1.6800000000e+01  2.7338859661e-13
-1.3910499800e+00  5.0373919438e+05 -7.6153865918e-01  2  1.6800000000e+01  2.7383487901e-13
-2.6998477577e+00  5.0483171943e+05  1.1144833057e+00  1  1.2100000000e+01  2.7442878051e-13
-7.5947473108e+01  5.1230536368e+05  4.6710029669e+01  0  8.7600000000e+00  2.7849148695e-13
-4.7942058927e-03  5.1505500523e+05  3.7815607985e-03  1  1.2100000000e+01  2.7998620439e-13
 5.9113223793e+00  5.1566296610e+05  1.9385735973e+01  0  8.7600000000e+00  2.8031669464e-13
-3.3076589454e-03  5.1595195630e+05 -1.8238945570e-03  1  1.2100000000e+01  2.8047379101e-13
 1.7496856305e+00  5.1771380937e+05 -6.9743264241e+00  0  8.7600000000e+00  2.8143154222e-13
-9.2201599239e+01  5.2081284153e+05  7.6699337471e+01  2  1.6800000000e+01  2.8311618996e-13
 7.6720517671e+01  5.2256168783e+05  1.8542226457e+01  1  1.2100000000e+01  2.8406687063e-13
 1.4455077817e+02  5.2293147642e+05 -7.2519878977e+01  2  1.6800000000e+01  2.8426788936e-13
 9.1393458251e+00  5.2378645293e+05 -2.8765325494e+01  2  1.6800000000e+01  2.8473265842e-13
 6.2798865114e+01  5.2473054165e+05 -2.9371732515e+01  0  8.7600000000e+00  2.8524586927e-13
 7.5874409207e+00  5.2636803884e+05  3.5253499983e+00  1  1.2100000000e+01  2.8613602006e-13
-1.1886030637e+01  5.2670763246e+05  5.5389021413e+01  0  8.7600000000e+00  2.8632062467e-13
-6.8907331591e+01  5.2726462655e+05  1.5519817251e+02  0  8.7600000000e+00  2.8662340915e-13
-4.0460256996e+01  5.2862851175e+05  1.5359464635e+02  1  1.2100000000e+01  2.8736482324e-13
-4.1958194222e-03  5.2920432600e+05  8.6297061102e-04  3  3.2200000000e+01  2.8767783845e-13
 2.7108894800e+01  5.2964884455e+05  5.8738362696e+01  0  8.7600000000e+00  2.8791948072e-13
 3.9470593580e-03  5.3057378454e+05 -1.7733704330e-03  3  3.2200000000e+01  2.8842228224e-13
-6.3495386041e+00  5.3229550761e+05  3.5603191086e+00  1  1.2100000000e+01  2.8935821860e-13
 8.7542702252e+01  5.3612088692e+05  1.0183180431e+02  2  1.6800000000e+01  2.9143771190e-13
-4.8837653909e+01  5.3676124983e+05 -4.7665512080e+01  2  1.6800000000e+01  2.9178581604e-13
-5.4779944876e+01  5.3682565960e+05  1.5313279188e+02  1  1.2100000000e+01  2.9182082948e-13
 4.9631321058e-03  5.3699968407e+05 -4.6386986504e-03  3  3.2200000000e+01  2.9191542996e-13
-5.4007573973e-01  5.4239488825e+05 -2.2667936392e+00  1  1.2100000000e+01  2.9484828708e-13
-1.8525501789e+01  5.4310543172e+05 -2.3033297656e+01  1  1.2100000000e+01  2.9523454169e-13
-1.0072920167e+02  5.4333540876e+05 -7.2386056982e+01  2  1.6800000000e+01  2.9535955824e-13
 2.0105538358e+00  5.4439666019e+05  9.0853687129e+00  0  8.7600000000e+00  2.9593645926e-13
 3.7260441121e+00  5.4502085436e+05  5.2471962149e+00  1  1.2100000000e+01  2.9627577401e-13
-9.6715420718e+00  5.4689674820e+05  3.9095489023e+00  3  3.2200000000e+01  2.9729551829e-13
 1.9680519278e+00  5.4884231646e+05 -5.3458927363e+00  2  1.6800000000e+01  2.9835313789e-13
-8.2186247014e+00  5.5012464017e+05 -1.4959738110e+01  1  1.2100000000e+01  2.9905021479e-13
 1.7013958236e+00  5.5013319852e+05  1.7966022536e+00  2  1.6800000000e+01  2.9905486715e-13
 3.5923967021e+01  5.5039888873e+05 -3.6928967667e+01  0  8.7600000000e+00  2.9919929754e-13
-7.0974052339e+01  5.5298146374e+05  4.8246613337e+01  0  8.7600000000e+00  3.0060319687e-13
 3.2663015460e+01  5.5330496652e+05 -2.3678978811e+01  2  1.6800000000e+01  3.0077905442e-13
 2.2991394773e+00  5.5500056523e+05  7.0655065198e+00  1  1.2100000000e+01  3.0170078946e-13
-2.1465754223e+01  5.5542332373e+05 -3.7274338688e+01  0  8.7600000000e+00  3.0193060288e-13
 1.1839754138e+01  5.5687944339e+05  1.3328750114e+01  0  8.7600000000e+00  3.0272215604e-13
 5.6289102039e+01  5.5703793924e+05 -4.9392742250e+01  0  8.7600000000e+00  3.0280831509e-13
-2.6082165295e-03  5.5976481959e+05  3.7047881953e-03  1  1.2100000000e+01  3.0429065944e-13
-1.1727024074e+01  5.6238371294e+05 -4.9895781816e+00  0  8.7600000000e+00  3.0571430158e-13
 3.2266674000e+00  5.6267182230e+05  1.1769299418e-01  0  8.7600000000e+00  3.0587091912e-13
-9.9094347597e+00  5.6404610573e+05 -6.2356004200e+00  1  1.2100000000e+01  3.0661798574e-13
-4.1166529474e+00  5.6802929440e+05  1.1553259904e+01  0  8.7600000000e+00  3.0878326491e-13
-9.6874517510e+00  5.6946200276e+05  2.5672366963e+01  0  8.7600000000e+00  3.0956209158e-13
 9.2325175238e-01  5.7145912366e+05 -1.9132597193e-01  1  1.2100000000e+01  3.1064773544e-13
-2.0358112235e+01  5.7320527904e+05  1.1117148241e+02  2  1.6800000000e+01  3.1159695331e-13
 2.8317275107e+01  5.7489875350e+05  1.0770374542e+02  0  8.7600000000e+00  3.1251753360e-13
 2.0506466768e+01  5.7595893295e+05 -1.1544912534e+01  0  8.7600000000e+00  3.1309385189e-13
-1.0737807913e+01  5.7633917833e+05  1.1140072442e+01  1  1.2100000000e+01  3.1330055498e-13
-1.1019697643e+01  5.7716462783e+05  3.3580075451e+00  2  1.6800000000e+01  3.1374927302e-13
 5.7276978627e-02  5.7740990707e+05 -2.8675276128e+00  2  1.6800000000e+01  3.1388260791e-13
-7.1242367775e+00  5.7755030772e+05  1.5133934647e+01  2  1.6800000000e+01  3.1395893033e-13
 7.1591809024e+00  5.7765932597e+05  3.7534971757e+00  0  8.7600000000e+00  3.1401819314e-13
-1.8957146547e+01  5.7926220560e+05 -1.6824969181e+01  0  8.7600000000e+00  3.1488952568e-13
-1.5158133732e+02  5.7967991243e+05  4.2268311930e+00  2  1.6800000000e+01  3.1511659298e-13
-5.6768738908e+00  5.8057202787e+05  1.5150555909e+01  0  8.7600000000e+00  3.1560155092e-13
-2.8285861378e+02  5.8554231463e+05 -1.7091965868e+02  2  1.6800000000e+01  3.1830342103e-13
 2.5733420635e+00  5.8673296959e+05 -2.4776182067e+00  1  1.2100000000e+01  3.1895066639e-13
-3.6248016351e-03  5.8785303833e+05 -2.0410811561e-03  0  8.7600000000e+00  3.1955954077e-13
-4.5033238883e+00  5.8811516768e+05  3.6735171001e+00  0  8.7600000000e+00  3.1970203546e-13
 2.9758598957e+02  5.9012118431e+05  3.1312261167e+02  0  8.7600000000e+00  3.2079251507e-13
 4.4318704048e+00  5.9294851498e+05  1.7941836639e+00  1  1.2100000000e+01  3.2232946467e-13
-1.4961285107e+02  5.9543853939e+05  7.4707005234e+01  0  8.7600000000e+00  3.2368305308e-13
 4.7984790745e+00  5.9661506097e+05  4.4298848000e+00  1  1.2100000000e+01  3.2432261547e-13
 2.3743949043e+00  5.9797806497e+05  8.3522176024e+00  1  1.2100000000e+01  3.2506355054e-13
 5.1260802557e+02  5.9870504996e+05 -3.7598385651e+02  0  8.7600000000e+00  3.2545874283e-13
-8.9665422885e-01  6.0216727828e+05  3.7148250213e+00  0  8.7600000000e+00  3.2734082563e-13
 6.5365617081e+01  6.0367282715e+05  9.8290911448e+01  0  8.7600000000e+00  3.2815924873e-13
-4.4509911628e-03  6.0456281583e+05  2.1915272471e-03  2  1.6800000000e+01  3.2864305055e-13
 1.1931751540e+01  6.0494224114e+05  1.0035176278e+02  0  8.7600000000e+00  3.2884930785e-13
-3.4513258459e+00  6.0521717661e+05  7.3086408158e-01  1  1.2100000000e+01  3.2899876400e-13
-6.5080155392e+01  6.0616639490e+05 -7.4225186278e+01  2  1.6800000000e+01  3.2951476331e-13
-5.9175908719e+01  6.0636969007e+05 -7.8796316351e+01  3  3.2200000000e+01  3.2962527547e-13
 2.4875231734e+00  6.0687920287e+05 -2.2316899371e+01  0  8.7600000000e+00  3.2990224891e-13
 4.4046612899e+01  6.0697084501e+05 -4.7022920792e+01  2  1.6800000000e+01  3.2995206599e-13
 1.5315024785e+01  6.0771551400e+05 -3.4164473307e+01  2  1.6800000000e+01  3.3035687138e-13
 7.7384655146e+00  6.1214390285e+05  2.6190349736e+00  0  8.7600000000e+00  3.3276416336e-13
 2.9984412100e-03  6.1470009898e+05  4.8014167369e-03  4  4.0000000000e+01  3.3415372302e-13
-2.5889023336e-03  6.1561058501e+05 -1.6815201410e-03  1  1.2100000000e+01  3.3464866729e-13
-2.9881880117e+01  6.1562114413e+05 -1.7754091446e+01  0  8.7600000000e+00  3.3465440728e-13
-2.0536419861e+01  6.1590747412e+05 -3.1572783823e+01  3  3.2200000000e+01  3.3481005754e-13
 1.4595814285e+02  6.1756186029e+05 -2.7671711975e+01  1  1.2100000000e+01  3.3570938926e-13
-1.3090105803e-03  6.1831316569e+05 -5.4082353857e-04  2  1.6800000000e+01  3.3611780224e-13
 3.7878718943e-04  6.2144740023e+05 -3.7237072032e-03  2  1.6800000000e+01  3.3782158615e-13
 2.0751395741e+00  6.2453146236e+05  2.4594085534e+00  2  1.6800000000e+01  3.3949809612e-13
-4.9804450662e+01  6.2604629186e+05 -1.3403598685e+01  1  1.2100000000e+01  3.4032156421e-13
 2.2586216561e+01  6.2632644048e+05 -6.5171233657e+01  0  8.7600000000e+00  3.4047385425e-13
 1.0914116970e+00  6.2665887570e+05  1.6445032106e+00  1  1.2100000000e+01  3.4065456753e-13
 3.1616367216e+02  6.2711092118e+05  1.1322249705e+02  2  1.6800000000e+01  3.4090030147e-13
 4.4412670228e-01  6.3020214866e+05 -1.8271987254e+00  1  1.2100000000e+01  3.4258070655e-13
-4.3469634928e-03  6.3355397879e+05  5.8457568082e-04  0  8.7600000000e+00  3.4440277640e-13
 4.9634675821e-03  6.3379467944e+05  9.9965255521e-04  1  1.2100000000e+01  3.4453362235e-13
 1.6786849757e+01  6.3393314695e+05  2.2394897344e+01  0  8.7600000000e+00  3.4460889391e-13
-1.5053796078e+01  6.3471523050e+05 -6.7301935749e+00  0  8.7600000000e+00  3.4503403803e-13
 1.1604954517e-03  6.3606155455e+05  4.4470571631e-03  1  1.2100000000e+01  3.4576590580e-13
 3.2832385773e+01  6.3615717801e+05 -2.9943018542e+01  0  8.7600000000e+00  3.4581788714e-13
-7.0542739278e+01  6.3815629574e+05 -1.2795255339e+02  2  1.6800000000e+01  3.4690461648e-13
 5.3433512634e+01  6.3848358771e+05 -1.0729498126e+01  0  8.7600000000e+00  3.4708253386e-13
 6.9884764978e+00  6.4072198692e+05 -7.1050455656e+00  0  8.7600000000e+00  3.4829933768e-13
-3.8680340196e+02  6.4292942798e+05 -1.8519578983e+02  1  1.2100000000e+01  3.4949931251e-13
-1.6326373620e+00  6.4323928709e+05 -8.5303846995e+00  0  8.7600000000e+00  3.4966775331e-13
 2.4817034069e+01  6.4402208512e+05 -2.3105534412e+00  0  8.7600000000e+00  3.5009328582e-13
 2.4047721147e+01  6.4562168780e+05  9.0773435776e+01  0  8.7600000000e+00  3.5096283699e-13
 2.2874266748e+02  6.4637406813e+05 -1.5053515424e+02  0  8.7600000000e+00  3.5137183430e-13
-7.5778837597e-01  6.4648041930e+05 -1.8974808987e-01  0  8.7600000000e+00  3.5142964727e-13
 1.8961381488e+01  6.5249190664e+05  4.7185130055e+01  2  1.6800000000e+01  3.5469751868e-13
 3.0108070968e+00  6.5479166977e+05 -8.0113193096e+00  2  1.6800000000e+01  3.5594768020e-13
 5.8529022883e+00  6.5505207498e+05  3.4519674453e+00  2  1.6800000000e+01  3.5608923764e-13
-2.5403913299e+01  6.5912862449e+05 -1.8035619229e+01  0  8.7600000000e+00  3.5830526818e-13
 4.3661300315e+00  6.5917677037e+05 -1.4767612051e-01  0  8.7600000000e+00  3.5833144050e-13
 2.8728249470e+00  6.6074558299e+05  4.4664408487e-01  1  1.2100000000e+01  3.5918425406e-13
-4.8422425439e+00  6.6130162704e+05 -4.0622115279e+00  0  8.7600000000e+00  3.5948652209e-13
-1.9288145615e+01  6.6143581894e+05  7.9346204876e+00  1  1.2100000000e+01  3.5955946941e-13
 1.6897399755e-03  6.6152657965e+05 -5.4023230706e-04  3  3.2200000000e+01  3.5960880733e-13
-1.6140770675e+01  6.6418378366e+05  2.8900596543e+00  2  1.6800000000e+01  3.6105327532e-13
 7.9456519778e+01  6.6440031546e+05 -1.6456434805e+02  3  3.2200000000e+01  3.6117098297e-13
-3.7718904785e+01  6.7014986398e+05  4.1309648742e+01  0  8.7600000000e+00  3.6429646327e-13
-9.8195374443e+01  6.7058474924e+05 -1.7169413603e+02  1  1.2100000000e+01  3.6453286884e-13
 3.1561518336e-04  6.7083983250e+05  4.5443866493e-03  2  1.6800000000e+01  3.6467153324e-13
-1.8556890378e+02  6.7098615803e+05  2.6255491827e+02  1  1.2100000000e+01  3.6475107645e-13
-2.8066026937e+00  6.7341164811e+05  1.4581907614e+01  0  8.7600000000e+00  3.6606958370e-13
-2.4935853470e-03  6.7718787133e+05  3.1107360744e-04  2  1.6800000000e+01  3.6812235554e-13
-1.7858796831e-03  6.7732112005e+05  4.7201658784e-03  3  3.2200000000e+01  3.6819479014e-13
 1.8279183362e-03  6.7789575542e+05  1.8234761929e-03  0  8.7600000000e+00  3.6850716449e-13
 3.3194618431e-01  6.7801107159e+05  8.1068338628e+01  0  8.7600000000e+00  3.6856985088e-13
 1.3984292619e+01  6.7828178992e+05 -2.9938511106e+00  2  1.6800000000e+01  3.6871701457e-13
 4.7950441381e+01  6.8078714940e+05  4.2641694542e+02  2  1.6800000000e+01  3.7007893919e-13
-2.2744571837e+00  6.8121969009e+05 -6.2808211776e-01  1  1.2100000000e+01  3.7031407025e-13
-7.3692867325e+01  6.8190165809e+05  1.3138960764e+02  0  8.7600000000e+00  3.7068479110e-13
 1.5890302479e+01  6.8302232569e+05 -1.8935871695e+00  2  1.6800000000e+01  3.7129399102e-13
 2.3531740326e+01  6.8426393911e+05 -5.1481780008e+00  0  8.7600000000e+00  3.7196893763e-13
 2.6542518247e+01  6.8599458127e+05  2.4808190571e+01  0  8.7600000000e+00  3.7290972245e-13
 8.6156594295e+01  6.8733729931e+05  7.4033009976e+01  0  8.7600000000e+00  3.7363962998e-13
-1.4292083157e+00  6.8815348328e+05  1.6827383379e+01  1  1.2100000000e+01  3.7408331124e-13
 1.8214165791e+01  6.8949245170e+05 -3.4927319478e+01  1  1.2100000000e+01  3.7481118045e-13
 7.6118306850e+02  6.9116259059e+05 -6.1864808764e+02  0  8.7600000000e+00  3.7571907543e-13
-3.1699663537e+00  6.9315451794e+05 -8.8751415601e-01  0  8.7600000000e+00  3.7680189604e-13
 1.7127285354e+00  6.9348229838e+05 -4.6870513624e+00  1  1.2100000000e+01  3.7698007896e-13
 5.0900889712e+00  6.9370674654e+05 -8.6957798508e+00  1  1.2100000000e+01  3.7710208998e-13
-2.8356255115e-03  6.9424555398e+05  1.6420279241e-03  1  1.2100000000e+01  3.7739498812e-13
-2.4366790417e-03  6.9464060910e+05 -3.2646535515e-03  3  3.2200000000e+01  3.7760974185e-13
-1.2663021520e+01  6.9559931972e+05  2.3904872363e+01  2  1.6800000000e+01  3.7813090122e-13
 2.5298729661e+01  6.9679272058e+05 -6.9953286204e+01  0  8.7600000000e+00  3.7877963927e-13
 7.9252879737e-01  6.9694065122e+05 -8.3313706433e-01  2  1.6800000000e+01  3.7886005503e-13
 2.2914711151e+00  6.9769209202e+05  4.9195739022e+00  2  1.6800000000e+01  3.7926854161e-13
-7.4376417338e+00  7.0164061787e+05 -3.8216431722e+01  2  1.6800000000e+01  3.8141497792e-13
 2.7058602524e+00  7.0541163123e+05 -1.3332193003e+00  2  1.6800000000e+01  3.8346491765e-13
-6.6265224881e+00  7.0884313754e+05 -5.2159904452e+00  2  1.6800000000e+01  3.8533029983e-13
 1.1809562754e+00  7.0942751283e+05 -2.8515904812e-01  0  8.7600000000e+00  3.8564796884e-13
 1.6296430578e+01  7.1139592032e+05 -2.2266568659e+01  1  1.2100000000e+01  3.8671800396e-13
-1.2118807407e+01  7.1183905770e+05  2.4759313509e-01  0  8.7600000000e+00  3.8695889542e-13
 3.0332959884e+00  7.1214828743e+05 -1.0864561132e+00  0  8.7600000000e+00  3.8712699409e-13
-1.1001699905e+02  7.1370342439e+05 -1.2724595495e+02  0  8.7600000000e+00  3.8797237349e-13
 6.0262709032e+00  7.1572025221e+05 -2.3181288169e+00  1  1.2100000000e+01  3.8906873012e-13
 9.6775967906e-04  7.1704577506e+05 -4.8630740959e-03  4  4.0000000000e+01  3.8978929027e-13
 1.7542512978e+01  7.1717423908e+05  1.9782417269e+01  0  8.7600000000e+00  3.8985912388e-13
 1.3378730872e+01  7.1916378432e+05 -5.9340864351e+00  0  8.7600000000e+00  3.9094064957e-13
-3.7794377685e+00  7.2242630752e+05 -3.4801302097e+00  2  1.6800000000e+01  3.9271417178e-13
 9.6443324159e-01  7.2383764962e+05 -2.4935672611e+00  0  8.7600000000e+00  3.9348138365e-13
-4.5292097506e+01  7.2564650652e+05  1.3658029667e+01  1  1.2100000000e+01  3.9446468635e-13
-8.1862691226e+00  7.2602172691e+05  3.2774644284e+00  0  8.7600000000e+00  3.9466865783e-13
 7.5567831767e+01  7.2669112352e+05  4.8392694673e+01  0  8.7600000000e+00  3.9503254483e-13
-2.9052926370e-01  7.2847571261e+05  6.5743131413e+00  2  1.6800000000e+01  3.9600265544e-13
 4.0697932114e-01  7.2915973881e+05 -3.6627813294e+00  2  1.6800000000e+01  3.9637449514e-13
 2.0194871640e+00  7.2949088016e+05 -2.9123068880e+01  0  8.7600000000e+00  3.9655450506e-13
-3.9796971677e+02  7.2993671269e+05 -2.2675535117e+02  1  1.2100000000e+01  3.9679686162e-13
-3.6863290512e-03  7.3120735761e+05  3.8676358009e-03  3  3.2200000000e+01  3.9748758988e-13
 3.3549058476e-03  7.3184757743e+05 -4.0974189616e-03  2  1.6800000000e+01  3.9783561623e-13
 4.6795119483e-03  7.3466815855e+05 -1.4426842595e-03  0  8.7600000000e+00  3.9936889675e-13
 2.8056510574e-03  7.3513491126e+05  4.5773220759e-03  3  3.2200000000e+01  3.9962262561e-13
 1.0521292808e-03  7.3524192872e+05  3.1368220309e-03  3  3.2200000000e+01  3.9968080078e-13
-6.2595004093e-01  7.3674306626e+05 -1.2525717734e+00  2  1.6800000000e+01  4.0049682586e-13
-6.1125837043e+00  7.3730289799e+05 -4.5848360412e+00  0  8.7600000000e+00  4.0080115289e-13
 2.6757503690e+00  7.3868326883e+05  3.7211417034e+00  0  8.7600000000e+00  4.0155152865e-13
 2.0824900647e-01  7.3904987395e+05 -4.8905209770e+01  1  1.2100000000e+01  4.0175081683e-13
 4.9952990334e+01  7.4342926195e+05 -4.8325391408e+01  0  8.7600000000e+00  4.0413147174e-13
 5.6787406354e-04  7.4560128375e+05  4.2593858574e-03  3  3.2200000000e+01  4.0531219250e-13
-2.6617996972e+02  7.4596968937e+05 -1.3958935745e+02  2  1.6800000000e+01  4.0551245944e-13
-2.5018949097e-03  7.4617817996e+05  6.5225340224e-04  0  8.7600000000e+00  4.0562579586e-13
 5.0599755404e+00  7.4835910016e+05  1.9956163824e+02  1  1.2100000000e+01  4.0681135384e-13
-8.0163634618e+00  7.4841140771e+05  1.7028678819e+01  0  8.7600000000e+00  4.0683978845e-13
-2.4406384702e+00  7.5004099438e+05  2.3372523969e+00  0  8.7600000000e+00  4.0772563906e-13
-1.4409309432e+03  7.5209602137e+05  1.5297714614e+02  0  8.7600000000e+00  4.0884276092e-13
 1.3076326592e+02  7.5236683702e+05 -8.2963841858e+01  2  1.6800000000e+01  4.0898997752e-13
-5.3304154221e-01  7.5236712837e+05  5.2270524671e+00  1  1.2100000000e+01  4.0899013590e-13
 8.4957137664e+00  7.5457241700e+05  2.7752502083e+01  0  8.7600000000e+00  4.1018894066e-13
-6.1488835844e+00  7.5540940527e+05  1.0355444137e+00  0  8.7600000000e+00  4.1064393123e-13
-4.5785251957e+01  7.5989849470e+05 -4.3718095689e+00  1  1.2100000000e+01  4.1308422032e-13
-1.3845059940e+02  7.6036089095e+05  4.5153187018e+00  3  3.2200000000e+01  4.1333558099e-13
 2.5329596595e+00  7.6091443194e+05 -9.9980657874e+00  1  1.2100000000e+01  4.1363648834e-13
-2.5711134999e+00  7.6127626568e+05 -9.9987953907e+00  0  8.7600000000e+00  4.1383318279e-13
 1.2480570652e+01  7.6162071864e+05  8.7410127197e-02  2  1.6800000000e+01  4.1402042896e-13
 1.4655973309e+01  7.6542988700e+05  3.6716295062e+00  0  8.7600000000e+00  4.1609110991e-13
 1.9611964853e+02  7.6650013547e+05 -7.1718587351e+01  1  1.2100000000e+01  4.1667290177e-13
-1.6532642678e+00  7.6706342628e+05  5.9115181471e+00  0  8.7600000000e+00  4.1697910917e-13
 2.4229313654e-03  7.6776574639e+05  2.2074582787e-03  2  1.6800000000e+01  4.1736089353e-13
-2.4309044498e+01  7.6969534146e+05 -8.2970969251e+01  0  8.7600000000e+00  4.1840983004e-13
-1.4486982221e+01  7.7141618765e+05 -1.1938633239e+02  1  1.2100000000e+01  4.1934528972e-13
 3.2047499711e+00  7.7295747912e+05  6.3083064740e+00  0  8.7600000000e+00  4.2018314266e-13
 8.7707929592e+01  7.7369742627e+05  6.1151660537e+01  1  1.2100000000e+01  4.2058538123e-13
 1.5443508094e+00  7.7510867209e+05  5.5628379288e+00  1  1.2100000000e+01  4.2135254077e-13
 7.5129055686e-04  7.7759483490e+05 -3.0596108726e-03  3  3.2200000000e+01  4.2270403000e-13
 6.7811579344e+00  7.8041159677e+05  7.4417602334e-02  0  8.7600000000e+00  4.2423523435e-13
-6.7738512974e+02  7.8132682574e+05  5.4801054571e+02  2  1.6800000000e+01  4.2473275691e-13
-1.3714262816e+00  7.8180044849e+05 -2.9586542330e+00  0  8.7600000000e+00  4.2499022035e-13
 2.0062311649e+00  7.8251013576e+05 -7.5397590737e+00  2  1.6800000000e+01  4.2537600953e-13
 2.1304035286e+00  7.8658795909e+05 -3.0952926087e+00  1  1.2100000000e+01  4.2759273253e-13
-2.8799350690e-03  7.8785666168e+05 -3.0687039057e-03  0  8.7600000000e+00  4.2828240493e-13
 4.2934567105e-03  7.9119473086e+05  1.2693414703e-04  3  3.2200000000e+01  4.3009699427e-13
 4.1064115719e+01  7.9228829794e+05 -2.1553528126e+00  2  1.6800000000e+01  4.3069146222e-13
 3.3822091894e-03  7.9401624243e+05  4.7898464835e-03  2  1.6800000000e+01  4.3163078058e-13
-5.1535287778e+01  7.9468617608e+05 -1.0253359705e+02  0  8.7600000000e+00  4.3199495950e-13
 5.1393359146e+00  7.9533372150e+05 -2.7778874997e+01  2  1.6800000000e+01  4.3234696809e-13
 2.1232616904e+03  7.9735238013e+05  3.0757846892e+03  0  8.7600000000e+00  4.3344431995e-13
-1.6570889529e+00  7.9972447504e+05 -1.6592285743e+00  0  8.7600000000e+00  4.3473380135e-13
 4.6084302722e+01  8.0106062468e+05 -1.1417093131e+01  0  8.7600000000e+00  4.3546013827e-13
 2.9498485233e-03  8.0161786052e+05 -1.8958682226e-03  0  8.7600000000e+00  4.3576305417e-13
-6.6182785222e-01  8.0190148746e+05  9.3299610477e-01  2  1.6800000000e+01  4.3591723504e-13
 5.8058041621e+01  8.0387999903e+05 -4.3147496182e+01  0  8.7600000000e+00  4.3699276278e-13
-4.0028144902e+01  8.0515508447e+05  3.3238154359e+01  0  8.7600000000e+00  4.3768590493e-13
-2.9885223510e+01  8.0560447013e+05  4.2671465816e+00  0  8.7600000000e+00  4.3793019298e-13
 3.2791432963e+02  8.0668669854e+05 -2.8388527641e+02  1  1.2100000000e+01  4.3851849718e-13
 3.5701589302e+01  8.0726653520e+05  3.5863307635e+02  1  1.2100000000e+01  4.3883369899e-13
-5.3678615762e+01  8.0781207293e+05  1.9605704172e+00  0  8.7600000000e+00  4.3913025574e-13
-3.8572180173e-03  8.0842085189e+05  1.7367837516e-03  3  3.2200000000e+01  4.3946119070e-13
 7.4318451378e+01  8.0877232251e+05  9.7423523844e+00  0  8.7600000000e+00  4.3965225170e-13
-1.1146434230e+02  8.0877750355e+05 -4.0548420386e+01  2  1.6800000000e+01  4.3965506814e-13
-4.6769584532e+01  8.1206335071e+05 -2.1198017760e+01  0  8.7600000000e+00  4.4144126935e-13
 1.3334447518e+02  8.1236116590e+05 -7.1158099100e+01  0  8.7600000000e+00  4.4160316302e-13
-1.8497557195e+01  8.1487585990e+05 -1.5219278917e+01  0  8.7600000000e+00  4.4297016193e-13
 2.9055723352e+01  8.1538583246e+05 -5.9882529587e+01  0  8.7600000000e+00  4.4324738529e-13
 5.0635572317e-01  8.1767755731e+05 -2.2086870301e+00  0  8.7600000000e+00  4.4449317717e-13
-7.5561039009e+00  8.1838945611e+05 -1.7052023647e+01  2  1.6800000000e+01  4.4488016854e-13
 9.2124194206e+00  8.1963039844e+05  1.1587079422e+01  1  1.2100000000e+01  4.4555475034e-13
-9.5452923320e+00  8.1991511675e+05  5.1187878219e+00  3  3.2200000000e+01  4.4570952449e-13
 4.9446696677e+00  8.2074013310e+05  8.9027975946e-02  1  1.2100000000e+01  4.4615800706e-13
 1.2333004912e+00  8.2280032184e+05 -6.4518007267e+00  0  8.7600000000e+00  4.4727793488e-13
 1.2451363966e-04  8.2334911928e+05  2.7007417789e-03  0  8.7600000000e+00  4.4757626362e-13
 1.3670783054e-03  8.2359616043e+05 -3.5149212594e-03  1  1.2100000000e+01  4.4771055629e-13
 5.8321304770e-01  8.2420058875e+05  2.4672968241e-01  0  8.7600000000e+00  4.4803912623e-13
-9.0653258877e+00  8.2474768189e+05 -4.7854972218e+01  0  8.7600000000e+00  4.4833652851e-13
-4.4830581868e+02  8.2581701264e+05  6.7866574459e+01  2  1.6800000000e+01  4.4891782149e-13
 8.2458748999e+00  8.2635005751e+05 -1.1707109412e+01  2  1.6800000000e+01  4.4920758706e-13
 3.0775766706e-02  8.2876961404e+05 -4.0315794232e+00  1  1.2100000000e+01  4.5052286881e-13
-5.8175070826e+00  8.2986836395e+05 -3.8337027760e+00  0  8.7600000000e+00  4.5112015418e-13
-1.3377278328e+00  8.3038574040e+05  2.7865022798e+00  0  8.7600000000e+00  4.5140140233e-13
-4.9764738829e+00  8.3070800175e+05 -1.3754820341e+00  2  1.6800000000e+01  4.5157658505e-13
-3.9459918821e+00  8.3126682260e+05  4.8028374720e+00  1  1.2100000000e+01  4.5188036256e-13
-2.1511150521e+02  8.3383076705e+05 -5.5447343557e+01  0  8.7600000000e+00  4.5327413423e-13
 4.2950127219e+00  8.3410950587e+05  1.2819827549e-01  1  1.2100000000e+01  4.5342565790e-13
-5.0909069746e-01  8.3468345180e+05 -1.5348502222e-01  3  3.2200000000e+01  4.5373765747e-13
 3.3531433864e+01  8.3564322956e+05  1.2757264898e+02  0  8.7600000000e+00  4.5425939695e-13
-1.0856583326e+00  8.3664724481e+05  3.0999669412e+00  1  1.2100000000e+01  4.5480518413e-13
 1.6747507553e+00  8.3678630148e+05 -1.2971469902e+00  1  1.2100000000e+01  4.5488077596e-13
 1.0346918633e+01  8.4408415559e+05 -5.0784366028e+00  0  8.7600000000e+00  4.5884792210e-13
-1.8104637765e+01  8.5064929378e+05  1.4142997851e+01  0  8.7600000000e+00  4.6241676058e-13
-7.9529988683e-01  8.5093956832e+05 -9.5322028214e-01  2  1.6800000000e+01  4.6257455511e-13
 4.7183936880e-03  8.5115619869e+05  2.0427135271e-03  3  3.2200000000e+01  4.6269231635e-13
 1.8862503380e-03  8.5367860462e+05  2.2094307408e-03  0  8.7600000000e+00  4.6406350750e-13
 1.3046826907e+01  8.5593224609e+05  4.8821237141e+00  0  8.7600000000e+00  4.6528859708e-13
-1.4240640571e+00  8.5899432521e+05 -4.4877355205e+00  3  3.2200000000e+01  4.6695315699e-13
 3.9024602570e-03  8.5988617006e+05 -1.3504604047e-03  3  3.2200000000e+01  4.6743796783e-13
 2.8119783186e-03  8.6314694767e+05  9.1960139848e-04  2  1.6800000000e+01  4.6921054112e-13
-1.1230644132e+02  8.6426144629e+05 -2.1741224107e+01  0  8.7600000000e+00  4.6981638756e-13
-6.3400064982e+01  8.6689394048e+05 -1.5027392974e+01  2  1.6800000000e+01  4.7124742318e-13
-1.9157649441e+01  8.6936229795e+05  1.0664818871e+02  2  1.6800000000e+01  4.7258923334e-13
 6.5727751158e+00  8.7106956539e+05  1.8689909345e+00  0  8.7600000000e+00  4.7351731155e-13
-4.2592957007e-03  8.7129647398e+05  4.0171582620e-03  3  3.2200000000e+01  4.7364066008e-13
 1.3412121560e+02  8.7230904368e+05  1.2936285452e+01  0  8.7600000000e+00  4.7419109749e-13
-3.6210910038e-03  8.7506883256e+05  3.2349881498e-04  3  3.2200000000e+01  4.7569133107e-13
-5.3900753166e+00  8.7584262030e+05  1.1479658460e+00  2  1.6800000000e+01  4.7611196555e-13
 7.0903896973e-01  8.7733722685e+05 -1.8840794311e+01  0  8.7600000000e+00  4.7692444036e-13
-2.2243912158e+02  8.7949505418e+05  4.2956225135e+02  2  1.6800000000e+01  4.7809744494e-13
 7.6850371919e+01  8.7989817284e+05 -3.5266380891e+02  0  8.7600000000e+00  4.7831658205e-13
-1.8320591739e+00  8.8045748064e+05  3.9349963622e+00  1  1.2100000000e+01  4.7862062427e-13
-2.4827886182e+01  8.8693819757e+05  1.6843208018e+01  1  1.2100000000e+01  4.8214357097e-13
 1.4553344998e+01  8.8855918762e+05  1.5379071915e+01  1  1.2100000000e+01  4.8302474842e-13
-4.6541321670e+02  8.8900879007e+05 -3.0044682748e+02  0  8.7600000000e+00  4.8326915432e-13
-5.1203500355e+01  8.8954821585e+05  4.9680810817e+01  1  1.2100000000e+01  4.8356238859e-13
-1.9735755594e+00  8.9123718578e+05 -6.2076026395e+00  0  8.7600000000e+00  4.8448052019e-13
-2.4745817270e+00  8.9278687175e+05  1.5675635213e+01  2  1.6800000000e+01  4.8532293642e-13
-4.9848167977e+00  8.9354472064e+05 -6.2279155865e+00  0  8.7600000000e+00  4.8573490646e-13
 1.8721605973e+01  8.9432518692e+05 -9.3267630372e+01  0  8.7600000000e+00  4.8615917142e-13
-7.9776569674e+01  8.9449653450e+05 -1.5062642728e+01  2  1.6800000000e+01  4.8625231674e-13
-2.5901397608e+01  8.9575535572e+05  1.1937040732e+01  1  1.2100000000e+01  4.8693661758e-13
-4.6132975857e+01  8.9628646735e+05  1.8017346501e+01  0  8.7600000000e+00  4.8722533224e-13
-9.3189845294e+01  8.9647171076e+05  2.0873231594e+01  1  1.2100000000e+01  4.8732603138e-13
-6.1018194111e+00  8.9873205147e+05 -1.8720064577e-01  1  1.2100000000e+01  4.8855476271e-13
-1.3562107858e+01  8.9984740084e+05 -1.6544519116e+01  1  1.2100000000e+01  4.8916107161e-13
 1.9528747716e+00  9.0225009660e+05 -2.6181390158e+01  0  8.7600000000e+00  4.9046718777e-13
-4.2945443857e+01  9.0240103155e+05  3.8019096963e+02  1  1.2100000000e+01  4.9054923669e-13
 4.0940461150e+01  9.0532838632e+05  1.5343980995e+01  3  3.2200000000e+01  4.9214055983e-13
 4.5520283977e+00  9.0626870003e+05  5.5617360335e+01  1  1.2100000000e+01  4.9265171857e-13
-5.2333831916e+00  9.0704258220e+05  1.9930763808e-01  0  8.7600000000e+00  4.9307240438e-13
 4.6993685838e+01  9.0760506934e+05 -1.0236228691e+02  1  1.2100000000e+01  4.9337817490e-13
 1.5305305086e+00  9.1076751807e+05 -1.1845261535e+01  3  3.2200000000e+01  4.9509729617e-13
 8.3603674141e+00  9.1091062120e+05  1.5832254144e+01  3  3.2200000000e+01  4.9517508768e-13
 4.7716658212e+00  9.1213083722e+05 -2.5376561488e+00  0  8.7600000000e+00  4.9583840256e-13
 1.8867816873e-01  9.1429027847e+05  2.2951150781e+00  2  1.6800000000e+01  4.9701228448e-13
-2.9554165797e-03  9.1791192190e+05 -1.6864551868e-03  3  3.2200000000e+01  4.9898102605e-13
-1.5791886602e+01  9.2045712421e+05 -1.3794972508e-01  1  1.2100000000e+01  5.0036460941e-13
-2.6281249999e-01  9.2064968699e+05 -4.6653853589e+00  1  1.2100000000e+01  5.0046928740e-13
-2.7473085250e+01  9.2182513298e+05 -5.9352592044e+00  0  8.7600000000e+00  5.0110826509e-13
 9.8162190214e+00  9.2398432467e+05  4.4328549169e+00  0  8.7600000000e+00  5.0228201135e-13
-4.2445496300e+00  9.2584588414e+05  1.7438018678e+00  3  3.2200000000e+01  5.0329396341e-13
 5.9614269794e+01  9.2698807661e+05  1.5989659688e+01  0  8.7600000000e+00  5.0391486434e-13
 7.2451744682e+01  9.2794542121e+05  1.8658594829e+01  0  8.7600000000e+00  5.0443528115e-13
-4.2523241459e-03  9.2874470542e+05  1.1880803556e-03  3  3.2200000000e+01  5.0486977562e-13
 1.0107819023e+01  9.3113121204e+05  6.7583421807e+00  3  3.2200000000e+01  5.0616709129e-13
 4.8285678831e+01  9.3192746270e+05 -6.5280086070e+01  1  1.2100000000e+01  5.0659993671e-13
 4.3929168461e+02  9.3239132026e+05 -3.0649117492e+02  0  8.7600000000e+00  5.0685209176e-13
 8.5847888445e+00  9.3548820850e+05  1.4443908111e+01  0  8.7600000000e+00  5.0853557405e-13
-8.9608734722e+00  9.3695039341e+05 -2.2730973222e+00  1  1.2100000000e+01  5.0933042431e-13
 1.2153446329e+01  9.3814121956e+05  7.1222883259e+00  1  1.2100000000e+01  5.0997776273e-13
 7.8389864528e+01  9.4444565019e+05  3.4718000150e+00  0  8.7600000000e+00  5.1340487942e-13
 6.2087777225e+00  9.4499654674e+05  9.4588126770e+00  0  8.7600000000e+00  5.1370434925e-13
-3.4011849887e+01  9.4685885538e+05  3.4912666149e+01  3  3.2200000000e+01  5.1471670855e-13
-1.9334632191e-03  9.4874671884e+05  4.2836773159e-03  1  1.2100000000e+01  5.1574295957e-13
-4.2353510434e-03  9.4883983593e+05 -3.5449863777e-03  4  4.0000000000e+01  5.1579357844e-13
-1.6050838480e+00  9.5052068534e+05  2.5119590613e+00  0  8.7600000000e+00  5.1670729570e-13
-1.4139518720e+02  9.5567660326e+05  3.3791422180e+01  1  1.2100000000e+01  5.1951007574e-13
 8.2079119735e+01  9.6179173095e+05 -8.0232151385e+01  0  8.7600000000e+00  5.2283428650e-13
-1.8019945554e+01  9.6471512580e+05 -3.4974036973e+01  1  1.2100000000e+01  5.2442345702e-13
 1.9110818289e+00  9.6754048527e+05  2.0229367892e-01  2  1.6800000000e+01  5.2595933506e-13
 2.0515773211e+02  9.7546882753e+05  2.6932070779e+02  0  8.7600000000e+00  5.3026921737e-13
-4.2861802885e+01  9.7652334104e+05  2.0282939001e+01  1  1.2100000000e+01  5.3084245563e-13
 1.0071797928e+00  9.7788464644e+05  2.3695347006e+00  0  8.7600000000e+00  5.3158246734e-13
-2.6060470810e+00  9.8328046436e+05 -7.7351342747e+00  0  8.7600000000e+00  5.3451565809e-13
-3.3543563456e+01  9.8419525889e+05 -4.2947572258e+01  1  1.2100000000e+01  5.3501294449e-13
 3.5355868983e+02  9.8469790798e+05 -3.0711948066e+01  0  8.7600000000e+00  5.3528618678e-13
 7.7583093169e+00  9.8482789330e+05 -3.5767211095e+00  0  8.7600000000e+00  5.3535684738e-13
-5.8605040684e-04  9.8521035883e+05  2.5081229175e-04  3  3.2200000000e+01  5.3556475736e-13
 4.7444933285e+00  9.8925658782e+05 -9.5697141435e+00  2  1.6800000000e+01  5.3776430553e-13
 1.0673887809e+00  9.9334768805e+05 -5.7638909256e+00  0  8.7600000000e+00  5.3998824591e-13
-2.3229083353e+00  9.9511753410e+05 -9.4603970497e+00  0  8.7600000000e+00  5.4095034214e-13
 7.4196660288e-01  9.9650173720e+05 -5.6524126639e+00  0  8.7600000000e+00  5.4170280113e-13
-4.5978125555e-03  1.0021898423e+06  4.5643789878e-03  3  3.2200000000e+01  5.4479488049e-13