 x                 y                 z               Event            Energy              Time
-1.1091093496e+02  6.5946798771e+01  1.5834643972e+02 12  7.2135592831e-01  2.5139114973e-17
 5.1161052361e+01  1.2013565005e+04 -8.4529337290e+01  7  1.6800000000e+01  4.5796065544e-15
-5.7187115287e+00  1.3658283031e+04  1.6423368888e+01  7  1.6800000000e+01  5.2065779361e-15
-7.2045333582e+01  1.3927488275e+04 -3.3892894859e+02 12  1.3928727022e-01  5.3091997725e-15
-1.5289770767e+01  1.5685740252e+04 -4.4913359686e+01 12  1.5160215079e+00  5.9794506326e-15
-5.7678452756e+01  1.7364006484e+04 -6.0232440691e+01 12  7.6306481457e-01  6.6192106901e-15
-4.1776220311e+00  2.1934709825e+04 -1.7289472234e+01 12  2.9399059582e-01  8.3615763381e-15
-1.4582080864e+00  2.4820677762e+04 -7.4890677059e-02  7  1.6800000000e+01  9.4617158619e-15
-8.2412687756e+00  2.5338482103e+04  1.3370635239e+00 12  5.7957935321e-01  9.6591044099e-15
 9.0722724169e-01  2.6048799094e+04  1.0471066825e+00 12  1.6565882603e+00  9.9298793503e-15
 7.8976688215e+01  3.4584654803e+04  3.9235780766e+02 12  1.0541247980e+00  1.3183772823e-14
-2.4984387378e+00  5.3579453228e+04 -3.1599751108e+01  7  8.7600000000e+00  2.0424646230e-14
 4.9577349499e-01  8.0421795883e+04  2.5350381709e+01 12  1.7174306687e+00  3.0657026735e-14
-1.1183193873e+01  8.8951478167e+04  1.6289579914e+01 12  2.6072920241e+00  3.3908566880e-14
-8.0035513686e+01  1.0989314222e+05 -3.9607764095e+01 12  6.1097975889e-01  4.1891591231e-14
-7.7252546812e+00  1.1019299451e+05  1.6979113781e+00  7  1.6800000000e+01  4.2005895810e-14
 1.3517652375e+00  1.1499341947e+05  3.1640334156e+00 12  1.3105822735e+00  4.3835832018e-14
-7.3985380178e-02  1.1624820305e+05 -8.9651571115e+00 12  1.0673557853e-01  4.4314159237e-14
-1.3035961714e+00  1.2169292689e+05  3.5467611089e-01  7  1.2100000000e+01  4.6389704087e-14
-4.6973494194e+00  1.2175817547e+05 -3.7628188688e+00 12  2.1471788145e-01  4.6414577038e-14
 1.9172787313e+02  1.2629481064e+05 -2.6963973752e+02 12  1.8816392668e+00  4.8143955800e-14
-8.5601226381e+00  1.2753644399e+05 -1.1650148225e+02 12  9.6803961430e-01  4.8617270109e-14
-2.8230015583e+01  1.3264271421e+05  3.7696227393e+01  7  8.7600000000e+00  5.0563795437e-14
 1.8571984733e+02  1.4124679388e+05  9.8751512315e+01 12  1.1852006183e+00  5.3843696087e-14
-3.2348763122e+02  1.4324641870e+05 -3.7771738737e+02 12  1.4527999272e-01  5.4605958990e-14
 1.0741247387e+01  1.5765998183e+05  3.4165053133e+01 12  7.2158023371e-01  6.0100451934e-14
 3.8997037455e+00  1.6835306956e+05  1.1857336384e+03 12  2.7498383408e+00  6.4176688641e-14
-3.8899228699e+01  1.7204338564e+05  5.5928568581e+01 12  4.2393375651e-01  6.5583448059e-14
 3.9347473680e+02  1.7882498038e+05 -5.8530240790e+01  7  1.2100000000e+01  6.8168612056e-14
 6.5036358494e+00  1.7993777018e+05 -3.1420719163e+00  7  1.2100000000e+01  6.8592810825e-14
 8.5904370461e-01  1.8183840703e+05  4.3500771276e-01 12  7.5964658532e-01  6.9317339220e-14
 8.5849257678e+01  1.8725567650e+05 -8.1775042301e+01 12  4.1886573801e+00  7.1382418383e-14
 2.3387086940e+00  1.8983779242e+05 -4.7867336868e-01 12  1.0791518358e+00  7.2366728615e-14
 2.1948909788e+00  1.9276016589e+05  5.6657511265e+00 12  1.1069137336e+00  7.3480746039e-14
 2.0134581858e-01  1.9588267817e+05 -2.3263164140e+00 12  3.5898836139e-01  7.4671056966e-14
 3.8688046009e+02  1.9685686513e+05 -5.9307611095e+02 12  1.1380819297e+00  7.5042419918e-14
 1.7470171714e+01  2.0279429583e+05 -2.0865287236e+01 12  2.2852942566e+00  7.7305786084e-14
 3.8185006545e+01  2.0352473704e+05  8.7593551285e+01  7  1.6800000000e+01  7.7584232435e-14
 3.2873991839e+02  2.1567097909e+05  2.8195454975e+02  7  1.6800000000e+01  8.2214415872e-14
 4.7021050880e+01  2.3344656860e+05  1.3183690285e+01 12  5.0291837554e-01  8.8990523230e-14
-1.0162888317e+02  2.3743807123e+05  1.0433534478e+02 12  1.4332986385e+00  9.0512095852e-14
 4.8961566239e+00  2.4745160413e+05 -6.8077549274e-01 12  1.3541738969e+00  9.4329284246e-14
-2.6429324622e+02  2.5239628242e+05 -5.4139069915e+01  4  9.8282592264e+00  9.6214210251e-14
-9.3612270895e+02  2.6401455257e+05  1.0968800336e+03 12  1.5676370254e+00  1.0064312924e-13
-1.9899789089e+02  2.6699365208e+05  8.6829835652e+01  7  8.7600000000e+00  1.0177877079e-13
 1.6682761000e+02  2.8851104862e+05  2.4179327394e+02  7  1.2100000000e+01  1.0998126607e-13
-6.2526239197e+02  2.9983820509e+05 -9.4207860913e+01 12  1.3775800919e+00  1.1429921166e-13
 3.7664105770e+00  3.1364250954e+05 -6.6175200826e+00 12  1.2851089605e+00  1.1956145339e-13
-1.3765265833e+02  3.3665345013e+05  1.3330174630e+02 12  1.5156479641e+00  1.2833329209e-13
 2.4204972355e+02  3.4173176486e+05 -5.9098576155e+01 12  1.9410945290e+00  1.3026916070e-13
 6.2427751969e+02  3.4225299959e+05  6.2868928434e+02 12  9.5525963477e-01  1.3046785692e-13
-6.3340111171e+00  3.4963792235e+05 -3.7555318455e+01  7  1.2100000000e+01  1.3328301134e-13
-5.9543685537e-01  3.5111734280e+05  9.7751516501e-01 12  2.9167151839e+00  1.3384697080e-13
 2.5611310805e+01  3.5269690025e+05  2.7042903693e+01  7  8.7600000000e+00  1.3444910278e-13
 9.7214376927e+00  3.6225465696e+05  7.1603358223e+01 12  1.2296740798e+00  1.3809254794e-13
-3.2437502266e+01  3.8034949606e+05 -1.1117403589e+01  7  1.2100000000e+01  1.4499035419e-13
 3.9607631324e-01  4.0301372117e+05  4.1032744228e+00 12  1.5288310318e+00  1.5363002391e-13
-3.2909091442e+00  4.2067311898e+05 -3.3909449072e+00 12  1.9116712344e+00  1.6036183865e-13
 5.8713623852e+02  4.2600529063e+05 -5.1843130391e+02  3  8.7600000000e+00  1.6239447827e-13
 5.8713623852e+02  4.2600529063e+05 -5.1843130391e+02 12  1.2059813759e+00  1.6239447827e-13
 4.8262992931e+00  4.2841811803e+05 -1.2341872178e+01 12  1.5724994500e+00  1.6331425522e-13
 3.9480868850e+01  4.4205325361e+05 -7.4926461516e+02  7  1.6800000000e+01  1.6851200928e-13
-4.2774880094e+00  4.5058292172e+05 -5.8016254138e-01 12  6.2407829811e-01  1.7176354402e-13
 7.6270795192e+00  4.5117289328e+05 -1.8474645470e+01 12  2.5242939460e+00  1.7198844293e-13
-4.5212670056e+00  4.5321222926e+05  3.7353198279e+01 12  2.9254901764e+00  1.7276584384e-13
 5.6944756725e+02  4.6555959278e+05 -8.3502020705e+02 12  1.4243795054e+00  1.7747269538e-13
-2.5456614449e+01  4.7062757523e+05  7.3469856525e+01  7  8.7600000000e+00  1.7940462530e-13
-3.3331686029e+02  4.9085181757e+05  1.2224309725e+03  7  1.6800000000e+01  1.8711416637e-13
-2.4465861337e+02  5.0456372834e+05  1.1600662238e+02  7  1.2100000000e+01  1.9234118735e-13
 1.9078932133e+01  5.0552066426e+05 -6.0590710084e+01 12  1.4173190644e+00  1.9270597416e-13
 1.6068367466e+00  5.1494907166e+05  1.1731478657e+00  7  1.6800000000e+01  1.9630011098e-13
 1.7733232979e+01  5.2352923992e+05 -3.9659408606e+02 12  9.8976617319e-01  1.9957089653e-13
-6.1634983618e+00  5.3284728881e+05  2.3817586687e+00 12  1.9731319051e-01  2.0312296436e-13
 4.3220073402e+00  5.3398431212e+05 -3.3905911923e+00 12  3.9804248566e-01  2.0355640101e-13
 1.2618887367e+01  5.5262453108e+05 -2.4771312285e+00  7  1.6800000000e+01  2.1066210767e-13
-5.3192945896e+00  5.5721238780e+05 -1.3988660550e+01 12  2.2003913924e-01  2.1241101224e-13
 2.1551309017e+02  5.7123409376e+05 -3.4419627215e+02 12  1.3503271947e+00  2.1775612808e-13
-3.2373332392e+01  5.8082820848e+05  1.4458227057e+01 12  1.3048883027e+00  2.2141343302e-13
 1.1433013725e+00  5.9436819184e+05 -4.5094100766e-01 12  1.3996120917e-01  2.2657491477e-13
-6.0399115941e+01  5.9897034920e+05  7.7798143601e+01  7  1.2100000000e+01  2.2832927078e-13
 3.5279773056e+02  6.1792323096e+05  3.8887696882e+02 12  1.5421800747e+00  2.3555416543e-13
 2.1540576263e+00  6.4313633385e+05  1.0490488997e+01 12  1.1117286832e+00  2.4516547492e-13
-1.6691958698e+01  6.5858150821e+05 -1.6980063298e+01  7  1.2100000000e+01  2.5105322112e-13
 5.7298722891e+02  6.7659393480e+05 -3.7966225057e+01 12  1.4032775657e+00  2.5791961147e-13
-2.7055169405e+00  6.9450348956e+05 -1.0209044583e+00 12  1.2690874454e+00  2.6474678678e-13
 1.3625948466e+00  7.1289169988e+05 -1.3972862326e+01 12  2.2166901507e+00  2.7175642700e-13
-5.5516968356e+00  7.1421092506e+05  9.2591341427e+00  7  1.2100000000e+01  2.7225931955e-13
-6.3088211804e+00  7.2299341669e+05 -3.2133987732e+01 12  1.1032619391e+00  2.7560723137e-13
 1.7211389578e+02  7.2918520538e+05  1.4893694622e+02 12  6.1803335062e-01  2.7796755955e-13
-7.1466660017e+00  7.3582769606e+05  5.7391167588e+00  7  1.2100000000e+01  2.8049969666e-13
-3.9051079971e+00  7.3612546013e+05 -2.5135775349e+00  7  8.7600000000e+00  2.8061320521e-13
-3.8158819367e+02  7.3735917964e+05 -2.2240742996e+02  7  1.2100000000e+01  2.8108350274e-13
 3.8191970819e+02  7.4189447271e+05  3.9467710976e+01 12  6.6624027627e-01  2.8281236989e-13
-1.2358473511e+00  7.4809090694e+05 -9.2939670723e+00  7  8.7600000000e+00  2.8517446897e-13
 1.1390475134e+03  7.5847526245e+05 -8.1235598783e+02 12  2.4955135421e+00  2.8913301604e-13
 6.4814091684e-01  7.6660059759e+05 -1.0347290096e+01 12  8.5696163022e-01  2.9223041785e-13
-2.4606990333e+01  7.8042297524e+05 -2.8759698478e+01 12  1.3183551075e+00  2.9749954915e-13
-2.9520279316e+00  7.8943555321e+05  2.9733027354e+00  7  1.6800000000e+01  3.0093517056e-13
 1.3426008534e+00  7.9273850965e+05 -1.4637187677e+01 12  7.6159165102e-01  3.0219426733e-13
-4.7343585211e+01  8.0983423758e+05  5.0473267645e+01  7  1.2100000000e+01  3.0871120944e-13
 1.3833828729e+01  8.1265757586e+05  7.3005938342e+00 12  3.7486790493e-01  3.0978747435e-13
 1.0384945464e+01  8.4055904870e+05  3.4614196661e+00  7  1.2100000000e+01  3.2042359842e-13
-2.9040300340e-02  8.4453982780e+05  4.9007729958e-01  7  1.2100000000e+01  3.2194108320e-13
-5.9454403778e+00  8.4726147008e+05  4.5787918878e+00  7  8.7600000000e+00  3.2297858130e-13
 5.9152765704e+01  8.4767486231e+05  2.2524913995e+02  7  8.7600000000e+00  3.2313616764e-13
-2.4740652033e+01  8.5727446967e+05  7.4087207236e+00 12  1.1218298846e+00  3.2679556639e-13
-1.7066890733e+00  8.6356726244e+05  4.9925298764e+00 12  1.0148169145e+00  3.2919439763e-13
-2.0463040637e+00  8.7909666137e+05 -1.6434209950e-01  7  1.6800000000e+01  3.3511425049e-13
-2.0463040637e+00  8.7909666137e+05 -1.6434209950e-01 12  3.6788372167e+00  3.3511425049e-13
-1.2881142751e+03  8.8522455867e+05 -4.7699989703e+02 12  3.7434907855e-01  3.3745022309e-13
 6.3166015972e-01  9.0836760427e+05  3.7111803436e+00  7  8.7600000000e+00  3.4627242060e-13
 6.7906929460e-01  9.0927958736e+05  2.2859980063e-01  7  8.7600000000e+00  3.4662007125e-13
 1.0126379188e+01  9.3028673613e+05  2.9936179004e+01 12  6.7020403068e-01  3.5462805857e-13
-5.5003552397e+00  9.3186506370e+05  2.3393248698e+01 12  1.3233315155e+00  3.5522972171e-13
-7.0480132271e+00  9.3429287941e+05 -4.7224452208e+01  7  8.7600000000e+00  3.5615521225e-13
-2.5005250060e+00  9.3501176767e+05  8.4098615718e+00  7  8.7600000000e+00  3.5642925459e-13
-3.0174792865e+01  9.4951992875e+05  1.7668100551e+01 12  4.4098023393e-01  3.6195980855e-13
 6.8160817615e+02  9.4960575715e+05  3.8156888961e+02  7  8.7600000000e+00  3.6199252659e-13
 1.2002154210e+01  9.4984227475e+05  1.0411127326e+03 12  2.5409176934e+00  3.6208268780e-13
-3.1706224228e+01  9.5415661031e+05 -4.3830301559e+02  7  8.7600000000e+00  3.6372732529e-13
 9.3044071345e+00  9.6494707966e+05 -1.9882986891e+01 12  1.1525297936e+00  3.6784068416e-13
-1.1822949715e+02  9.8211297117e+05  4.8259013180e+01  7  8.7600000000e+00  3.7438437284e-13
-3.0578395949e+00  9.8381860078e+05  1.1166582913e+01  7  1.2100000000e+01  3.7503456389e-13
-2.3972839825e+00  2.1287291694e+03  8.6282919901e-01 11  3.6893494668e+00  8.1147786296e-16
 2.4498215085e-02  2.6054111072e+03 -2.0265472686e+00  7  1.6800000000e+01  1.0135516372e-15
 1.9472559290e+00  2.6100780915e+03 -3.4165704832e+00  9  8.0686509396e+00  1.0465810406e-15
 7.0617243901e+00  2.6040391010e+03 -5.5053020439e+00 12  2.3138562177e+00  1.1232456158e-15
 1.1867481564e+01  2.6281551195e+03 -5.1100088419e+01  7  8.7600000000e+00  2.3606146006e-15
 1.2241347496e+01  2.6275275049e+03 -5.4323010239e+01 12  8.2053000293e-01  2.4241607437e-15
 6.8710524617e+00  2.6309632375e+03 -5.6332331463e+01 11  8.3590605638e-01  2.6365337119e-15
 1.7147126857e+01  2.5673055724e+03 -9.0777139360e+01 10  6.7633634374e+00  2.6887095468e-14
 1.0768208345e-01  2.6303568307e+03 -5.3453194494e+01 11  4.8343326582e+00  2.1092662914e-15
 5.7727059257e+00  2.6268077115e+03 -4.7084998904e+01 11  6.1249100499e+00  2.0111166098e-15
 1.7886830658e+00  2.6192076144e+03 -2.5907788569e+01 11  8.9770484836e-02  1.5530590670e-15
 7.0046572292e+00  2.6174905214e+03 -1.3430067593e+01 11  3.7170565610e+00  1.3196052711e-15
-4.1642773711e+00  2.6093056519e+03 -5.4959944689e+00 11  6.5030398442e+00  5.3084862909e-15
-5.3590090864e+01  6.7668676257e+03  3.7549823474e+01 10  6.3161574026e+00  1.8362383497e-14
 5.1161052361e+01  1.2013565005e+04 -8.4529337290e+01 11  6.1134435162e+00  4.5796065544e-15
-2.2532783673e+01  1.3648145646e+04  2.4390184643e+01 11  6.7503396330e+00  7.8138295370e-15
-2.6072444431e+00  1.5032196214e+04 -3.6237812396e+01 11  6.5047373134e+00  1.0263946969e-14
-1.0654421415e+02  1.5810522330e+04 -2.0454749728e+00 12  9.1006029986e-01  9.2135643485e-15
-1.0452679071e+02  1.5802946606e+04  1.0400185274e+00 10  1.9596805362e+00  9.2135643485e-15
-1.0032835794e+02  1.5783588535e+04 -2.2073543362e+00 11  2.3067069462e+00  7.9062187062e-15
 3.8070367081e+00  2.0643270663e+04  7.8441865978e+00 11  6.3737363331e+00  7.8692759055e-15
 1.1270739446e+02  2.1784205641e+04 -1.2640554489e+02 12  3.6757542508e-01  1.3525449923e-14
 1.1308993950e+02  2.1781178086e+04 -1.2787523070e+02 10  5.7936549097e-01  1.3525449923e-14
 1.4149924880e+01  2.4063838757e+04 -3.2725396591e+01 11  4.8209599542e+00  9.1732065919e-15
 2.7846831395e+01  2.4215704996e+04  3.0191443477e+01  7  1.6800000000e+01  9.4395998376e-15
 3.0532440854e+01  2.4214817179e+04  3.0078825660e+01 10  3.1325464378e+00  9.4395998376e-15
 2.7846831395e+01  2.4215704996e+04  3.0191443477e+01 11  4.5834190040e+00  9.4395998376e-15
 3.6178284030e+01  2.4812227054e+04 -4.8253031219e+01 10  6.3419642738e+00  3.6461588548e-14
 1.1989185260e+02  3.1269503858e+04  1.4349440035e+02 11  6.7601020242e+00  1.1920027466e-14
 3.1956331296e+00  3.3551058985e+04  4.7769150989e+00  3  8.7600000000e+00  1.3100414227e-14
 3.1956331296e+00  3.3551058985e+04  4.7769150989e+00 12  9.1472294570e-01  1.3100414227e-14
 8.7357299604e-01  3.3550625685e+04  3.1499743618e+00 10  5.7186951352e+00  1.3100414227e-14
-1.1200993118e+03  3.6134810111e+04  6.7779512930e+02 11  1.1248826507e+00  1.3774696617e-14
-7.4456104907e+01  3.7592239310e+04 -3.8716341596e+02 11  5.4478341981e+00  1.4330272943e-14
-1.8413049775e+00  3.8939845518e+04  6.7550156244e+00  7  8.7600000000e+00  1.4889260208e-14
 1.8150276730e+01  3.8927525283e+04  8.8721119884e-01  7  1.2100000000e+01  1.6962346999e-14
 1.8218474790e+01  3.8942599132e+04 -1.1839889515e-01 12  3.9444733391e-01  1.8136800933e-14
 1.6801556466e+01  3.8941315044e+04  5.4754261068e-01 10  2.1819390564e+00  1.8136800933e-14
 4.4941420388e+00  3.8931910191e+04  5.7425355557e+00  0  8.6692697003e+00  1.8971670831e-14
 8.8613299262e+00  3.8935175667e+04  6.5755077703e+00 10  2.5161494647e+00  1.8971670831e-14
 1.9192728674e+01  3.8917482467e+04  2.0697228248e+01 11  2.8369905665e+00  1.6278896838e-14
-1.8919864469e+01  3.8912087787e+04  2.6780032579e+01 12  3.4691761052e-01  1.8839496937e-14
-1.8273362570e+01  3.8911835771e+04  2.6586726459e+01 10  3.9906940554e-01  1.8839496937e-14
-3.6915248291e+01  3.8933231818e+04  4.5252639570e+01 10  6.7827097264e+00  4.1528326092e-14
-6.7352678188e+00  3.8962145036e+04  1.4571815633e+01  0  8.1233291027e+00  2.1836370247e-14
 2.3206869373e+01  3.8940243586e+04  9.1956493104e+00 10  6.7604483259e+00  3.0901032964e-14
-2.0093511619e+01  3.8940144805e+04  1.0403417360e+01 10  3.9115342621e+00  1.5881438612e-14
-2.1827168530e+01  3.8939445651e+04  9.8848316574e+00 11  4.0623398951e-02  1.5881438612e-14
 6.4430506527e+00  3.8927748737e+04 -5.3143879794e+00 11  3.2299234138e+00  1.4853248747e-14
-1.1344821014e+01  4.6735907132e+04 -3.8792963803e+00 10  6.6708809971e+00  2.0736022123e-14
-1.0660982611e+01  4.6735127245e+04 -2.7944784832e+00 11  1.9430463853e+00  2.0736022123e-14
 4.9105966702e+01  4.9667455906e+04  9.4488345352e+00 10  6.7572285645e+00  3.9309714388e-14
-2.1357616711e+02  5.1734711485e+04 -7.3071210538e+00 11  3.1428471223e+00  1.9721425215e-14
-1.9974207651e+01  5.3598539434e+04 -4.6773779576e-01 11  6.7001204696e+00  2.6776571350e-14
-2.3505733034e+01  5.7758817395e+04 -9.7945016334e+00 10  6.6717322864e+00  3.2677578494e-14
-5.0301704642e-01  5.8863426749e+04  8.1538575243e-01 11  2.4770332348e+00  2.2438912583e-14
-4.7761158645e-02  6.5863360094e+04 -1.6477822338e-01 11  5.1272990099e-01  2.5107307902e-14
 9.2627659273e+00  6.7507644407e+04  1.1077133552e+01 11  3.8757198129e+00  2.5734113951e-14
-4.9453435665e+01  7.0146747691e+04  3.3702560849e+01  1  7.8893808018e+00  3.1949431630e-14
-4.1327400012e+01  7.0162499224e+04  3.2487324880e+01 10  6.7400080145e+00  4.6829041394e-14
 1.3398190711e+02  7.5872157025e+04 -1.1554016669e+01  1  8.1266437769e+00  4.6644950203e-14
 1.3419390132e+02  7.5872639822e+04 -1.2383585693e+01 10  5.8605507540e-01  4.6644950203e-14
-1.5580191556e+01  7.7171426450e+04  5.6170664912e+00 11  4.9579360428e+00  2.9417976282e-14
-8.4033192400e+00  7.7781574524e+04  2.2888287418e+00  7  8.7600000000e+00  2.9869675777e-14
-6.9932547582e+00  7.7796672323e+04  1.1451137339e+00 10  6.3028643864e+00  4.0682372058e-14
-2.0377848542e+01  7.7780257248e+04 -3.6823591271e-01 11  3.0355962672e-02  3.0346624817e-14
-3.2694202985e+01  7.7800431450e+04 -1.0176168632e+02  4  1.0520400322e+01  5.3504308729e-14
-3.2805553922e+01  7.7797989579e+04 -1.0193725996e+02 10  1.2129744512e+00  5.3504308729e-14
-3.6047977288e+00  7.7787069176e+04  1.7672038139e-01 11  1.0198081125e+00  2.9738808549e-14
 1.9162279386e+02  8.3396130931e+04 -2.6048375531e+01  0  7.5765095607e+00  3.4089647180e-14
 1.8524212274e+02  8.3390111550e+04 -2.8323273677e+01 10  2.4830826582e+00  3.4089647180e-14
 9.4297326256e+00  8.8524434706e+04 -1.5128319086e+01 12  4.6824963633e-01  4.6384515143e-14
 1.2797996186e+01  8.8514088134e+04 -1.5434446424e+01 10  2.2132659377e+00  4.6384515143e-14
 1.3342286059e+02  8.9519776099e+04  3.5707537780e+02 12  1.6173760173e+00  3.5504846150e-14
 1.3144225380e+02  8.9520877252e+04  3.5675728020e+02 10  4.1940626975e+00  3.5504846150e-14
-1.3031116524e+02  9.7676410477e+04 -3.5457201893e+01  7  1.2100000000e+01  3.7386921135e-14
-1.2788321056e+02  9.7672710248e+04 -3.5771262910e+01 10  2.8575667754e+00  3.7386921135e-14
-1.1676551468e+02  9.7688825974e+04 -3.2623838469e+00 10  1.7813385983e+00  4.1980771615e-14
-1.1551330353e+02  9.7690317241e+04 -8.5511601924e-01 11  1.3135022514e-01  4.1980771615e-14
-9.5878337279e-01  1.0525075875e+05 -9.2219271327e-01 11  4.7307976672e+00  4.0121900902e-14
-1.2328617013e+01  1.0613366631e+05  3.5044164292e+00 12  5.2817896453e-01  4.1023956598e-14
-4.6927725430e+00  1.0613862067e+05  7.8654658700e+00 10  2.5349760375e+00  4.1023956598e-14
-2.7177420913e+02  1.0928045388e+05  2.7006353205e+02 11  5.7718303511e+00  4.1658032621e-14
 2.0546472732e+01  1.1022162194e+05 -1.0190552664e+01 11  6.7297518060e+00  5.5223600768e-14
 3.3116833815e+02  1.1928627543e+05  3.0786347038e+01 11  4.2897847247e+00  4.5472281425e-14
-8.5236475097e-01  1.2169474566e+05 -7.8553659924e-01 10  6.8114813951e-01  4.6510034747e-14
 1.1736210535e+00  1.2169487356e+05  2.2024024553e-01 11  5.9660642038e-03  4.6510034747e-14
-2.2413180986e+02  1.2514744947e+05 -5.6821404942e+02  1  7.7662429826e+00  5.4827969447e-14
-2.2204022813e+02  1.2514668976e+05 -5.6504633970e+02 10  3.0225162282e+00  5.4827969447e-14
 1.6063755402e+01  1.2562303205e+05  1.0106185320e+00 11  2.3377220874e+00  4.7887871812e-14
-7.0334659006e+01  1.2576631429e+05  1.4586670872e+02 11  3.4596591261e+00  4.7942491426e-14
 6.2386425673e+00  1.3009476818e+05  1.0259265788e+01 11  1.6154665224e+00  4.9592510865e-14
 4.1779481023e+01  1.3239797525e+05  1.4357148460e+01 11  2.6772576971e+00  5.0470500222e-14
-2.3345178786e+01  1.3263752807e+05  3.9291627972e+01  0  8.4203494703e+00  5.1319546394e-14
-2.3520002673e+01  1.3263773426e+05  4.0772293219e+01 10  2.7238677432e+00  5.1319546394e-14
 1.1223604582e+01  1.3343182562e+05 -2.2211252416e+01 10  6.7079651013e+00  7.9800645211e-14
-2.8316983878e+01  1.4454055138e+05  1.2844796792e+00 12  5.4124428793e-01  5.7455210890e-14
-2.8680787852e+01  1.4454010131e+05  1.1748344500e+00 10  5.0393530203e+00  5.7455210890e-14
-2.9864886854e+01  1.4455258442e+05 -3.1404501324e+00 11  2.1017429890e+00  5.5329906748e-14
-1.9214452531e+02  1.5787298641e+05  3.2736744108e+03 11  4.5328243970e+00  6.0181649912e-14
-4.8856937692e+01  1.5977323457e+05  7.9804085294e+01 11  2.2659738515e+00  6.0906030137e-14
-5.3873287087e+00  1.6327420538e+05  6.0355875415e+00 11  3.6638079909e+00  6.2240610579e-14
 1.1543792371e+02  1.6617863741e+05 -2.4783204762e+01 11  4.4187472147e+00  6.3347788668e-14
 4.4996163387e+02  1.7770689326e+05  8.6806629216e+01 10  5.1450956221e+00  7.2372948488e-14
 4.4956655162e+02  1.7770770187e+05  8.5359953310e+01 11  2.3844248620e+00  7.2372948488e-14
 3.9347473680e+02  1.7882498038e+05 -5.8530240790e+01 11  3.1837826750e+00  6.8168612056e-14
-4.0164649925e+00  1.7997895329e+05  1.7433986581e+01 10  6.6307564965e+00  8.2957284174e-14
-3.0521685984e+01  1.8085374229e+05 -4.3845803300e+01  0  8.2234750737e+00  7.3504530680e-14
-2.8710186548e+01  1.8085559736e+05 -4.2789689845e+01 10  7.0453455648e-01  7.3504530680e-14
 4.0816374132e+00  1.8292550918e+05  3.0744858637e+00 10  6.4886606257e+00  6.9886556173e-14
 4.7368135867e+00  1.8292400792e+05  2.9519066220e+00 11  2.2539133606e+00  6.9886556173e-14
-2.8991274837e+00  1.8992041732e+05 -8.1117261385e+00 11  2.0108227798e+00  7.2398225474e-14
 7.4821062325e-02  1.9167055420e+05 -1.8990859029e+00  4  1.0218911239e+01  7.3067032415e-14
 2.1076992525e+01  1.9168262547e+05  5.0366166447e+00 12  3.7995485646e-01  7.3954979738e-14
 3.6179747455e+01  1.9167470937e+05  1.6350989366e+00  7  8.7600000000e+00  7.4294171768e-14
 3.6276647041e+01  1.9167525507e+05  2.0468725438e+00 10  3.8020131219e+00  7.4294171768e-14
 5.0461880768e+01  1.9167559380e+05  1.7068291636e+01  3  8.7600000000e+00  7.7894523566e-14
 5.0461880768e+01  1.9167559380e+05  1.7068291636e+01 12  1.2201822202e+00  7.7894523566e-14
 4.7755452110e+01  1.9167393418e+05  1.8331396869e+01 10  2.6787528185e+00  7.7894523566e-14
 5.9165063197e+00  1.9167477680e+05  1.5618356144e+01 11  3.9023847631e+00  7.3066992502e-14
-3.7741177199e+00  1.9924823111e+05 -1.2438203856e+00 11  1.5820703690e+00  7.5954015711e-14
-3.9594138898e+01  2.0083382726e+05  2.8889974081e+01 11  5.3413480634e+00  7.6558449658e-14
 1.0175755508e+03  2.0222864678e+05 -1.6710992269e+02 11  1.7234122879e+00  7.7090158991e-14
-4.6260686175e+01  2.0280638943e+05  2.0924110038e+02 10  6.6901121236e+00  9.8140526028e-14
 7.1768923247e+00  2.0298969261e+05  1.1696366937e+01 11  3.1647856325e+00  7.7380271914e-14
 3.8185006545e+01  2.0352473704e+05  8.7593551285e+01 11  1.7824312015e+00  7.7584232435e-14
 7.8195173796e-01  2.0373122590e+05  3.2225030901e+00 12  1.7080653878e+00  8.0443586438e-14
 3.9647678004e-01  2.0373230722e+05  9.4225168644e-01 10  4.0931976310e+00  8.0443586438e-14
-3.6914158656e+01  2.0512926076e+05  1.4414900300e+02 12  1.9736828710e-01  7.9784397273e-14
-3.9037051859e+01  2.0512802235e+05  1.4253874333e+02 10  3.8625700180e+00  7.9784397273e-14
-1.2843128947e+00  2.0545507255e+05 -2.9921881993e+00 12  6.7966197873e-01  8.0587939952e-14
 4.2986414224e-01  2.0545428272e+05  3.0571693131e-01 10  2.6919924371e+00  8.0587939952e-14
 6.0736330162e+00  2.0926084640e+05 -2.1683332468e+02 10  3.9881722273e+00  7.9864140288e-14
 5.1995423024e+00  2.0925968440e+05 -2.1520980495e+02 11  2.7105184166e+00  7.9864140288e-14
-9.2358619095e+01  2.1069064263e+05  1.2226596982e+02 11  6.7284924942e+00  9.3779452964e-14
 3.2873991839e+02  2.1567097909e+05  2.8195454975e+02 11  6.5133978332e+00  8.2214415872e-14
 1.5865462166e+02  2.1591205175e+05 -1.8070757727e+01 11  4.4067362966e+00  8.2306313485e-14
 9.3485925171e+00  2.2261131384e+05 -5.6319947387e+01 10  6.6063122351e+00  1.0419669381e-13
-1.9494874382e+01  2.2300530564e+05  1.4891914026e+02  1  8.6485238907e+00  8.5041526149e-14
-3.4319729677e+01  2.2299220147e+05  1.5437571093e+02  1  8.0769363177e+00  9.1659642742e-14
-3.3594605129e+01  2.2299166967e+05  1.5286374575e+02 10  1.1921470508e+00  9.1659642742e-14
 5.1992692360e-01  2.2529628353e+05 -6.3371599538e-01 12  9.2058082789e-01  8.6084998191e-14
 5.3840924969e+00  2.2527979878e+05  3.7634410372e+00  1  7.7778284172e+00  8.7567107587e-14
 1.0303633804e+01  2.2526803225e+05 -1.5289162198e+01 10  2.8822152186e-01  9.2131164899e-14
 9.7456059708e+00  2.2526804948e+05 -1.5144434995e+01 11  4.9367878030e-02  9.2131164899e-14
 6.7528293331e+02  2.2554348623e+05  4.4773891996e+02 11  3.7529104622e+00  8.5977844828e-14
 4.3974315261e+02  2.2825879364e+05 -4.4667497693e+02  1  8.6019203680e+00  8.8130646355e-14
 4.1631002361e+02  2.2825585124e+05 -4.4233770329e+02 10  6.6726319715e+00  9.5068502932e-14
-1.2238569118e+02  2.3185379789e+05  4.7543703150e+01 10  3.1209466613e+00  9.9647792732e-14
-1.2280627567e+02  2.3185373463e+05  5.1600233236e+01 11  3.5450014794e-01  9.9647792732e-14
-2.2297678178e+01  2.3461912686e+05  1.2976519416e+01 12  9.0472363520e-01  9.1025738584e-14
-1.8594316503e+01  2.3461893145e+05  1.2616272235e+01 10  3.9277031170e+00  9.1025738584e-14
 2.5013759177e+02  2.3580907723e+05  1.1512334717e+02  1  8.0719397159e+00  9.3699167849e-14
 2.5648101360e+02  2.3580398346e+05  1.2020062286e+02 10  2.4966775166e+00  9.3699167849e-14
 2.2941629589e+02  2.3862417167e+05  6.7490518621e+01 11  5.0833207272e+00  9.0964240851e-14
 3.4170932511e+01  2.4125147090e+05  1.8493190047e+01 12  9.6247018429e-01  1.0060621353e-13
 3.3725419360e+01  2.4125227743e+05  2.0248966512e+01 10  3.1057138807e+00  1.0060621353e-13
 1.8566186284e+01  2.4535873422e+05 -7.0949337507e+00 12  1.0877742615e+00  9.4305750513e-14
 2.0719008847e+01  2.4535576303e+05  1.3379091613e+01 10  6.7851691831e+00  1.0653365109e-13
 4.6210621963e+00  2.4552122847e+05  2.7039360919e+01 10  2.3747195197e+00  1.0223862599e-13
 4.0355846155e+00  2.4552050844e+05  2.8178481714e+01 11  2.2038997469e+00  1.0223862599e-13
 4.9047909805e+00  2.4628393469e+05  1.0521204464e+01  7  8.7600000000e+00  9.4184761741e-14
 3.4812711357e+00  2.4628570262e+05  2.5419290981e+01 12  9.3182939808e-01  9.4826244048e-14
 6.9209048750e+00  2.4628435196e+05  2.0349582474e+01 10  5.4174428490e+00  9.4826244048e-14
 3.3257517056e+01  2.4630065631e+05  1.8585116659e+01 10  5.2777646668e+00  9.8443576237e-14
 3.4216024510e+01  2.4629967661e+05  2.0021351595e+01 11  5.3232642294e-01  9.8443576237e-14
-1.2107633396e+01  2.4903377446e+05 -2.1988664504e+00 11  1.0993377738e+00  9.4932412263e-14
 3.4032420678e+01  2.6105432744e+05 -8.0468520035e+00  3  8.7600000000e+00  1.0059379599e-13
 3.4032420678e+01  2.6105432744e+05 -8.0468520035e+00 12  6.9888290736e-01  1.0059379599e-13
 3.4555246408e+01  2.6105431636e+05 -9.4899718759e+00 10  6.3591969631e+00  1.0059379599e-13
 3.4954982558e+01  2.6105729319e+05 -5.4170659901e+00 11  1.4919481511e-01  9.9881091260e-14
 3.6484719125e+00  2.6149489518e+05 -5.8759014368e+01 11  1.3359622907e+00  9.9682628379e-14
-1.8900761388e+02  2.6701200895e+05  1.0174795028e+02  0  8.2164701032e+00  1.0503883389e-13
-1.8763746948e+02  2.6701334129e+05  1.0073294710e+02 10  2.7038156295e+00  1.0503883389e-13
-4.8842176495e+02  2.6768224560e+05 -4.8293415725e+02 11  6.2189359177e+00  1.0204126468e-13
-4.6767453940e+00  2.6916095185e+05  1.3626345091e+01  7  1.2100000000e+01  1.0303742723e-13
-5.3140261328e+00  2.6916261295e+05  2.0036372772e+01 12  1.2210731673e+00  1.0377848316e-13
-7.2498966874e+00  2.6916166532e+05  2.1500077904e+01 10  6.4789326967e+00  1.0377848316e-13
-1.2017031578e+01  2.6913826771e+05 -1.1954207653e+00  1  8.1884519412e+00  1.0510827801e-13
-1.4305507731e+01  2.6913934881e+05 -3.6878419266e+00 10  1.9008815512e+00  1.0510827801e-13
-1.8799817232e+01  2.6913818002e+05  1.9653986897e+00 10  6.7571361291e+00  1.0929041891e-13
 3.1447706710e+00  2.6915047447e+05  1.4275834756e+00 11  2.5043781474e+00  1.0264592675e-13
-5.9204912039e+00  2.7224759634e+05 -1.5119172549e+01 10  4.9235934112e+00  1.0449835029e-13
-4.5875736555e+00  2.7224355034e+05 -1.4656599746e+01 11  2.8989941164e+00  1.0449835029e-13
-4.6482595160e+00  2.7224089510e+05 -8.7725515680e-01 11  3.2693997481e+00  1.0382628729e-13
-2.9276718595e+01  2.8376699212e+05  2.7374243190e+01 12  1.8323116978e+00  1.0826728496e-13
 3.1240297200e+00  2.8384855248e+05 -2.9555407899e-01 12  8.7008047582e-01  1.0849907044e-13
 1.3632120498e+01  2.8386216049e+05 -2.1484848751e-01 12  9.8042532798e-01  1.0853261473e-13
 2.2376339194e+00  2.8385525616e+05  6.8632781089e+00  7  8.7600000000e+00  1.0860567419e-13
 8.6277152907e+00  2.8386961915e+05  1.9676327882e+01  1  8.0559620788e+00  1.0978744307e-13
 1.3540809595e+01  2.8386233294e+05  1.9587862909e+01 10  1.8746276562e+00  1.0978744307e-13
 2.6950793846e+01  2.8384955698e+05  3.4014642258e+01 10  6.7884682275e+00  1.3457472145e-13
-9.0020061989e+00  2.8431567666e+05  1.6492915628e+01 10  4.5924078409e+00  1.1103322632e-13
-7.3447476129e+00  2.8431671649e+05  1.6612845223e+01 11  4.1802355048e+00  1.1103322632e-13
 1.6558609003e+02  2.8854227062e+05  2.4588023081e+02 12  1.6695721806e+00  1.1393732958e-13
 1.6212760390e+02  2.8854192126e+05  2.4487780490e+02 10  2.5291593151e+00  1.1393732958e-13
 1.3903041811e+02  2.9156483844e+05  3.4931708984e+02 11  4.4039591350e+00  1.1114537979e-13
-1.3254097979e+01  2.9851378401e+05  8.0283916649e+00 10  6.5751281987e+00  1.1392721679e-13
-1.1771376690e+01  2.9850810108e+05  5.4512621518e+00 11  6.2238108689e+00  1.1392721679e-13
-3.3183992456e+00  3.0188164169e+05  5.3670428783e+00 12  1.0537102956e+00  1.1757787329e-13
-3.4810993257e+00  3.0187678439e+05  9.2149041424e+00 10  1.3204633647e+00  1.1757787329e-13
-8.1804640853e+00  3.0186787388e+05  1.0224519249e+00 11  3.5613966758e+00  1.1539358668e-13
 2.4002749665e+02  3.0697474346e+05 -2.7668476567e+02 10  6.6966861319e+00  1.2885155406e-13
 5.7063653768e-02  3.0756735112e+05 -3.5526865423e+01 12  2.1804300372e+00  1.1981298048e-13
 1.8791126324e+00  3.0756516138e+05 -2.7934425878e+01 10  5.3553647308e+00  1.1981298048e-13
-1.4280838928e+01  3.0965548823e+05  2.1120547824e+00 11  6.6061145480e+00  1.1958577944e-13
-1.1315378471e+01  3.1408900243e+05 -3.9637265084e+01 11  7.8347315960e-03  1.1973165781e-13
 5.2528084139e+01  3.1565653609e+05  3.0362733294e+00  7  1.2100000000e+01  1.2254060882e-13
 5.7459811901e+01  3.1565583475e+05  1.3211768772e+01 10  4.3257253007e+00  1.2254060882e-13
 5.2528084139e+01  3.1565653609e+05  3.0362733294e+00 11  2.9275006430e+00  1.2254060882e-13
-7.2042865143e+00  3.1650713832e+05  8.0213243358e+00  7  1.2100000000e+01  1.2080962265e-13
-1.6505328048e+01  3.1651323896e+05 -1.6201267947e+00  7  1.2100000000e+01  1.2092659781e-13
-1.4391540574e+01  3.1651385999e+05  9.5261829900e+00 10  3.8170664024e+00  1.2433648715e-13
-1.3409431173e+01  3.1651349632e+05  1.1358521327e+01 11  2.5435086843e+00  1.2433648715e-13
-2.8184147244e+01  3.1650644376e+05 -8.3549071333e+00 11  2.6934876394e-01  1.2272286867e-13
 7.6419793876e+00  3.1650463442e+05 -1.9339124329e+01 10  6.7373966458e+00  1.3310163454e-13
-7.6817281560e+01  3.1646498578e+05 -1.7198335588e+01 11  6.7380115249e+00  1.4081421141e-13
-5.9612893429e+00  3.1649639985e+05 -7.1970597653e-01 10  6.6021092959e-01  1.2252617978e-13
-1.4802954297e+00  3.1650238015e+05 -2.8934604244e+00 11  4.8943394449e-01  1.2252617978e-13
-2.5374089862e+00  3.1702866805e+05  6.4845419261e+00 11  1.7285127964e+00  1.2085226704e-13
 5.2412102035e+01  3.1877973977e+05  2.0834331768e+01  0  8.3012081373e+00  1.2866449452e-13
 5.4153524936e+01  3.1878276852e+05  1.9854131779e+01 10  5.6034657120e-01  1.2866449452e-13
 2.2257470965e+01  3.2068966193e+05  5.9123040313e+00 10  6.7620618862e+00  1.2930202355e-13
 9.5443255971e+00  3.2071323186e+05  4.2535438281e+00 11  6.1757991824e+00  1.2259110801e-13
 7.0288377048e-01  3.2115377905e+05 -4.0723053776e+00 11  1.3805833432e+00  1.2242477157e-13
-2.8253485196e+01  3.2499464908e+05 -5.4513970772e+01 10  6.7275732343e+00  1.7874958895e-13
-2.4659689682e+01  3.2495705820e+05  4.2118444416e+00 11  2.8354490051e+00  1.2397177874e-13
-5.1150618590e+00  3.3693211757e+05  3.0500262631e+01  7  8.7600000000e+00  1.2929483041e-13
 6.4321820882e+00  3.3693670262e+05  6.2765177586e+01 10  2.6470496512e+00  1.3231120658e-13
 1.0660829224e+01  3.3693301894e+05  5.9995252358e+01 11  2.1250258811e+00  1.3231120658e-13
 1.5127258047e+01  3.3696287419e+05  3.4980085036e+01 12  9.3571296337e-01  1.3302244857e-13
 1.6221381475e+01  3.3696309990e+05  3.3973593468e+01 10  4.4814271378e+00  1.3302244857e-13
-2.6562488652e-01  3.3693160197e+05  2.2718621234e+01 11  2.3335783438e+00  1.2906085583e-13
-6.4938328350e+00  3.3974956212e+05 -1.1632697437e+00 12  2.3284242167e+00  1.2975052388e-13
-6.6061542002e+00  3.3975133915e+05 -1.5913824978e+00 10  3.9172388082e+00  1.2975052388e-13
-3.1030486369e+00  3.3974990741e+05  6.9441628869e-01 11  2.6944176818e+00  1.2953906074e-13
-2.9824505378e+00  3.4518013632e+05 -1.0992880746e+01 11  6.2136856242e+00  1.3158369011e-13
-3.9097045012e+01  3.4962318188e+05 -4.6139294438e+01 10  6.5668910448e+00  1.5765819581e-13
 1.0040479806e+01  3.5108858103e+05  1.5666570513e+01 10  2.3379128512e+00  1.3924455657e-13
 6.6729447540e+00  3.5109087083e+05  1.4301369772e+01 11  2.0272348621e+00  1.3924455657e-13
 9.8459948476e+00  3.5269933669e+05  1.0976789536e+01  3  8.7600000000e+00  1.3611656656e-13
 1.1534873872e+01  3.5270111359e+05  6.6496314211e+00 10  2.0392356234e+00  1.3611656656e-13
 9.8459948476e+00  3.5269933669e+05  1.0976789536e+01 11  1.1302751443e+00  1.3611656656e-13
-4.5138849991e+00  3.6096307160e+05  1.9172802825e+00 11  4.8987904972e+00  1.3760019177e-13
 4.4162092442e+00  3.6226431733e+05  4.8003418987e+00  7  8.7600000000e+00  1.3835795681e-13
 3.2639396230e+00  3.6226707580e+05  4.6916155200e+00 10  3.8167805469e+00  1.3842308515e-13
 7.7072191583e-01  3.6226633678e+05  3.4457009586e+00 11  2.1008738465e+00  1.3842308515e-13
 8.6408758495e+00  3.6224801172e+05  1.2997031686e+01 10  9.9742197377e-01  1.4202386084e-13
 8.2499952472e+00  3.6224859096e+05  1.2616446750e+01 11  7.1334890579e-01  1.4202386084e-13
 1.0782439530e+03  3.6630439018e+05  1.4109499354e+02 11  6.3585426926e+00  1.3963631824e-13
-2.5699452235e+02  3.6750079697e+05 -1.4340113198e+02 11  2.2715300115e+00  1.4009239205e-13
-3.4975102896e+00  3.7318184389e+05  4.0259291609e-01 11  4.3997164689e+00  1.4225802395e-13
-1.5843199250e+00  3.7342663629e+05 -1.8378567890e+00 12  8.4167059182e-01  1.4238230085e-13
-6.3491894050e+00  3.7342482420e+05  1.5781255911e+00  7  1.6800000000e+01  1.4250148862e-13
-2.5237216058e+01  3.7341612337e+05  5.5863550384e+00  0  8.2430083528e+00  1.4334030981e-13
-2.4170921133e+01  3.7341568312e+05  4.8007207509e+00 10  6.4542298841e+00  1.4334030981e-13
-1.1844624623e+01  3.7342181084e+05 -3.6081027082e-01 11  3.2461343931e+00  1.4267267275e-13
-7.1043776186e+00  3.7342539580e+05  4.2554469420e+00 11  2.1697923852e+00  1.4253276310e-13
-6.3491894050e+00  3.7342482420e+05  1.5781255911e+00 11  6.1258658425e+00  1.4250148862e-13
-5.1283633546e+01  3.7422157206e+05 -3.8256884743e+01  0  7.6102860625e+00  1.4362054818e-13
-5.1904270191e+01  3.7422422803e+05 -3.8815178692e+01 10  1.4102681355e+00  1.4362054818e-13
-1.0421952428e+02  3.7806777483e+05  2.5793270523e+02 10  4.6096033215e+00  1.4685712860e-13
-1.0266308096e+02  3.7806881783e+05  2.5212564950e+02 11  1.2442504381e+00  1.4685712860e-13
 1.1698492775e+01  3.9215907660e+05  5.6902534196e+00  7  8.7600000000e+00  1.5098192405e-13
 1.5667165463e+01  3.9217060051e+05  1.1314921195e+01 10  1.7330872806e+00  1.5098192405e-13
 1.1184889839e+01  3.9216069868e+05  2.9085376590e+01 12  2.4201787252e-01  1.5255956657e-13
 3.0327177822e+00  3.9216457318e+05  2.0142990520e+01 10  1.7569084761e+00  1.5255956657e-13
 7.2651285116e+00  3.9216987235e+05  1.2541606630e+01 11  3.4692376003e+00  1.4995509897e-13
-8.2963011218e+00  3.9348478090e+05  8.1841375151e-02 12  2.5642656683e+00  1.5055951960e-13
 8.5521484546e+00  3.9948094143e+05  1.8892595657e+01 10  1.6170662899e+00  1.5296702797e-13
 7.8451403463e+00  3.9947958249e+05  1.7228642956e+01 11  7.4474019518e-02  1.5296702797e-13
-3.1423930760e+01  4.0411351984e+05  2.3541715154e+01 12  1.4293449630e+00  1.5444197570e-13
-6.7010638311e+01  4.0410903059e+05  3.5605359581e+01 12  2.2428003289e-01  1.5480903029e-13
-8.1291020219e+01  4.0408914441e+05  3.7754420827e+01  7  8.7600000000e+00  1.5513595565e-13
-1.0513239797e+02  4.0407578120e+05  2.4734295853e+01 12  5.4019949004e-01  1.5548802843e-13
-1.0101647036e+02  4.0407902144e+05  1.6447059035e+01 12  5.1575235697e-01  1.5551397333e-13
-1.0758134185e+02  4.0407815472e+05 -1.8670562613e+01  7  1.2100000000e+01  1.5581103242e-13
-1.0187426748e+02  4.0404754244e+05 -2.5507468856e+01  7  1.2100000000e+01  1.5704072350e-13
-1.0238662013e+02  4.0404719603e+05 -1.9282284522e+01 10  5.8169682241e+00  1.5704072350e-13
-3.7680795574e+01  4.0396259095e+05 -5.9569339762e+01 10  6.4896922949e+00  1.8808476362e-13
-9.3645464593e+01  4.0405703262e+05 -1.0600411666e+01 11  3.1700343414e+00  1.5643784835e-13
-9.3769712889e+01  4.0405346621e+05 -1.1039407241e+00  7  1.2100000000e+01  1.5607437006e-13
-9.5718502823e+01  4.0405571705e+05  2.1652401350e+00 10  6.3232799369e+00  1.5607437006e-13
-1.1291485155e+02  4.0409903057e+05  4.4352825764e+01 10  6.7829281801e+00  1.6736046582e-13
-1.0758134185e+02  4.0407815472e+05 -1.8670562613e+01 11  3.5966059523e+00  1.5581103242e-13
-1.0168738260e+02  4.0407323399e+05  7.0204524184e+00 12  4.0813366093e-01  1.5570076876e-13
-1.1718171510e+02  4.0407246258e+05  2.9591458397e+00 12  9.3620347512e-01  1.5849299498e-13
-1.1236544167e+02  4.0406446697e+05  2.8127527145e+01 10  6.7528345529e+00  1.9031441380e-13
-8.8326102253e+01  4.0406238041e+05 -3.6718508350e+01 10  6.6391221437e+00  1.7016583292e-13
-1.0963468837e+02  4.0412038775e+05  1.3831557497e+01 10  6.6790487557e+00  1.7570151735e-13
-9.3506980502e+01  4.0409076606e+05  3.3302997154e+01 11  3.3526299927e+00  1.5526698840e-13
-6.2016260404e+01  4.0411978546e+05  2.9078848282e+01 10  6.6471460791e+00  1.8073049617e-13
-1.0520566294e+02  4.0410943000e+05  2.0691700294e+01 10  6.7974161756e+00  1.9337075462e-13
-3.7359709757e+00  4.0413160597e+05  3.4239356481e+00 11  3.5385546365e+00  1.5410036246e-13
-1.3507810687e+00  4.0773911237e+05 -4.0737363997e-01 11  3.2060007708e+00  1.5543135703e-13
-5.6739035051e+01  4.2456588241e+05 -1.9966715760e+02 11  3.4034312500e+00  1.6184577160e-13
-9.0356207502e-01  4.2748572221e+05 -8.9508779446e-01 11  6.5001326065e+00  1.6295882318e-13
-1.5229205881e+01  4.2973319183e+05  1.2698666781e+00 12  9.4873132990e-01  1.6539916989e-13
-1.4373174557e+01  4.2973684703e+05 -1.6355587386e+00 10  4.3646704801e+00  1.6539916989e-13
 2.2849411430e+01  4.4183748920e+05  2.0492852921e+01 12  1.9589005159e-01  1.7119178180e-13
 1.9671508966e+01  4.4184061881e+05  2.1251229521e+01 10  5.6885085316e-01  1.7119178180e-13
-1.7060595373e+00  4.4187683729e+05 -5.6846899506e+00 12  5.0543976575e-01  1.6850040577e-13
-1.3734880977e+00  4.4187057453e+05 -3.2356739915e+00 10  5.7718349812e+00  1.6850040577e-13
 3.9480868850e+01  4.4205325361e+05 -7.4926461516e+02 11  5.0225259541e+00  1.6851200928e-13
-1.8889584930e+01  4.4757319652e+05  5.0819739949e+01 11  5.7038038324e+00  1.7061622787e-13
 8.6458161122e+01  4.5727715639e+05  2.0299321494e+02 11  3.8533311508e+00  1.7431540610e-13
 2.3879213588e+00  4.5795166181e+05  3.7606379122e+00 11  3.8447978415e+00  1.7457252956e-13
 2.6854076677e+00  4.6198757542e+05 -1.6579227359e+00 11  6.4364121541e+00  1.7733593794e-13
 1.0137462372e+01  4.6305760128e+05 -1.2213407808e+01 11  6.6501951807e+00  1.9585432330e-13
 4.4007599121e-01  4.6576097180e+05 -4.3522514756e-01 11  3.0624582607e+00  1.7754946166e-13
-4.6587882294e+01  4.6876264899e+05 -2.0294963584e+00 11  3.7093079967e+00  1.7869370989e-13
-1.3833340310e+01  4.7057450022e+05  9.2928438312e+01 10  6.6661914673e+00  2.1196838955e-13
 1.4558290394e+02  4.7486301115e+05  1.7479851024e+02 10  4.5771976582e+00  1.8155321744e-13
 1.4233776760e+02  4.7486191822e+05  1.7660579454e+02 11  4.3220915703e+00  1.8155321744e-13
 1.6843622048e+01  4.8614602927e+05 -5.4640644043e+01 10  6.4899159572e+00  2.1727310922e-13
 2.8496172723e+00  4.9027592500e+05 -9.8381883855e-01  7  1.2100000000e+01  1.8692860199e-13
 4.5156324711e-01  4.9027216787e+05 -3.0880430030e+00 12  1.0630975310e+00  1.8698211357e-13
 1.6297605585e+01  4.9022346163e+05 -2.2347088603e+01 10  6.7662394847e+00  1.9862851552e-13
-3.0109009050e+01  4.9028726247e+05 -1.8894171223e+00  1  8.4888440032e+00  1.9201493403e-13
-3.1989171932e+01  4.9028630189e+05 -2.3179263043e+00 10  2.2536642541e+00  1.9201493403e-13
-7.9170179461e-01  4.9040886394e+05 -4.8148994101e+00 11  2.4105199984e+00  1.8694531113e-13
-3.3331686029e+02  4.9085181757e+05  1.2224309725e+03 11  5.5952325707e+00  1.8711416637e-13
 5.1927140774e+00  4.9227922502e+05 -5.9312755468e+00 12  2.1674054504e+00  1.8779116509e-13
 6.1722821218e-01  4.9226788780e+05 -8.0209412326e+00  7  1.6800000000e+01  1.8779621835e-13
-7.1423675594e+00  4.9226274791e+05  6.9269336597e+01 10  6.7619247780e+00  1.9989910598e-13
 6.1722821218e-01  4.9226788780e+05 -8.0209412326e+00 11  3.4571538393e+00  1.8779621835e-13
 4.7329660371e+00  4.9227021662e+05 -6.5458103251e+00 11  2.3986933412e+00  1.8778438250e-13
 5.3096669767e-01  4.9226622969e+05 -5.8571909119e+00 11  5.4907573432e+00  1.8776814006e-13
-8.9390797102e-01  4.9377107946e+05 -5.8591057188e+00  7  1.6800000000e+01  1.8838828471e-13
 1.1585706751e+01  4.9377497543e+05 -9.6473433615e+00  7  1.2100000000e+01  1.8892135885e-13
 9.2523936613e+00  4.9375444166e+05 -1.3608502638e+01 10  4.1184405749e+00  1.9278615363e-13
 1.0010127678e+01  4.9375691614e+05 -1.7925832625e+01 11  2.1214269895e+00  1.9278615363e-13
 1.9685072800e+01  4.9377979927e+05 -7.0943795757e+00 11  2.0856961702e+00  1.8917324938e-13
 5.6977967852e+00  4.9376094253e+05 -3.3082879197e+00 12  8.5360001389e-01  1.9019192028e-13
 4.9290987690e+00  4.9375994240e+05 -3.8694581298e+00 10  2.1842786770e+00  1.9019192028e-13
-8.4220447854e-01  4.9377636684e+05 -1.1230017418e+01 11  6.2248528317e+00  1.8851605910e-13
 3.4940737104e+00  4.9377138337e+05 -9.2444291073e+00 11  4.3494447822e+00  1.8842462384e-13
-8.9390797102e-01  4.9377107946e+05 -5.8591057188e+00 11  5.8724981209e+00  1.8838828471e-13
-3.5612447876e+00  4.9376664835e+05 -2.3361646272e+00 11  5.9067827842e+00  1.8828069850e-13
 3.0265886060e+01  4.9510798882e+05  3.0718021701e+00 11  5.7138788651e+00  1.8873663145e-13
-1.4540855045e+02  4.9656635284e+05 -4.9015603391e+02 12  1.3909140858e+00  1.8938213412e-13
-1.7286220260e+02  4.9653197152e+05 -4.8006820402e+02 10  6.7656568731e+00  2.0441423857e-13
-8.6237280421e+00  5.0250391452e+05 -1.6862311436e+01 11  2.1323537958e+00  1.9155598023e-13
-6.3739010879e+01  5.0759620531e+05 -1.0487007367e+02 10  6.6825265992e+00  2.2959669348e-13
 2.4570010617e+00  5.1495147139e+05  2.2024756362e+01 12  8.8418663634e-01  1.9887677349e-13
 4.7470854312e+00  5.1495036595e+05  1.9898199053e+01 10  1.0535363524e+00  1.9887677349e-13
-4.5783767249e+01  5.1712971698e+05  5.7845181425e+01 11  4.0800828688e+00  1.9713137944e-13
 2.1344583895e+01  5.2235063746e+05 -3.0923330051e+00 12  2.4237174485e+00  1.9961043929e-13
 2.1416827216e+01  5.2234903203e+05 -1.2767772436e+01  7  1.6800000000e+01  2.0010796416e-13
 2.1287314643e+01  5.2234887312e+05 -1.2708863734e+01 10  1.9366239623e-01  2.0010796416e-13
 2.1416827216e+01  5.2234903203e+05 -1.2767772436e+01 11  2.5671201063e+00  2.0010796416e-13
 4.0547357040e+01  5.2711147663e+05 -6.2665773503e+01 11  1.3336141467e-01  2.0093645577e-13
-4.7415246483e+01  5.2936417353e+05 -3.4314028200e+01 12  3.9263857340e-01  2.0571039598e-13
-9.2132877665e+01  5.2936780947e+05 -4.7971843988e+01 10  6.7677447403e+00  2.3093530293e-13
-4.1209884241e+01  5.2933916543e+05 -3.4629327841e+01 11  3.9816332974e+00  2.0197030468e-13
 1.6177821493e+03  5.3124361941e+05  6.7730367169e+02 11  3.2064836000e+00  2.0251164083e-13
-3.6287187107e+02  5.4086171263e+05  9.3655085046e+02 11  6.7756479336e+00  2.0806204534e-13
 1.2618887367e+01  5.5262453108e+05 -2.4771312285e+00 11  5.3554925680e+00  2.1066210767e-13
 5.7411456623e+01  5.5339940658e+05 -5.8646156686e+01 11  2.9130160887e+00  2.1095749251e-13
-1.6476090468e+02  5.5515129233e+05  3.5643030324e+02 11  6.7042013192e+00  2.1937399608e-13
-4.4974802160e+01  5.5810118215e+05  8.9174201244e+01 12  8.4141646727e-01  2.2665461241e-13
-4.4926995664e+01  5.5810062717e+05  8.9529436832e+01 10  1.2973502169e+00  2.2665461241e-13
 1.5928773898e+02  5.5850961687e+05 -5.5486244409e+02 11  5.6562981206e+00  2.1290551981e-13
 1.0074803395e+02  5.6697153719e+05 -7.9543961686e+01 11  5.8816495818e+00  2.1613122889e-13
 6.1380244281e+00  5.8718778682e+05  5.3104546084e+00  7  1.6800000000e+01  2.2394147054e-13
-9.7197574485e-03  5.8721901687e+05  1.8891603509e+01 12  3.9901699384e+00  2.2489142371e-13
-4.3346477509e+00  5.8722220598e+05  1.0538287561e+01  1  7.8881168349e+00  2.2618706202e-13
-3.2191284742e+00  5.8720551844e+05  3.0408548351e+01  3  8.7600000000e+00  2.2709264762e-13
-5.8351699409e+01  5.8720770014e+05  3.2593394578e+01 10  6.7707595925e+00  2.6180065067e-13
-3.2191284742e+00  5.8720551844e+05  3.0408548351e+01 11  1.4525602370e+00  2.2709264762e-13
-2.0970745071e+01  5.8721050299e+05  6.9640257496e+00  1  8.3923266882e+00  2.2612743433e-13
-1.3207332521e+00  5.8720444601e+05  2.0397699138e+00 10  6.2397422326e+00  2.2612743433e-13
-2.0198506908e+00  5.8722306331e+05  1.0531827701e+01 11  1.3246939730e+00  2.2502908490e-13
 7.0588710841e-01  5.8721059050e+05  7.6857040200e+00 11  1.6715660015e-01  2.2439360305e-13
-5.0067973147e-01  5.8720884945e+05  4.7164891024e+00 11  2.4582102747e+00  2.2435929940e-13
 6.1380244281e+00  5.8718778682e+05  5.3104546084e+00 11  3.4730855216e+00  2.2394147054e-13
 6.9588856550e+00  5.8720427511e+05 -6.6813388885e+00 11  1.5637651522e+00  2.2385258910e-13
 1.2366915945e+01  5.8882624844e+05  9.1643303181e+00  1  8.7416523428e+00  2.2462563666e-13
 1.3309746890e+01  5.8882076792e+05  8.7304844670e+00 10  6.7201144003e+00  2.2716225077e-13
 9.3972035936e+00  5.9284107157e+05  9.2571543788e+00 10  3.7126365656e+00  2.2843224269e-13
 9.6805839850e+00  5.9284117321e+05  9.1768585896e+00 11  2.4605211735e+00  2.2843224269e-13
 6.8908160214e+02  5.9528824585e+05  6.9185616508e+02 11  1.1614356995e+00  2.2692564208e-13
 5.3469786771e+00  5.9895767082e+05 -6.1286969311e+00 12  1.6228173110e+00  2.3221447973e-13
 5.5298773842e+00  5.9895807426e+05 -5.8171490003e+00 10  1.8590188208e+00  2.3221447973e-13
-3.1338968197e+00  6.0331458553e+05  9.8699089492e+00 11  1.9906944145e-01  2.2998530654e-13
 2.0157997368e+02  6.0736913425e+05  8.8822505703e+01 11  4.4334239498e+00  2.3153091251e-13
-3.1164355745e-01  6.1022492220e+05  4.0176322905e+00 11  1.8614894625e+00  2.3261954734e-13
 2.1832292763e+01  6.1187391197e+05  8.2879063342e-01  7  1.2100000000e+01  2.3418825060e-13
 1.9424936536e+01  6.1187225729e+05  5.4019512038e-01 10  4.7002310688e+00  2.3418825060e-13
 3.9635226462e+01  6.1187234856e+05 -4.0857036599e+01 10  6.7963303422e+00  2.5579664635e-13
-1.3451737483e+02  6.1460014119e+05  1.2223123899e+02 11  4.4673305507e+00  2.3428739377e-13
 2.1247759328e+01  6.2091074687e+05  1.0328351583e+01 11  2.0366440735e-01  2.3669301534e-13
-3.2506025087e+01  6.3834169668e+05 -9.9577185158e+01 10  6.7925488575e+00  2.5502319043e-13
 2.0026619507e+01  6.3973071269e+05  4.2170450650e+01 10  6.7287672863e+00  2.6010099411e-13
-5.2860477845e+00  6.4572012852e+05 -1.2668064649e+01 12  3.8384569073e-01  2.4796641235e-13
-4.5515346016e+01  6.4574906898e+05 -4.5355760581e+00 10  6.7555349399e+00  2.6496684809e-13
-6.5107816729e+01  6.4761145504e+05  1.9742587845e+01 11  4.1366112691e+00  2.4687140436e-13
-3.5984223065e+01  6.4852382201e+05  5.8525838335e+01 11  3.5130741773e+00  2.4721920135e-13
-5.7453917519e+00  6.5038421868e+05  2.2124137195e+01 11  9.5606608392e-01  2.4792839007e-13
-1.2391841816e+01  6.5252873151e+05 -3.2572082457e+01  7  1.6800000000e+01  2.4951787219e-13
-3.5489312772e+00  6.5253078476e+05 -4.0422198700e+01 12  6.6650933830e-01  2.4960220431e-13
-1.1970143623e+01  6.5253297870e+05 -2.6858375840e+01 10  5.3433802169e+00  2.5016281326e-13
-4.9181678795e+00  6.5252866043e+05 -2.9698342126e+01 11  5.1377165772e+00  2.5016281326e-13
-1.2391841816e+01  6.5252873151e+05 -3.2572082457e+01 11  2.9033792972e+00  2.4951787219e-13
-5.3837373703e+01  6.5252436759e+05 -7.9262884020e+01 10  6.7501555000e+00  2.6376656907e-13
 4.5101773394e+00  6.5252764672e+05 -2.6074302733e+01 11  4.1713071910e+00  2.4917698327e-13
 1.6130436043e+02  6.5272746927e+05  8.0665710726e+01 11  6.3773988271e+00  2.4882164414e-13
-2.2483442834e+00  6.5442251251e+05  9.3512126603e-01 11  6.6746490356e+00  2.4946779964e-13
-1.9911830873e+01  6.5754187159e+05  9.7572203350e+00 10  4.5489691798e+00  2.5345320597e-13
-2.1253117588e+01  6.5754116036e+05  9.1437143756e+00 11  3.3622300341e+00  2.5345320597e-13
-6.0833467469e+01  6.5860994468e+05  6.2493944155e+00 10  1.9735522920e+00  2.6257332338e-13
-6.1504084500e+01  6.5860902992e+05  6.7746146617e+00 11  9.9809699836e-03  2.6257332338e-13
-9.6886019080e+01  6.5870798697e+05 -6.1266583311e+01 10  6.3554658256e+00  2.5524826447e-13
-2.5515694589e+01  6.6502508483e+05  2.1988598466e+01 11  6.4532359567e+00  2.5350953160e-13
-6.8315754309e+01  6.7512207728e+05 -1.8227101474e+01 10  6.6947384024e+00  2.6919868809e-13
-1.7424692639e+02  6.7581272397e+05  9.4246517236e+01 11  6.3301254480e+00  2.5762181159e-13
-3.0854038979e+00  6.8468856857e+05 -3.0712327685e+01 11  3.2316788491e+00  2.6107703127e-13
-2.1048316660e+01  6.8575611464e+05  2.1289016491e+01 10  2.4401222055e+00  2.6821389555e-13
-2.2130926918e+01  6.8575635766e+05  2.1362705898e+01 11  1.4498252137e-02  2.6821389555e-13
-1.2892561797e+02  6.8672314425e+05 -1.6933573312e+01 12  1.4162734543e+00  2.6271947417e-13
-1.2775136581e+02  6.8672141082e+05 -1.4915043024e+01 10  3.0176478417e+00  2.6271947417e-13
-1.7401511516e+01  6.8738606448e+05 -2.3746645720e+01  3  8.7600000000e+00  2.6337220987e-13
-1.7401511516e+01  6.8738606448e+05 -2.3746645720e+01 12  1.5900872967e+00  2.6337220987e-13
-8.5376660451e+00  6.8737867801e+05 -3.8392763083e+01  1  8.2606375753e+00  2.6858818188e-13
-9.6108386806e+00  6.8737879270e+05 -4.1814851985e+01 10  3.8812120109e-01  2.6858818188e-13
 1.3097788141e+00  6.9507126451e+05 -5.9738908946e+00 11  3.6014622277e+00  2.6496322427e-13
-5.5318650447e+01  6.9921557122e+05 -9.1574005818e+00 12  7.3988924515e-01  2.6694020071e-13
-6.1293248049e+01  6.9922286724e+05 -8.6687132575e+00 10  3.5325482443e+00  2.6694020071e-13
 2.4685086293e+00  7.0138781616e+05 -1.4222395617e+01  7  8.7600000000e+00  2.6799811661e-13
-4.3008569196e+00  7.0139216416e+05 -6.2499461539e+00 10  2.2080390872e+00  2.7023254700e-13
-8.8466073152e-01  7.0139217818e+05 -1.1915997402e+01 11  1.6076241829e+00  2.7023254700e-13
 2.7116887318e+00  7.0139032257e+05 -2.0589957052e+01 11  6.1212916947e+00  2.6806885666e-13
 2.4685086293e+00  7.0138781616e+05 -1.4222395617e+01 11  5.3055373453e+00  2.6799811661e-13
-6.6100945882e+00  7.0138498681e+05 -9.7815245880e+00 11  3.4293553041e+00  2.6762062965e-13
 3.8972291586e+01  7.0148585847e+05  2.0187416525e+02 11  3.3286537852e+00  2.6740848648e-13
 1.5316341730e+01  7.1095184028e+05 -2.1095292612e+01  1  8.1581076581e+00  2.7242015176e-13
-2.6144511442e+01  7.1094366472e+05 -3.3237894109e+01 10  6.3825632548e+00  2.8881935246e-13
 6.4770609038e+01  7.1135634431e+05  3.2142156298e+01 11  1.7349053440e+00  2.7117114491e-13
-5.5516968356e+00  7.1421092506e+05  9.2591341427e+00 11  6.4343775187e+00  2.7225931955e-13
-2.9767546044e+01  7.1496881608e+05  3.0471275560e+01 11  3.2185486895e+00  2.7254822985e-13
 1.7300109019e+01  7.1637075184e+05 -6.0253449885e+00  7  8.7600000000e+00  2.7500901131e-13
 1.7854153282e+01  7.1637321514e+05 -3.1695982144e+00 10  2.6855580634e+00  2.7500901131e-13
 2.8926981579e+01  7.1639748340e+05 -1.4594677261e+01 10  6.8071542420e-01  2.7751768650e-13
 2.8953255843e+01  7.1639811345e+05 -1.4848734208e+01 11  2.5737393211e-01  2.7751768650e-13
 3.1043642294e+02  7.1993564765e+05  1.1699886064e+03 11  1.9713852410e-01  2.7444160075e-13
-8.7183052890e+01  7.2272507895e+05 -5.9353586562e-01  3  8.7600000000e+00  2.7661401678e-13
-8.7183052890e+01  7.2272507895e+05 -5.9353586562e-01 12  9.3366368197e-01  2.7661401678e-13
-6.1250224041e+01  7.2273766388e+05 -1.4240257633e+01 10  6.6425979423e+00  2.9123148926e-13
-7.8252478009e+01  7.2271664337e+05 -1.7465969987e+01 11  6.6870442362e+00  2.8412635867e-13
-1.2773127056e+00  7.2976501351e+05  2.7179821730e+00 12  2.2272860450e+00  2.7829242491e-13
-1.3515833789e+00  7.2971048706e+05  5.0628065247e+01 12  2.3741059251e-01  2.9309602822e-13
-8.2912319525e+00  7.2971199570e+05  5.4860108650e+01 10  8.4763420758e-01  2.9309602822e-13
 2.2125016064e+00  7.3088194204e+05  1.0195144266e+01 11  7.7057725759e-01  2.7861436059e-13
 1.3836258932e+01  7.3583047728e+05  2.7640718227e+00 12  1.4373961099e-01  2.8189134759e-13
 1.3571145971e+01  7.3583051026e+05  3.1166285939e+00 10  8.1765686415e-01  2.8189134759e-13
-6.6055370590e+01  7.3612087927e+05 -8.2172404621e+01 10  6.7405843035e+00  3.3505283934e-13
-3.6676107390e+02  7.3733882248e+05 -1.9466553480e+02 10  6.7539854880e+00  3.0353569436e-13
-2.9766822884e+00  7.4193688830e+05  3.1206775730e+00 12  1.6490570605e+00  2.8562638902e-13
-2.8227714484e+00  7.4193783619e+05  3.7327737237e+00 10  6.2778397897e+00  2.8562638902e-13
 3.5986935142e+01  7.4341904205e+05  9.7902707941e-01  7  1.6800000000e+01  2.8371678941e-13
 3.8016266620e+01  7.4339856342e+05  1.2429819851e+01 12  8.4769723942e-02  2.8387080781e-13
 8.6084355998e+01  7.4339455143e+05  5.1432019735e+00 12  1.4115474329e+00  2.8423218635e-13
 7.7830008126e+01  7.4336147965e+05  1.7446829606e+01 12  1.0111982807e+00  2.8442151900e-13
 8.8039700853e+01  7.4336423980e+05  1.6165579233e+01  7  1.2100000000e+01  2.8446412341e-13
 9.3510421779e+01  7.4335227862e+05  2.2685128530e+01  7  8.7600000000e+00  2.8462223509e-13
 9.4877628639e+01  7.4335700869e+05  2.7243922915e+01  7  8.7600000000e+00  2.8463588880e-13
 9.7633888099e+01  7.4335067520e+05  2.3516259515e+01  7  1.2100000000e+01  2.8467662001e-13
 9.9950664281e+01  7.4335043825e+05  4.6230903220e+01 12  3.7004106606e+00  2.8492536927e-13
 1.0759021425e+02  7.4334105381e+05  4.5492489346e+01  1  7.9117904693e+00  2.8499230886e-13
 1.1800170018e+02  7.4334529193e+05  5.5696673754e+01 12  1.8985134069e+00  2.8515918354e-13
 1.1171943036e+02  7.4335102082e+05  5.9262321284e+01 12  1.7829004563e+00  2.8539285751e-13
 1.0952102012e+02  7.4337085152e+05  6.3335727236e+01 11  1.4869897802e+00  2.8905391448e-13
 1.0588302178e+02  7.4336285180e+05  5.1828199452e+01 11  5.0852111658e+00  2.8587342728e-13
 1.1061333481e+02  7.4329885467e+05  7.8429479956e+01 10  1.9566508645e+00  3.0182852674e-13
 1.0913694060e+02  7.4330239736e+05  7.5870810867e+01 11  6.0970655757e-02  3.0182852674e-13
 1.1006038447e+02  7.4334741753e+05  5.9914690957e+01 11  4.2875442888e+00  2.8524787533e-13
 9.7702326544e+01  7.4335077867e+05  4.5932921531e+01 12  1.3256358308e+00  2.8646014542e-13
 9.9371131288e+01  7.4334556470e+05  4.4892486035e+01 10  5.9868651930e+00  2.8646014542e-13
 1.0471057052e+02  7.4334636882e+05  4.6470306517e+01 11  3.9577641298e+00  2.8504546052e-13
 8.1689276042e+01  7.4334138477e+05  1.1717840918e+01  3  8.7600000000e+00  2.8638909565e-13
 8.1526426162e+01  7.4334529424e+05  1.1353284220e+01 10  1.2481437991e+00  2.8638909565e-13
 8.1689276042e+01  7.4334138477e+05  1.1717840918e+01 11  1.8929804744e-01  2.8638909565e-13
 9.4877628639e+01  7.4335700869e+05  2.7243922915e+01 11  5.7143996994e+00  2.8463588880e-13
 1.0747456973e+02  7.4344168068e+05 -2.7609036171e+01 10  6.7056468765e+00  3.1007390761e-13
 8.2729939810e+01  7.4334287071e+05  6.0144601479e+01 10  6.7662697765e+00  2.8950581648e-13
 1.5420867438e+02  7.4341290486e+05  3.0664157497e+01  1  8.0784844649e+00  2.9855364911e-13
 1.5682883283e+02  7.4341279140e+05  3.4241330374e+01 10  1.8154043762e+00  2.9855364911e-13
 5.1615951604e+01  7.4338409571e+05 -5.6143037056e+00 11  2.3343848592e+00  2.8396151860e-13
 3.4666162487e+01  7.4335662264e+05 -2.4100873185e+01 11  2.3929358752e+00  2.8690691254e-13
 6.3889619661e+01  7.4330682996e+05 -6.7034861232e+01 10  6.7518952728e+00  3.0183710644e-13
 1.2855311252e+01  7.4334331411e+05 -2.7765181256e+01 11  1.4371977792e+00  2.8527024690e-13
 1.9927523505e+00  7.4333370446e+05 -6.1602316234e-01 12  1.0509827276e+00  2.8832569892e-13
 3.9657544027e+00  7.4333107711e+05  5.3667927742e+00 10  2.5948540495e+00  2.8832569892e-13
 2.8204209453e+01  7.4335545588e+05 -1.1473817005e+01 11  4.3058151085e+00  2.8475229594e-13
 4.5105407209e+01  7.4337411880e+05 -5.1684259360e+00 11  2.0818680994e+00  2.8433896319e-13
 3.9928041611e+01  7.4339215356e+05  1.1371272334e+00 11  1.6147696158e+00  2.8403858144e-13
 3.2721628867e+01  7.4340465212e+05  2.1862309423e+00  4  9.7217856070e+00  2.8622444452e-13
 3.1884017182e+01  7.4340054474e+05  4.1747851920e+00 10  4.5785535548e+00  2.8622444452e-13
 1.2546221944e+01  7.4340477482e+05 -4.5003649301e-01 11  4.9123326736e+00  2.8391281593e-13
 3.5986935142e+01  7.4341904205e+05  9.7902707941e-01 11  2.1537166317e+00  2.8371678941e-13
-8.1316969384e+00  7.4343368057e+05 -1.1757264609e+01 12  1.2266963775e+00  2.8358509809e-13
 3.3137681044e+01  7.4340541669e+05  3.2708990210e+00  7  1.2100000000e+01  2.8483293101e-13
 3.4483222583e+01  7.4341439531e+05 -7.8802788737e+00  7  8.7600000000e+00  2.8521693747e-13
 3.6634886813e+01  7.4341989183e+05 -1.8229387735e+01  7  8.7600000000e+00  2.8547427216e-13
 4.0413885672e+01  7.4343663034e+05 -6.8381342917e+00 12  1.2331993428e+00  2.8631541465e-13
 3.4967759394e+01  7.4343593744e+05 -6.3659507950e+00 10  2.0812263017e+00  2.8631541465e-13
 3.7163953826e+01  7.4342039145e+05 -1.5391264524e+01 12  1.7982096595e+00  2.8557637325e-13
 3.7949602868e+01  7.4343850540e+05 -1.3082375684e+01 10  6.7174024701e+00  2.8678531589e-13
 2.2820681982e+01  7.4340617100e+05 -2.8336302356e+01 12  5.4361383632e-01  2.8637939940e-13
 3.4199915897e+01  7.4340383812e+05 -1.7588662872e+01 10  9.8750889080e-01  2.8637939940e-13
 3.3137681044e+01  7.4340541669e+05  3.2708990210e+00 11  5.3828253815e+00  2.8483293101e-13
 3.2154768837e+01  7.4340712562e+05  3.8582074069e+00 11  9.0039730380e-01  2.8477036178e-13
 2.5792654787e+01  7.4340433803e+05 -2.2676969681e+00  7  1.2100000000e+01  2.8463350504e-13
 2.7284425753e+01  7.4340263710e+05 -1.7513748825e+00 10  6.3249578208e+00  2.8463350504e-13
 7.0795553418e+01  7.4344297356e+05  8.5068838882e+01 10  6.6798744834e+00  3.2624391435e-13
 1.3239685392e+01  7.4340326832e+05 -5.4481521134e+00  7  8.7600000000e+00  2.8440015230e-13
 2.8463084508e+01  7.4336495688e+05  3.3935892174e+01 10  6.7234796328e+00  3.0618134414e-13
 1.4925854906e+01  7.4341523479e+05 -8.7186225077e+00 12  6.2012953087e-01  2.8828342258e-13
 1.2609645474e+01  7.4341592714e+05 -8.6712346811e+00 10  2.2870038610e+00  2.8828342258e-13
-4.4951849228e+00  7.4340408258e+05 -2.7631803503e+01 12  3.7569102183e-01  2.8618648766e-13
-2.5925208851e+00  7.4340345192e+05 -2.8168204625e+01 10  8.6088069257e-01  2.8618648766e-13
-2.8868058557e+01  7.4340039284e+05  6.6959091254e-01 11  3.3734147120e+00  2.8403189436e-13
-1.1309492915e+01  7.4342972479e+05 -9.5441864279e+00 11  5.2631552771e+00  2.8360707547e-13
 8.0078080775e+01  7.4477300180e+05  1.7236215380e+01 10  6.6758931027e+00  3.0847562098e-13
 7.6401286925e+01  7.4472202608e+05  7.1987175001e+01 11  2.4448871432e-01  2.8632864342e-13
 3.0792455453e+01  7.4668185429e+05  1.1626089294e+02 11  3.7888532836e-01  2.8463733393e-13
 1.0937792838e+02  7.4731485918e+05  1.1914360915e+02 11  2.4450290161e-01  2.8487863726e-13
-4.8187962986e+01  7.4809447843e+05 -1.5366526511e+01  1  8.0949467758e+00  2.9375832102e-13
-4.7799445356e+01  7.4809450745e+05 -1.5721308353e+01 10  2.4207599120e+00  2.9375832102e-13
-3.0860059264e+01  7.4863239424e+05 -2.2805345377e+01 10  6.7942973464e+00  3.1421391969e-13
-7.5766063081e-01  7.5400327685e+05  3.3292111408e+00  7  1.6800000000e+01  2.8748577606e-13
-3.1138133102e+01  7.5401983031e+05  7.8494470700e+00  0  8.3229322417e+00  2.9173477807e-13
-3.1034793495e+01  7.5401840606e+05  5.9798181120e+00 10  4.6296797315e+00  2.9173477807e-13
-4.1580443293e+01  7.5396425587e+05 -5.8465762639e+00 10  6.7233821217e+00  3.2079615394e-13
 2.5726524120e+00  7.5400480549e+05 -5.2214860791e-01 11  5.0620858574e+00  2.8749961906e-13
-7.5766063081e-01  7.5400327685e+05  3.3292111408e+00 11  3.3539077132e+00  2.8748577606e-13
 2.1416753271e+02  7.6096204819e+05 -8.6818383282e+01  1  7.7692773629e+00  2.9164093279e-13
 2.1115515244e+02  7.6096255538e+05 -8.5745089125e+01 10  4.5603655993e+00  2.9164093279e-13
 6.9894449533e+00  7.6198789718e+05 -1.4108509547e+01 11  6.0503493541e+00  2.9047204280e-13
-6.4142383146e+01  7.6499260554e+05 -2.4702533351e+01 10  6.7887556586e+00  3.2731747275e-13
 1.3962021084e+00  7.6504780659e+05  9.0693152051e-01 11  3.0752389135e-01  2.9168972889e-13
-5.7899661879e+02  7.6662750152e+05 -2.4527499511e+02 11  4.4627133820e+00  2.9224067371e-13
-1.1638044445e+02  7.7457885458e+05  8.2332119978e+00 10  6.7195353288e+00  3.0284855795e-13
-1.9053603703e+01  7.7628303448e+05  4.1334799738e+01 12  1.6068981091e+00  2.9753193830e-13
-9.7885273618e+00  7.8131124077e+05  1.8305739144e+01 10  2.2269025916e+00  3.0278798828e-13
-3.3769651129e+00  7.8130986715e+05  1.7007948868e+01 11  7.0039323510e-02  3.0278798828e-13
 3.1013145555e+01  7.8456169431e+05  8.5988793077e-01  7  8.7600000000e+00  2.9944835932e-13
 2.2401337154e+01  7.8457352942e+05 -3.5947975286e-01  7  1.6800000000e+01  2.9960151170e-13
 1.9963817428e+01  7.8460987190e+05  2.5576086249e+01 12  3.2318601813e+00  3.0123776662e-13
 1.8392589278e+01  7.8461036611e+05  2.5379274716e+01 10  3.4611306899e+00  3.0123776662e-13
 2.6957664619e+01  7.8461548514e+05  2.3446712501e+01  0  8.4038939751e+00  3.0163830235e-13
 2.6558377449e+01  7.8461670847e+05  2.8794527712e+01 10  2.8649231633e+00  3.0163830235e-13
-8.8251340845e+01  7.8463267057e+05  3.0394707117e+01 10  6.6284321358e+00  3.2753211916e-13
 3.4237218314e+01  7.8459451568e+05  8.7295801045e+00 11  2.5623690344e+00  3.0109262619e-13
 3.3710740450e+01  7.8459387552e+05  1.0481997356e+01 11  2.1358223008e+00  3.0103368994e-13
-3.5589431191e+01  7.8455216779e+05 -3.5642399358e+00 10  6.7210391169e+00  3.2432063377e-13
 2.4216720636e+01  7.8457615647e+05  2.0468828831e+01 11  1.9870572891e+00  2.9979356952e-13
-2.4814105263e+01  7.8455756210e+05 -1.1401288626e+01 10  6.7704779632e+00  3.1715382553e-13
 8.8582327248e+01  7.8460018016e+05 -5.7848073254e+01 10  6.6901024103e+00  3.2137472654e-13
-3.5118260836e+00  7.8455521442e+05 -2.6152678598e+01  7  8.7600000000e+00  2.9963865124e-13
 2.0955446291e+01  7.8452294182e+05 -2.7663735688e+01 12  1.5898596464e+00  3.0292485895e-13
 2.1624521862e+01  7.8452309009e+05 -2.5978720037e+01 10  2.3078819386e+00  3.0292485895e-13
 9.6981156990e+00  7.8454386270e+05 -1.8031554568e+01 11  2.5389736112e+00  3.0091613834e-13
-7.3368186256e+00  7.8451731005e+05  2.4669084028e+01 10  1.2147985911e+00  3.0472629018e-13
-3.2928678791e+00  7.8451167537e+05  2.8345239589e+01 11  3.1191649593e-01  3.0472629018e-13
-2.3390768454e+01  7.8453978891e+05 -1.7992253551e+01  1  8.7360349635e+00  3.0233318348e-13
-1.7096276500e+01  7.8454727028e+05 -1.5604056541e+01 10  1.4496096130e+00  3.0233318348e-13
 2.6105676591e+00  7.8453788064e+05 -2.1478350759e+01 12  2.0642294990e+00  2.9964462715e-13
 8.8358600853e+00  7.8455781699e+05 -2.2403845501e+01  7  1.2100000000e+01  2.9991113294e-13
 8.0999515872e+00  7.8455342662e+05 -2.3427900927e+01 10  3.4284125961e+00  2.9991113294e-13
 1.2585804268e+01  7.8456526449e+05 -2.5230513274e+01 11  6.7408170519e+00  3.0247054924e-13
-2.8810175165e+00  7.8455952380e+05 -8.6402176421e-01 10  4.8999549853e+00  2.9962092771e-13
 1.6865351055e+00  7.8455930155e+05  2.8863372224e+00 11  3.3490151356e+00  2.9962092771e-13
 1.7168236345e+01  7.8617725297e+05  1.3239577266e+01 12  1.1217036307e+00  3.0111002638e-13
 2.4636209654e+01  7.8617252714e+05  2.8782350073e+01 10  6.7898847948e+00  3.0492668153e-13
-7.5687011757e-01  7.8694200776e+05 -1.3573032845e+01 11  2.6132084663e+00  2.9998462364e-13
-2.9520279316e+00  7.8943555321e+05  2.9733027354e+00 11  3.2538273425e+00  3.0093517056e-13
-2.8912316227e+01  7.9414629297e+05  1.1624905244e+01 10  6.6374143389e+00  3.0802848451e-13
 1.1153709439e+01  8.0303164909e+05 -1.9591300218e+01 12  1.9261269464e+00  3.0684835836e-13
 3.1255090285e+01  8.0303091323e+05 -2.2568563541e+01  7  1.2100000000e+01  3.0738996244e-13
 2.0707283438e+01  8.0301178231e+05 -3.5697929798e+01 10  4.7331008169e+00  3.0876108069e-13
 2.1292954244e+01  8.0301018179e+05 -3.6199471718e+01 11  2.4090486612e+00  3.0876108069e-13
 5.5972708902e+01  8.0304035881e+05 -6.1495954721e+00 10  6.6170254919e+00  3.2590541870e-13
 4.6707523693e+00  8.0592281522e+05 -3.7031096088e+00  7  8.7600000000e+00  3.0733931832e-13
 9.7893154683e-01  8.0591288109e+05  3.9111898894e+00 12  6.0891270823e-01  3.0787602287e-13
 3.0260749771e+01  8.0590795673e+05 -5.4889624640e+01 10  2.2515437320e+00  3.1971323062e-13
 2.9003961278e+01  8.0590746966e+05 -5.8042541754e+01 11  1.8520838611e-01  3.1971323062e-13
-2.5143573614e-01  8.0590914284e+05  1.8214543012e+00 11  4.6636620814e+00  3.0878929022e-13
 3.7194793834e+00  8.0591372602e+05  3.5665700547e-01 11  2.2918003854e+00  3.0752688231e-13
 5.3117215814e+00  8.0594421574e+05  8.9069694244e+00  1  7.9314867431e+00  3.1722622601e-13
 4.2133451470e+00  8.0594639377e+05  1.0210775161e+01 10  1.3428578305e+00  3.1722622601e-13
 9.7766566430e+00  8.0717812164e+05  3.8664299477e+01 11  4.0641983305e-01  3.0769869018e-13
-6.6238615654e+01  8.0963754685e+05  1.8700454507e+02  1  8.2021583002e+00  3.0909506049e-13
-6.7941152620e+01  8.0963431042e+05  1.8559560525e+02 10  1.5340535518e+00  3.0909506049e-13
-2.6086589583e+01  8.0985701823e+05  5.2844921546e+01 12  1.1283917270e+00  3.1116803721e-13
-2.7354513180e+01  8.0985701296e+05  5.2362565627e+01 10  1.3276930199e+00  3.1116803721e-13
 2.1676843760e+02  8.1115877369e+05  1.2346544204e+02 11  5.0671325458e+00  3.0921612653e-13
-1.9417318213e+00  8.1998515995e+05 -7.5109094022e-01 11  3.0564932798e+00  3.1258077111e-13
 2.3349217107e+01  8.2146014445e+05  5.3576204355e+00 11  3.5690293147e+00  3.1314303957e-13
-5.0168324108e+00  8.2628293147e+05 -1.7365616588e+01 10  4.0853329645e+00  3.1519733929e-13
-6.5193202571e+00  8.2628461364e+05 -1.8284936509e+01 11  2.4176716395e+00  3.1519733929e-13
-1.4065268002e-01  8.2794406674e+05  1.9463596061e+00  7  1.6800000000e+01  3.1561734795e-13
 6.0286255515e-01  8.2794152173e+05  4.6258979167e+00  7  1.6800000000e+01  3.1601843110e-13
 2.1005550347e+00  8.2794190573e+05 -1.0990832547e+00 10  6.4489330238e+00  3.1644475675e-13
 6.2929447646e+00  8.2793883978e+05 -2.8461700959e+00 11  2.9468227747e+00  3.1644475675e-13
 6.0286255515e-01  8.2794152173e+05  4.6258979167e+00 11  4.5746304360e+00  3.1601843110e-13
-1.4065268002e-01  8.2794406674e+05  1.9463596061e+00 11  4.3249874117e+00  3.1561734795e-13
 1.6479443410e+01  8.2820221462e+05 -3.4737800537e+01 10  6.7242110050e+00  3.2562114552e-13
 1.1365247287e+00  8.3376162078e+05 -3.1668548534e+00 12  3.6766143697e+00  3.1787003789e-13
 3.3461587367e+00  8.3375599409e+05 -5.8342352135e+00 12  6.1364137674e-01  3.1792769075e-13
 4.4137214745e+00  8.3375721694e+05 -6.4525199567e+00 12  1.8979131482e-01  3.1793355656e-13
 1.2219068592e+00  8.3373185188e+05 -4.7622182708e+00  7  8.7600000000e+00  3.1880094779e-13
 2.8970694451e+00  8.3372738128e+05 -7.1278761585e+00  9  8.5919404816e+00  3.1895188671e-13
-1.9088072241e+01  8.3371703672e+05 -1.0729197652e+01 12  1.4058233206e+00  3.2251837253e-13
-1.3946480681e+01  8.3371672516e+05 -2.2419866935e+00 10  2.9876141821e+00  3.2251837253e-13
-3.5238205987e+01  8.3367568498e+05  1.7410581990e+01 10  6.5616226723e+00  3.4865857833e-13
-2.8149111367e+01  8.3372983471e+05 -2.5099068289e+01 11  6.7903051825e+00  3.3337018275e-13
-5.9064761747e+01  8.4061386541e+05 -1.7928658555e+01 10  6.5017896265e+00  3.5640166210e-13
-2.4612802585e+01  8.4407078523e+05 -5.2630285233e+01 11  3.0287319972e+00  3.2176228279e-13
 1.0474122713e+01  8.4455882460e+05 -7.8502442764e+00 10  6.7782073201e+00  3.2541914443e-13
 1.3976052805e+01  8.4722486108e+05  1.9376844529e+01 10  2.6912981182e+00  3.2964699403e-13
 9.7042143323e+00  8.4722428324e+05  1.5364447688e+01 11  6.0487598696e-01  3.2964699403e-13
-1.0405440394e+01  8.4744666570e+05 -2.9257954097e+01 11  6.7785623629e+00  3.2927463812e-13
 7.7012201378e+01  8.4758174609e+05  2.3622804008e+02 10  6.6743083943e+00  3.8890328512e-13
-5.6040841634e+01  8.4773154560e+05 -3.8222278764e+01 11  1.8677390114e+00  3.2315777548e-13
-1.0340399016e+01  8.5205386732e+05  1.8579326351e+02 11  1.2686269282e+00  3.2480545732e-13
 1.1406387630e+01  8.5946008425e+05  1.1252464137e+01 11  2.8148413209e+00  3.2762872914e-13
 3.2180918643e+00  8.6964823514e+05 -1.0061052145e+00 11  2.0490561830e+00  3.3151248243e-13
-2.1282661883e+00  8.7410571330e+05 -4.7971593044e-01 11  4.3600766000e+00  3.3321168631e-13
-8.8109819952e+00  8.7903129536e+05  5.6606611610e+00 11  5.7061086889e+00  3.3508933277e-13
 2.4175561797e+00  8.8100857976e+05 -4.5105571121e+00  1  7.9874049315e+00  3.3592788254e-13
-1.2026269783e+01  8.8100027845e+05 -1.6370865520e+01 12  6.5926653101e-01  3.3652933303e-13
-1.1380776606e+01  8.8099797087e+05 -2.0808157966e+01 12  1.1161423034e+00  3.3750072352e-13
-1.5675795837e+01  8.8099579941e+05 -1.8770863186e+01 10  6.7944580235e+00  3.3964582948e-13
-1.4157828932e+01  8.8099697930e+05 -1.7597575511e+01 11  4.2505503659e+00  3.3696049345e-13
 1.9773102149e+00  8.8101086080e+05 -1.5376784026e+01 11  3.8160748916e+00  3.3608687399e-13
 7.1449338034e-01  8.9526529849e+05  2.1859596580e+00 11  3.4271559793e+00  3.4127778284e-13
 8.8207663765e-01  8.9675284585e+05  1.1941760186e+00 11  1.3781960261e+00  3.4184484030e-13
-2.1571825348e+00  9.0248880453e+05  8.5641629529e+00  7  8.7600000000e+00  3.4425591092e-13
-5.8759436349e+00  9.0247671397e+05  1.8678555130e+01 12  9.5237889755e-01  3.4726270500e-13
-8.6809308684e+00  9.0247906278e+05  1.9935103968e+01 10  1.0370432644e+00  3.4726270500e-13
 2.0593407487e+00  9.0249452007e+05  1.4123410333e+01  0  7.8875808069e+00  3.4451289978e-13
-4.4009830174e+00  9.0249282883e+05  1.1535353862e+01 10  5.0510924289e+00  3.4451289978e-13
-6.2477571214e+01  9.0245382045e+05  9.4830193849e+00 12  5.4406714073e-01  3.5661400236e-13
-6.3690604024e+01  9.0245427886e+05  8.3569661551e+00 10  2.3879118269e+00  3.5661400236e-13
 1.1813653283e+01  9.0263982853e+05  2.3393844353e+01 10  6.7822442909e+00  3.4894623743e-13
 2.7891522304e+01  9.0535375886e+05 -3.2769744215e+01 11  4.6118854009e+00  3.4512353381e-13
-1.9060110527e+01  9.0836903965e+05 -1.0174222657e+01 10  6.4026057693e+00  3.7293189712e-13
-2.8800039806e+00  9.0934040052e+05 -7.3524655005e+00 12  2.0377915369e-01  3.6160495262e-13
-6.9661939321e+00  9.0933770908e+05 -1.1668039157e+01 10  4.1533050215e-01  3.6160495262e-13
 1.2782294395e+01  9.1408289791e+05  2.1191993649e+01  7  1.6800000000e+01  3.4921621249e-13
 1.2782294395e+01  9.1408289791e+05  2.1191993649e+01 12  1.8349254966e+00  3.4921621249e-13
 2.4203847751e+01  9.1406091314e+05  3.6408917066e+01 12  5.8717373401e-01  3.4959485818e-13
 5.4384668557e+01  9.1410805344e+05 -3.9472375139e+01 10  6.7470651598e+00  3.7285569640e-13
 3.1982096987e+01  9.1408172917e+05  5.0818005991e+00 11  4.0662715716e+00  3.5211588474e-13
 1.0957114738e+01  9.1406415606e+05 -1.3898079396e+01 10  6.5075143573e+00  3.5827724624e-13
 2.1716747436e+01  9.1408567614e+05  1.4130566921e+01 11  5.8009638864e+00  3.5101833654e-13
 1.7237285572e+01  9.1407119300e+05  2.2508516598e+01 11  5.3515937139e+00  3.5063728338e-13
 2.6879066830e+01  9.1405085886e+05  5.9079287508e+01 10  6.7435085873e+00  3.5478092170e-13
 1.3202680827e+01  9.1404808587e+05  2.8058421553e+01  7  8.7600000000e+00  3.4998167231e-13
-2.5469975453e+01  9.1406601777e+05 -2.1965021087e+01 10  6.6113908703e+00  3.7741616090e-13
 1.3202680827e+01  9.1404808587e+05  2.8058421553e+01 11  6.7817027183e+00  3.4998167231e-13
 2.0521495580e+01  9.1406616192e+05  2.9670105642e+01 11  2.3704431920e+00  3.4947452212e-13
 1.2875506353e+01  9.1412469427e+05  1.7854596259e+01 11  3.7670755743e+00  3.4869536634e-13
 9.1559969974e+00  9.1412296445e+05  7.1137885948e+00 10  3.5267404963e+00  3.4876402738e-13
 1.6674795496e+01  9.1412051471e+05  1.0019906636e+01 11  2.9966875274e+00  3.4876402738e-13
 1.0212436204e+01  9.1412650091e+05  6.1642809776e+00 11  4.8350750538e+00  3.4860152514e-13
 5.0677117080e+01  9.1588844775e+05  7.9982792986e+00 11  6.7542003465e+00  3.4964384655e-13
-1.8812819589e+03  9.2483555478e+05 -7.6007026367e+02 11  3.8357031550e+00  3.5255005210e-13
 2.7395552463e+01  9.2489217929e+05 -2.6380521260e+01 11  2.7537515913e-01  3.5257163753e-13
 2.8694446748e+00  9.2662897481e+05 -1.9955336047e+00 12  5.9680568666e-01  3.5330682680e-13
 2.5072589807e+01  9.2664246555e+05 -2.4594527927e+01  2  9.9509219890e+00  3.5689802928e-13
 2.4401318594e+01  9.2664097509e+05 -2.2981922876e+01 10  5.2514311021e+00  3.5689802928e-13
 1.8154651116e+01  9.2663097363e+05 -1.1668336429e+01 11  4.3535164907e+00  3.5383403935e-13
 1.5331991258e+00  9.2663536081e+05 -7.7612520661e+00 11  4.6095193700e+00  3.5335753403e-13
 1.5488537050e+00  9.3172833478e+05  4.5416308047e+00 11  1.3822946808e+00  3.5517760025e-13
-1.2238184274e+01  9.3228009151e+05 -1.7024552603e+01 12  1.9186569610e+00  3.5547354842e-13
-1.2254508797e+01  9.3227967992e+05 -1.7166100539e+01 10  4.6783172254e+00  3.5547354842e-13
 1.4849780865e+01  9.3426076930e+05 -5.9939686363e+01 12  1.2586434223e+00  3.6583439676e-13
 1.3904443319e+01  9.3426255187e+05 -5.9720917683e+01 10  4.0096063131e+00  3.6583439676e-13
 9.8537113501e+01  9.3436071273e+05 -9.6627085550e+01 11  6.7902168318e+00  3.5618107051e-13
-6.4618550004e+00  9.3501423801e+05 -2.1635917680e+01  0  7.8406560073e+00  3.6069775687e-13
-7.4014845298e+00  9.3501381160e+05 -2.0817417183e+01 10  5.4456257075e+00  3.6069775687e-13
 2.1467935224e+01  9.3527620736e+05  5.0232308140e-01  7  8.7600000000e+00  3.5672869122e-13
 1.8859414688e+01  9.3527393858e+05  5.1334725960e-01 10  6.5097750237e+00  3.5672869122e-13
-1.0976528698e+01  9.3526650874e+05 -4.0900872076e+01 10  6.6537201154e+00  3.7103972206e-13
-2.2332058053e+03  9.3589727882e+05  1.5839432525e+02 11  4.4610882557e+00  3.5676681406e-13
-6.5184289315e+02  9.3807642786e+05  1.5785093607e+02 11  2.9514948397e+00  3.5759751213e-13
 7.0519442621e+02  9.4960867927e+05  4.0149695923e+02 10  6.6170059656e+00  3.7208704204e-13
 6.8280931448e+02  9.4960610111e+05  3.7908863074e+02 11  1.8051249326e+00  3.6273760697e-13
 2.3349289100e+01  9.5129916280e+05 -4.1719535253e+01 11  5.4746958525e-01  3.6263805784e-13
 8.0579498411e+01  9.5185626114e+05  3.9385168163e+01 11  4.8835646789e+00  3.6285042538e-13
-2.9381903431e+01  9.5415761807e+05 -4.4175988368e+02  0  8.2400844314e+00  3.6424464501e-13
-3.3623627445e+01  9.5415825293e+05 -4.3815385742e+02 10  6.0981908088e+00  3.6424464501e-13
-1.0341664581e+00  9.5646831970e+05 -3.3033468760e+00  1  8.3652534848e+00  3.6526494781e-13
-2.2905064298e+01  9.5648239835e+05 -3.8697980624e+01 10  6.7059589522e+00  3.8515131750e-13
-5.3264740683e+00  9.5646988004e+05 -3.4002869449e+00 11  1.7925556340e-01  3.6479452488e-13
-1.2977592670e+01  9.5720535612e+05 -5.3289681218e+00 11  5.2494195250e+00  3.6488951622e-13
 5.2041825203e+00  9.5821685747e+05  7.2592303795e+00 11  1.9076383686e+00  3.6527510353e-13
 2.6375954218e+00  9.6171565077e+05  5.2333743146e+00 10  6.6156584851e+00  3.6808518656e-13
 4.8471001212e+00  9.6171642119e+05  2.2956610118e+00 11  4.6406911789e+00  3.6808518656e-13
-7.3360297933e-01  9.6942879886e+05  4.1762839937e-01  7  8.7600000000e+00  3.6964703057e-13
-3.6803785538e-01  9.6942882956e+05  8.1015410367e-01 10  4.1505006247e+00  3.6964703057e-13
-4.1175810665e+01  9.6951300651e+05 -2.2331514559e+01 10  6.6545490826e+00  4.1686312637e-13
-8.0379569426e+01  9.6949694966e+05  7.0281076912e+01 10  1.6564094369e+00  3.7484264805e-13
-8.0558983649e+01  9.6949208581e+05  7.2530035660e+01 11  2.4699769814e-01  3.7484264805e-13
 5.2032449381e+02  9.7621926748e+05 -3.2745473943e+03 11  3.1717031807e+00  3.7213767554e-13
 2.9095404696e+01  9.7751791850e+05  4.6068402349e+01 11  2.7087263262e+00  3.7263272515e-13
-1.4858410503e+00  9.8206857446e+05 -1.7217785205e+00  7  1.2100000000e+01  3.7442925925e-13
-1.0469753420e+01  9.8209627619e+05 -1.0545682776e+01 10  4.6912228625e+00  3.7605501491e-13
-6.7418299554e+00  9.8210066870e+05 -1.2521054417e+01 11  1.7427357034e+00  3.7605501491e-13
-1.4858410503e+00  9.8206857446e+05 -1.7217785205e+00 11  5.4790515604e+00  3.7442925925e-13
-1.5449564218e+01  9.8205158101e+05  1.2343960293e+01  1  8.4080246145e+00  3.7595438588e-13
-1.1991460102e+01  9.8204862119e+05  1.2224146416e+01 10  2.3210134071e+00  3.7595438588e-13
-1.3385708937e+02  9.8214639266e+05  7.5644813481e+01 10  6.7794905338e+00  3.8814664509e-13
 1.2138276931e+01  9.8386161612e+05  2.8947451368e+01 10  6.7402163991e+00  4.0854656143e-13
-1.0083412032e+01  9.8979878739e+05 -1.7252562796e+01 12  1.0270186639e+00  3.7763383993e-13
-6.4648350759e-01  9.8980750659e+05 -1.0987272043e+01 10  6.4116672864e+00  3.7763383993e-13
 6.0158896090e+01  1.0009014064e+06  2.6077814028e+01  2  1.0073050915e+01  3.8523444731e-13
 5.9858250957e+01  1.0009003473e+06  2.4085309205e+01 10  2.3803763017e+00  3.8523444731e-13