 x                 y                 z               Event            Energy              Time
-1.0313504275e+01  2.7670800829e+03  1.3022228625e+00  2  1.6800000000e+01  1.0548191215e-15
 1.5271917209e+01  2.0996840915e+04 -5.7347868697e+01  2  1.6800000000e+01  8.0040579326e-15
 7.2711857757e+00  2.6628068793e+04 -2.8680246692e+00  2  1.6800000000e+01  1.0150698675e-14
-1.6766312330e-03  3.1504381741e+04  8.5886631899e-04  1  1.2100000000e+01  1.2009563610e-14
 4.9662233423e-03  3.2908108096e+04 -2.6842854860e-03  2  1.6800000000e+01  1.2544668253e-14
 5.1747112478e+00  4.7316406778e+04  3.1421799498e-01  0  8.7600000000e+00  1.8037154377e-14
-9.7713146363e+00  5.5611902025e+04  5.7031940054e+00  0  8.7600000000e+00  2.1199421730e-14
-7.7359889533e+02  5.7448559517e+04 -5.7257771066e+02  1  1.2100000000e+01  2.1899561004e-14
 4.5899994097e+01  6.4172830650e+04 -2.7255989707e+01  2  1.6800000000e+01  2.4462873072e-14
-1.2331471316e+02  6.4275577600e+04  9.4284626002e+01  0  8.7600000000e+00  2.4502040514e-14
 1.2939305661e-02  6.4399855839e+04  1.2698883035e+00  0  8.7600000000e+00  2.4549415746e-14
 5.8276650446e+01  6.4917487735e+04  3.8337058079e+01  0  8.7600000000e+00  2.4746738558e-14
-4.7861626976e-03  6.5150085693e+04 -1.0364587400e-03  3  3.2200000000e+01  2.4835405588e-14
-1.7505601453e+02  6.9161838556e+04  4.7777284929e+01  2  1.6800000000e+01  2.6364697659e-14
-1.5494331472e+01  8.1380871081e+04 -1.2650253521e+01  0  8.7600000000e+00  3.1022629041e-14
 2.3795635218e-04  8.3062108943e+04 -6.6758896022e-04  0  8.7600000000e+00  3.1663521892e-14
-1.6436686997e+02  8.5626916260e+04  6.4826898958e+01  2  1.6800000000e+01  3.2641234036e-14
 1.2902637990e+02  9.0322072819e+04 -7.6885000339e+01  2  1.6800000000e+01  3.4431041620e-14
-2.3217949394e+00  9.0737897410e+04  1.0401821956e+01  0  8.7600000000e+00  3.4589555185e-14
 1.1264153270e+00  9.2121620232e+04  6.9007254790e+00  1  1.2100000000e+01  3.5117034423e-14
 1.0250845770e-01  9.5420977367e+04 -3.5024332140e-01  0  8.7600000000e+00  3.6374759132e-14
 8.6584680638e+01  9.6545020256e+04  5.6229890101e+01  1  1.2100000000e+01  3.6803247610e-14
-8.4241324368e+00  9.7206437321e+04  2.5910797695e+00  2  1.6800000000e+01  3.7055381754e-14
 9.5892292478e-01  9.9856161928e+04  1.7176031191e+01  1  1.2100000000e+01  3.8065464620e-14
 3.3649847666e+00  1.0939124673e+05  2.5455192356e+00  2  1.6800000000e+01  4.1700267181e-14
 6.4085473879e+00  1.0985615047e+05  2.4074402868e-01  0  8.7600000000e+00  4.1877489863e-14
 3.2624255022e+02  1.1292268784e+05 -2.8804970338e+02  0  8.7600000000e+00  4.3046462991e-14
-5.9931167923e+00  1.1297414403e+05 -4.2656585589e+00  0  8.7600000000e+00  4.3066078244e-14
 6.0571604212e+00  1.1609270048e+05 -3.7439764918e+00  0  8.7600000000e+00  4.4254881197e-14
-1.7630071853e+02  1.1644243000e+05 -1.1670303001e+01  0  8.7600000000e+00  4.4388199125e-14
 4.4174631644e+01  1.1779634935e+05  2.0539968965e+02  1  1.2100000000e+01  4.4904317191e-14
-1.6765449437e-04  1.1879749872e+05  2.2309131675e-03  3  3.2200000000e+01  4.5285958295e-14
-3.0963771035e+01  1.2073982183e+05  2.0402238537e+02  0  8.7600000000e+00  4.6026377617e-14
-3.0909054294e+00  1.2136615241e+05  2.3380413983e+00  1  1.2100000000e+01  4.6265136687e-14
-1.5559064750e+00  1.2176630244e+05  9.6008176961e-03  0  8.7600000000e+00  4.6417675063e-14
 2.6472344761e+00  1.2800906610e+05 -1.0880387293e+00  1  1.2100000000e+01  4.8797435059e-14
 2.6083957164e+00  1.2993346467e+05 -1.4078261214e-01  0  8.7600000000e+00  4.9531021489e-14
 6.6518715296e+00  1.3184010212e+05 -1.0222389334e+01  0  8.7600000000e+00  5.0257837332e-14
-2.2715788876e+00  1.3262600908e+05 -4.7011264761e+00  1  1.2100000000e+01  5.0557427392e-14
-5.5730717002e+01  1.3730999173e+05 -5.4229082446e+00  0  8.7600000000e+00  5.2342975449e-14
-4.0374906727e-01  1.3786968861e+05 -4.4995173991e-01  1  1.2100000000e+01  5.2556333556e-14
-3.2295150801e+00  1.3810456353e+05  1.0131442765e+00  0  8.7600000000e+00  5.2645868571e-14
 2.1540914580e+00  1.4185518287e+05  3.6721537012e+00  1  1.2100000000e+01  5.4075615770e-14
 2.1623635509e+02  1.4344545249e+05  3.2443303494e+02  0  8.7600000000e+00  5.4681831259e-14
-2.5752613404e+01  1.4512612254e+05  3.0303007218e+00  0  8.7600000000e+00  5.5322507660e-14
-3.8192562975e+01  1.4517303307e+05 -1.9232615102e+01  0  8.7600000000e+00  5.5340390093e-14
 1.8466474750e+01  1.4843430819e+05  2.3957381513e+01  2  1.6800000000e+01  5.6583597826e-14
-1.2912493225e+00  1.5228732029e+05  3.8030578079e+00  1  1.2100000000e+01  5.8052377445e-14
 4.9576055212e-03  1.5390377060e+05  2.4759943865e-03  2  1.6800000000e+01  5.8668573092e-14
-1.2537555532e+01  1.5504693151e+05 -1.2526287953e+01  1  1.2100000000e+01  5.9104349414e-14
-7.6317215434e+01  1.5553920990e+05  3.3391526576e+01  2  1.6800000000e+01  5.9292007397e-14
 1.3406986928e+01  1.5829265950e+05 -1.7248690356e+01  2  1.6800000000e+01  6.0341630537e-14
 5.2911761390e+00  1.6034658639e+05  4.0059080138e+00  2  1.6800000000e+01  6.1124593547e-14
 3.8225152970e+01  1.6460010782e+05 -2.8760113701e+01  1  1.2100000000e+01  6.2746048515e-14
-1.2673095926e+00  1.6587642708e+05 -3.7921006628e-01  2  1.6800000000e+01  6.3232585197e-14
 8.1582131969e+01  1.6960852415e+05  4.7920135296e+01  3  3.2200000000e+01  6.4655271649e-14
-9.4538312481e+00  1.7417954239e+05  4.6965526917e+01  1  1.2100000000e+01  6.6397757340e-14
 1.1489929786e+01  1.7826653031e+05 -1.8510233785e+01  1  1.2100000000e+01  6.7955729236e-14
 3.0688177554e+01  1.8203756019e+05  2.0305372979e+01  0  8.7600000000e+00  6.9393256995e-14
-1.5005049472e+01  1.9192589673e+05  1.2782427765e+02  2  1.6800000000e+01  7.3162720162e-14
 4.0915667920e+00  1.9195380770e+05 -5.3185401007e+00  3  3.2200000000e+01  7.3173359908e-14
 1.6229454682e+01  1.9235751936e+05  6.9760987379e+00  0  8.7600000000e+00  7.3327255986e-14
-1.5023067364e+01  1.9398406151e+05  2.4299590447e+01  2  1.6800000000e+01  7.3947298674e-14
 4.9140602326e+01  1.9794711398e+05  2.7803814598e+01  1  1.2100000000e+01  7.5458026009e-14
 4.0376533377e-03  1.9819340427e+05  8.3964699220e-04  3  3.2200000000e+01  7.5551912595e-14
 1.6465039079e+00  2.0392392772e+05  2.7316837278e-01  0  8.7600000000e+00  7.7736405104e-14
-1.5441215533e+00  2.0514401708e+05  2.8394771436e+00  2  1.6800000000e+01  7.8201506782e-14
 1.9469978879e-03  2.0579952365e+05  3.1935018665e-03  1  1.2100000000e+01  7.8451387827e-14
 3.1858704789e-03  2.1151031367e+05  4.9251396721e-03  1  1.2100000000e+01  8.0628357894e-14
-3.3151963265e+00  2.1289637580e+05 -1.4340766616e-01  1  1.2100000000e+01  8.1156728881e-14
 2.2901702320e+01  2.1557309480e+05 -6.7424588436e+01  2  1.6800000000e+01  8.2177102092e-14
-2.4993797269e+00  2.1985410210e+05  1.0777834176e+01  0  8.7600000000e+00  8.3809034752e-14
-2.1106620517e+01  2.2338195588e+05 -1.7094721540e+01  0  8.7600000000e+00  8.5153863058e-14
 2.2055496315e+02  2.2743696871e+05  8.1113833805e+01  0  8.7600000000e+00  8.6699645956e-14
-1.8285941488e+00  2.2751445707e+05  2.5985867656e+00  1  1.2100000000e+01  8.6729184750e-14
-3.4740201789e+00  2.3088218494e+05 -3.5645782610e+00  2  1.6800000000e+01  8.8012972586e-14
 1.0023381822e+01  2.3150914084e+05 -6.7987881807e+00  0  8.7600000000e+00  8.8251970032e-14
 6.8628252955e+00  2.3268170877e+05  3.7345769778e+00  1  1.2100000000e+01  8.8698956398e-14
 2.2123521893e+02  2.3311241248e+05  4.1930225345e+02  0  8.7600000000e+00  8.8863141929e-14
 1.6454231908e+01  2.3395060294e+05  8.7187022853e+01  1  1.2100000000e+01  8.9182662612e-14
 8.0563584099e-01  2.3605578672e+05  2.0533887855e+00  0  8.7600000000e+00  8.9985164906e-14
-7.7175959690e-01  2.3654761198e+05  3.0203393539e+01  0  8.7600000000e+00  9.0172650148e-14
-3.1775312164e-03  2.3868551350e+05 -4.7671536355e-03  1  1.2100000000e+01  9.0987624540e-14
-1.5511520610e-03  2.5062073447e+05 -2.1268916559e-04  3  3.2200000000e+01  9.5537366118e-14
-2.1047972746e+02  2.5255708780e+05 -4.2653597197e+02  1  1.2100000000e+01  9.6275509739e-14
-1.8382081113e+01  2.5379406859e+05 -3.1476168070e+00  3  3.2200000000e+01  9.6747050480e-14
 1.3627468663e+01  2.5728101448e+05  1.2744964795e-02  3  3.2200000000e+01  9.8076284580e-14
-6.2644241288e+01  2.5836294920e+05 -1.9160783955e+01  0  8.7600000000e+00  9.8488721298e-14
 1.9146954204e+01  2.6370890345e+05 -1.5628696510e+01  1  1.2100000000e+01  1.0052661489e-13
-4.6668060821e-03  2.7311755325e+05  4.9901783792e-03  3  3.2200000000e+01  1.0411322005e-13
-2.4923938422e+00  2.7863060205e+05  3.1140696472e-02  0  8.7600000000e+00  1.0621481058e-13
-7.1980354875e-05  2.7980257927e+05  2.2617561055e-04  3  3.2200000000e+01  1.0666157177e-13
-7.9124666655e+01  2.8741810832e+05  3.3442287102e+01  0  8.7600000000e+00  1.0956463399e-13
 1.3334864640e-03  2.8801418828e+05  1.9070009500e-03  1  1.2100000000e+01  1.0979186144e-13
 9.6496713160e-04  2.9082329640e+05 -1.7974192262e-03  3  3.2200000000e+01  1.1086270177e-13
 1.5252780564e+00  2.9202824367e+05 -3.7666689268e+00  1  1.2100000000e+01  1.1132203124e-13
-5.1675741698e-01  2.9228383313e+05  6.2933578467e+00  0  8.7600000000e+00  1.1141946270e-13
 7.7506578796e-04  2.9315544222e+05 -3.4693017036e-03  2  1.6800000000e+01  1.1175172266e-13
 1.4462675184e-03  2.9728318853e+05 -2.5818178698e-03  0  8.7600000000e+00  1.1332523178e-13
-1.1825983459e+01  3.0389529596e+05 -6.9077927199e+00  0  8.7600000000e+00  1.1584578671e-13
 2.7961307131e+01  3.0418389250e+05 -2.2701260699e+01  0  8.7600000000e+00  1.1595580057e-13
-8.0751803201e+00  3.0428146181e+05 -2.8252388652e+01  1  1.2100000000e+01  1.1599299428e-13
 1.5579239345e+01  3.1028879628e+05 -9.3770266402e+01  1  1.2100000000e+01  1.1828300797e-13
 8.4466226774e+01  3.1139384502e+05  5.6197400060e+00  0  8.7600000000e+00  1.1870425582e-13
-4.7018953617e+00  3.1500884172e+05  9.3204233717e+00  2  1.6800000000e+01  1.2008230327e-13
 2.9917559665e+02  3.2442594591e+05 -9.5737665603e+01  0  8.7600000000e+00  1.2367213127e-13
 4.8400891030e+00  3.2563632863e+05  8.4586715687e+01  1  1.2100000000e+01  1.2413353275e-13
 3.5962496980e+01  3.2924387617e+05  1.4811109301e+01  2  1.6800000000e+01  1.2550874055e-13
-1.8359346654e+01  3.3325062762e+05  3.2073696130e+00  1  1.2100000000e+01  1.2703612607e-13
 7.0117375945e+01  3.4954126999e+05 -1.2843605402e+02  0  8.7600000000e+00  1.3324616718e-13
-8.4660654796e+01  3.5313863599e+05 -1.6373648071e+02  0  8.7600000000e+00  1.3461749375e-13
 2.4952979568e+00  3.5641744537e+05 -1.2925304512e+00  1  1.2100000000e+01  1.3586738560e-13
-2.4517507821e+02  3.5888751365e+05 -1.3525734218e+02  1  1.2100000000e+01  1.3680898294e-13
 5.5164549206e+01  3.6084622152e+05 -7.1799166341e+01  0  8.7600000000e+00  1.3755564818e-13
 9.0034804064e+01  3.6665966199e+05 -1.3202669465e+02  0  8.7600000000e+00  1.3977174890e-13
-2.5410107727e+02  3.6780782750e+05  5.3441068840e+02  1  1.2100000000e+01  1.4020943299e-13
-2.8729903393e+00  3.7529128666e+05  6.8637949249e+00  1  1.2100000000e+01  1.4306214978e-13
-1.8220780711e+00  3.7620442836e+05  2.3612539328e+00  1  1.2100000000e+01  1.4341024211e-13
-8.6992742809e+00  3.7887016744e+05 -4.1895875837e+00  0  8.7600000000e+00  1.4442642974e-13
-2.6129382931e-03  3.8114603892e+05  4.3461082780e-03  2  1.6800000000e+01  1.4529399869e-13
-4.9581724079e-03  3.8421232779e+05 -2.0036597955e-03  3  3.2200000000e+01  1.4646287708e-13
-6.1872238430e+00  3.8763686305e+05  6.8591296063e+00  0  8.7600000000e+00  1.4776832006e-13
 1.4254963970e+02  3.9435815403e+05  8.4003477204e+01  1  1.2100000000e+01  1.5033049609e-13
-5.2088853188e+01  3.9511202729e+05  4.1927761396e+01  0  8.7600000000e+00  1.5061787481e-13
-3.2005102932e+01  4.0839451694e+05  4.4923908861e+00  1  1.2100000000e+01  1.5568119919e-13
-5.0466684940e+01  4.0969073755e+05 -6.7733091635e+01  0  8.7600000000e+00  1.5617532233e-13
 6.7733037340e-02  4.0987567835e+05 -5.8666262030e-01  0  8.7600000000e+00  1.5624582231e-13
-4.0286206207e+00  4.1134212212e+05  3.1920574560e-01  2  1.6800000000e+01  1.5680483501e-13
-8.4442739308e+00  4.1229819673e+05  8.8206950855e+00  0  8.7600000000e+00  1.5716929349e-13
 4.7267607164e+00  4.1710088889e+05 -1.0724673673e+01  0  8.7600000000e+00  1.5900009396e-13
-4.5360248770e-01  4.1764196598e+05 -2.8186578550e+00  0  8.7600000000e+00  1.5920635415e-13
 6.9792459962e+02  4.1916185208e+05  3.3789683281e+02  0  8.7600000000e+00  1.5978573923e-13
 4.4898169346e-03  4.1952495497e+05  3.5321921825e-04  2  1.6800000000e+01  1.5992415513e-13
 7.4990416653e+01  4.1974551431e+05 -7.9619221198e+01  1  1.2100000000e+01  1.6000823300e-13
 1.1287376107e+00  4.2889207086e+05  4.7223229032e+00  0  8.7600000000e+00  1.6349492744e-13
 1.0944041663e+01  4.3132874877e+05  6.2594931868e+00  1  1.2100000000e+01  1.6442379628e-13
 2.1596925278e+02  4.3504939995e+05  3.3829661067e+01  1  1.2100000000e+01  1.6584211953e-13
-1.3478349729e+01  4.4283379437e+05 -1.0219985015e+02  0  8.7600000000e+00  1.6880955373e-13
-3.1307257099e+01  4.4339489825e+05 -2.1974073394e+01  1  1.2100000000e+01  1.6902344819e-13
-6.4699819863e+01  4.4545413692e+05  2.0968888330e+01  2  1.6800000000e+01  1.6980843607e-13
 7.3564412023e+00  4.5013535973e+05  1.2690755110e+00  1  1.2100000000e+01  1.7159293207e-13
-3.7612939802e+02  4.5504876572e+05 -6.3653104995e+02  0  8.7600000000e+00  1.7346593698e-13
-8.8111044425e+01  4.5804816414e+05 -7.4647699654e+01  1  1.2100000000e+01  1.7460931654e-13
-1.5200826645e+01  4.6190656625e+05  1.2695104730e+00  1  1.2100000000e+01  1.7608015085e-13
 4.5845838456e+01  4.6724905448e+05  2.2097485329e+01  1  1.2100000000e+01  1.7811672318e-13
-9.7435938089e-02  4.7270503608e+05  1.4952644303e+00  3  3.2200000000e+01  1.8019655953e-13
-3.1403193525e+01  4.7654146977e+05  1.4265646434e+02  2  1.6800000000e+01  1.8165901941e-13
-7.4718792574e+00  4.7676140902e+05 -1.3430546286e+01  0  8.7600000000e+00  1.8174286090e-13
 4.6169843493e+00  4.7733046299e+05  9.8246057158e+00  1  1.2100000000e+01  1.8195978596e-13
-3.1540880425e+02  4.7733161168e+05 -1.3695527485e+02  1  1.2100000000e+01  1.8196022384e-13
-3.4445988566e-03  4.8177074265e+05 -3.3729826931e-03  2  1.6800000000e+01  1.8365243371e-13
 3.0108828055e+01  4.9435202987e+05  1.8036536644e+01  0  8.7600000000e+00  1.8844845766e-13
-9.0584555105e-01  4.9435923053e+05 -2.6418584840e+00  0  8.7600000000e+00  1.8845120257e-13
-2.6900290761e+01  4.9912148255e+05 -2.1022767370e+02  2  1.6800000000e+01  1.9026658714e-13
 2.0948557752e+01  5.0091694399e+05 -8.7598386762e+01  1  1.2100000000e+01  1.9095102236e-13
-9.3376269811e+01  5.0808108416e+05  3.0546568680e+02  0  8.7600000000e+00  1.9368201381e-13
-4.0799690921e+02  5.1055704377e+05  4.3595605630e+01  2  1.6800000000e+01  1.9462585694e-13
 2.7987743042e-04  5.1073976862e+05  3.8999731368e-03  2  1.6800000000e+01  1.9469551220e-13
-8.4519747304e+01  5.1882560796e+05 -7.0488869881e+00  2  1.6800000000e+01  1.9777785810e-13
-1.7451338345e+01  5.1889390991e+05  1.2337139462e+01  1  1.2100000000e+01  1.9780389500e-13
 1.2575576739e+01  5.2558623602e+05  3.4153675231e+01  0  8.7600000000e+00  2.0035502953e-13
 8.4453818208e+00  5.3020771948e+05 -1.2774688985e+01  3  3.2200000000e+01  2.0211675272e-13
-6.9129674178e+00  5.3052308573e+05  3.0731126415e+01  1  1.2100000000e+01  2.0223697126e-13
 2.1615629100e+01  5.3206820762e+05 -4.1390828557e+01  0  8.7600000000e+00  2.0282597630e-13
 4.2205416293e+01  5.3210678088e+05  1.0274662188e+01  1  1.2100000000e+01  2.0284068054e-13
-1.7151629512e+02  5.3284005679e+05 -8.4569036909e+01  1  1.2100000000e+01  2.0312020749e-13
-1.4950609034e+02  5.3816836904e+05  7.9318057980e+00  0  8.7600000000e+00  2.0515137590e-13
 1.3942116031e+00  5.3861216785e+05 -1.2345878621e+00  0  8.7600000000e+00  2.0532055332e-13
-3.1514899377e-03  5.3893130637e+05  2.9086162606e-03  3  3.2200000000e+01  2.0544220987e-13
-4.4427032802e+00  5.4026737452e+05  2.3724888681e+01  2  1.6800000000e+01  2.0595152300e-13
-5.0478771772e+02  5.4539214991e+05 -1.3011920353e+02  2  1.6800000000e+01  2.0790510256e-13
 2.6372489929e+02  5.5278345744e+05 -2.2330390495e+02  0  8.7600000000e+00  2.1072269087e-13
 4.4215898271e+00  5.5832647785e+05 -7.6392538000e+00  0  8.7600000000e+00  2.1283570667e-13
 6.8374356028e+02  5.6992839228e+05 -1.6317871026e+02  0  8.7600000000e+00  2.1725839080e-13
 5.0655273118e+02  5.7292440452e+05 -3.3002364794e+02  0  8.7600000000e+00  2.1840047954e-13
-8.2677925874e-01  5.7482016041e+05  4.3001078071e-02  0  8.7600000000e+00  2.1912314730e-13
-1.0621517622e-01  5.8079352102e+05 -2.5113039345e+01  0  8.7600000000e+00  2.2140021006e-13
-4.4178598368e+02  5.8172412221e+05  8.6420850066e+01  0  8.7600000000e+00  2.2175495799e-13
 1.4971494978e+01  5.8230070027e+05 -1.9749188625e+01  1  1.2100000000e+01  2.2197475125e-13
-1.5052122388e+02  5.8284850597e+05 -2.7933223838e+02  2  1.6800000000e+01  2.2218357640e-13
-2.3364721611e+01  5.8735594654e+05  2.3234281728e+01  3  3.2200000000e+01  2.2390182610e-13
 1.8479662943e+00  5.9441756424e+05 -2.1165078605e+00  2  1.6800000000e+01  2.2659373567e-13
-1.4817037464e+01  5.9551356194e+05 -1.8181881155e+01  0  8.7600000000e+00  2.2701153324e-13
-5.8631099029e-02  5.9729642313e+05  1.6914733964e+00  0  8.7600000000e+00  2.2769116521e-13
-5.3601072841e+01  5.9832478085e+05 -3.2037900194e+01  1  1.2100000000e+01  2.2808317821e-13
-1.0250933226e+02  6.0393511772e+05  5.5062248062e+01  0  8.7600000000e+00  2.3022185524e-13
-6.7239023999e+02  6.1074000562e+05  4.0168045899e+02  0  8.7600000000e+00  2.3281589866e-13
-6.1769626654e+01  6.1169205577e+05  1.4012157129e+01  1  1.2100000000e+01  2.3317882300e-13
 7.3417434460e+01  6.1456404146e+05 -2.8527855349e+02  1  1.2100000000e+01  2.3427363245e-13
-1.0666554794e+02  6.1707975766e+05 -1.6227045813e+01  1  1.2100000000e+01  2.3523263091e-13
-5.7659340051e+00  6.2094780023e+05 -2.5246583078e+00  1  1.2100000000e+01  2.3670714019e-13
 4.5821438971e+00  6.2140172406e+05  2.5764086286e+01  0  8.7600000000e+00  2.3688017730e-13
 1.6154299653e+01  6.2186415636e+05 -4.4180079298e-01  2  1.6800000000e+01  2.3705645787e-13
-4.8865083837e-03  6.2346197792e+05  2.4535945605e-03  2  1.6800000000e+01  2.3766555218e-13
-2.4362220044e-03  6.2387582335e+05  4.4167713492e-03  0  8.7600000000e+00  2.3782331128e-13
-3.4151491913e+01  6.2536095300e+05  4.3370886262e+01  0  8.7600000000e+00  2.3838944710e-13
 1.7791984629e+01  6.3432087545e+05 -6.8885037004e+00  2  1.6800000000e+01  2.4180499607e-13
-2.4040333161e+01  6.3455015383e+05  4.0079886899e+01  1  1.2100000000e+01  2.4189239767e-13
-5.4984522887e+01  6.3770589961e+05  4.6154498932e+01  0  8.7600000000e+00  2.4309537730e-13
 2.6760664339e-03  6.4133996584e+05 -3.3514461146e-03  0  8.7600000000e+00  2.4448069411e-13
 2.2451511758e-03  6.4237523003e+05  4.2558110968e-03  3  3.2200000000e+01  2.4487533988e-13
 8.0874177685e+00  6.4593453160e+05  1.3632896755e+01  0  8.7600000000e+00  2.4623215618e-13
 1.5544396259e+02  6.4597384723e+05  3.2029742238e+02  2  1.6800000000e+01  2.4624714342e-13
 9.4406836346e+00  6.5017333312e+05  3.9193620956e+01  0  8.7600000000e+00  2.4784799987e-13
 4.8309824456e-01  6.5073707112e+05 -3.5062969170e+00  0  8.7600000000e+00  2.4806289847e-13
-1.5162528579e+01  6.5260715106e+05  5.1337874165e+01  2  1.6800000000e+01  2.4877577848e-13
 3.1376625139e+02  6.5633796004e+05  3.6645448259e+02  2  1.6800000000e+01  2.5019797391e-13
-8.2624047661e-01  6.5879719915e+05 -5.7449475310e+00  1  1.2100000000e+01  2.5113544314e-13
 9.4246550965e+00  6.6489814829e+05 -5.5308253676e+01  1  1.2100000000e+01  2.5346114302e-13
 4.3801265349e+01  6.6750002156e+05  6.1535258089e+01  0  8.7600000000e+00  2.5445298482e-13
-9.5423274225e+00  6.6866174501e+05 -9.6188798607e+00  0  8.7600000000e+00  2.5489583724e-13
-3.2545085381e+01  6.7127054364e+05 -2.3400697239e+01  2  1.6800000000e+01  2.5589031900e-13
-1.7814556522e-01  6.7270985216e+05 -4.5587513499e+01  0  8.7600000000e+00  2.5643898767e-13
-1.8803851354e+00  6.7533956117e+05  5.4684725792e+00  0  8.7600000000e+00  2.5744144053e-13
-7.0646678651e+00  6.8102055506e+05  8.4633540501e+00  3  3.2200000000e+01  2.5960705222e-13
-1.7759165538e+02  6.8938435411e+05  1.1519518657e+02  1  1.2100000000e+01  2.6279535719e-13
 1.5392945505e+01  6.8951203063e+05 -7.3845411932e-01  0  8.7600000000e+00  2.6284402785e-13
 2.1007267381e+02  6.9600007728e+05  6.4835573411e+01  2  1.6800000000e+01  2.6531729045e-13
-2.5828968583e-03  6.9968610819e+05 -7.4749676778e-04  0  8.7600000000e+00  2.6672241635e-13
-9.5387054824e+01  7.0019643755e+05  9.3487328222e+00  0  8.7600000000e+00  2.6691695541e-13
 1.7769423036e+00  7.0021118909e+05 -4.3353153590e+00  1  1.2100000000e+01  2.6692257874e-13
-3.1781761340e-03  7.0053952455e+05  4.3937162586e-03  0  8.7600000000e+00  2.6704774119e-13
 2.2309447081e+00  7.0073441533e+05  1.5466270758e+00  0  8.7600000000e+00  2.6712203413e-13
-4.8108409391e-03  7.0300632704e+05  4.1963368231e-03  0  8.7600000000e+00  2.6798809360e-13
-2.1670134632e-03  7.0401365981e+05 -9.9527560454e-04  1  1.2100000000e+01  2.6837209184e-13
 2.7711813605e+02  7.0508033427e+05  7.7439421777e+01  1  1.2100000000e+01  2.6877871130e-13
 8.1246883191e+00  7.0770407753e+05  2.9320182844e+01  0  8.7600000000e+00  2.6977889000e-13
-3.8392407982e+00  7.0781155722e+05  4.3785250288e+00  1  1.2100000000e+01  2.6981986158e-13
 2.4029145564e-03  7.1068815216e+05 -4.2150506420e-03  2  1.6800000000e+01  2.7091642809e-13
 9.3974969004e+01  7.1109766584e+05 -1.5755388147e+02  0  8.7600000000e+00  2.7107253592e-13
-2.3561403143e-03  7.2753185665e+05  3.4973753400e-04  2  1.6800000000e+01  2.7733729812e-13
 3.2009335073e+01  7.2770567121e+05 -1.6890542087e+02  2  1.6800000000e+01  2.7740355674e-13
-1.9612661176e-03  7.2851994182e+05 -2.9996388070e-03  1  1.2100000000e+01  2.7771395911e-13
 2.8385274826e+00  7.3364803686e+05  9.0771623426e+00  2  1.6800000000e+01  2.7966880412e-13
-1.1154157991e+02  7.3534993945e+05  1.5854814295e+02  1  1.2100000000e+01  2.8031757443e-13
-4.9294297257e-03  7.3603661501e+05  1.0745999758e-03  1  1.2100000000e+01  2.8057933719e-13
 7.2545464011e-01  7.3849763389e+05  1.9058178495e+00  0  8.7600000000e+00  2.8151748487e-13
 7.6868055768e+02  7.3863831395e+05  1.3212958366e+02  0  8.7600000000e+00  2.8157111253e-13
 2.2750142746e+00  7.3878495062e+05 -1.6583578364e+01  1  1.2100000000e+01  2.8162701086e-13
 6.7872174679e-01  7.3884293147e+05 -2.1350088855e+00  3  3.2200000000e+01  2.8164911333e-13
 1.4754750961e+00  7.3970941816e+05 -1.5201074295e+00  1  1.2100000000e+01  2.8197942063e-13
-2.3254885331e+00  7.4123964932e+05 -3.2039591444e+00  1  1.2100000000e+01  2.8256274927e-13
-3.2048542317e+00  7.4527389350e+05 -3.1768496457e+00  3  3.2200000000e+01  2.8410061510e-13
 6.6090729545e+00  7.4980361954e+05 -8.4662306485e-01  2  1.6800000000e+01  2.8582736008e-13
-1.9372952521e+00  7.5310274071e+05  3.2727648302e+00  1  1.2100000000e+01  2.8708499484e-13
-3.0461726634e+01  7.5495247372e+05 -3.9310992403e+01  0  8.7600000000e+00  2.8779011854e-13
 8.0179251069e-04  7.5540064039e+05 -4.2732727850e-03  1  1.2100000000e+01  2.8796096100e-13
-6.5734641900e+00  7.6001525986e+05  5.6887046349e+00  0  8.7600000000e+00  2.8972006761e-13
-2.8071055409e+00  7.6152032758e+05  1.0057236450e+00  1  1.2100000000e+01  2.9029380388e-13
-3.1770684468e+02  7.6465450573e+05  6.4331702637e+02  2  1.6800000000e+01  2.9148856187e-13
-2.2447276492e+00  7.6549591081e+05 -1.0493040553e+00  1  1.2100000000e+01  2.9180930798e-13
-8.9569782647e-04  7.6720335519e+05 -3.9933694988e-03  4  4.0000000000e+01  2.9246019084e-13
 1.3641239763e+03  7.6865967291e+05 -2.7499852705e+02  0  8.7600000000e+00  2.9301534346e-13
 3.0403430614e+01  7.7270446464e+05 -4.1320363714e+01  1  1.2100000000e+01  2.9455723005e-13
 3.4388344635e-03  7.7490904135e+05 -3.5091727872e-03  1  1.2100000000e+01  2.9539762122e-13
-1.0397674020e+00  7.7718659918e+05 -1.4676780387e+00  2  1.6800000000e+01  2.9626583301e-13
 8.6160392691e+01  7.7761549417e+05  2.8059472673e+00  0  8.7600000000e+00  2.9642932905e-13
-1.7179664288e+00  7.7825216028e+05 -7.9980258288e+00  3  3.2200000000e+01  2.9667202806e-13
-1.4546766040e+00  7.8099485416e+05  3.1290299029e+00  1  1.2100000000e+01  2.9771755108e-13
 1.3329656033e-03  7.8501315267e+05  3.1528938786e-03  2  1.6800000000e+01  2.9924933837e-13
 9.9286789824e+00  7.8679486807e+05 -1.3647252643e+01  0  8.7600000000e+00  2.9992853356e-13
 6.8400990983e+02  7.8730013668e+05 -1.0969795143e+03  0  8.7600000000e+00  3.0012114345e-13
 1.0019841042e+02  7.9070294550e+05 -3.2589910160e+02  0  8.7600000000e+00  3.0141830425e-13
 7.8558364130e+02  8.0522429200e+05 -5.6058536429e+02  0  8.7600000000e+00  3.0695388453e-13
 1.0629269232e+01  8.0642757952e+05  2.7289804203e+01  0  8.7600000000e+00  3.0741258130e-13
-8.9827933730e+00  8.0666490123e+05 -4.6926997899e+00  3  3.2200000000e+01  3.0750304904e-13
 3.3825656031e+00  8.0681765633e+05 -1.9204402684e+01  0  8.7600000000e+00  3.0756127973e-13
 1.1791246940e+01  8.0741006372e+05  9.2056268902e+00  1  1.2100000000e+01  3.0778710719e-13
 8.1105646806e+01  8.0947855582e+05 -1.4721242748e+02  1  1.2100000000e+01  3.0857562250e-13
 3.6578414666e+01  8.1054726664e+05  4.6037820354e+01  2  1.6800000000e+01  3.0898301823e-13
 1.5517028212e+02  8.1076228009e+05  1.3631460182e+02  2  1.6800000000e+01  3.0906498200e-13
 6.8741747443e-04  8.1154730937e+05  3.4254927414e-03  3  3.2200000000e+01  3.0936423748e-13
-4.6052598736e+01  8.1304734098e+05  4.4898951827e+01  3  3.2200000000e+01  3.0993605397e-13
-9.7855400573e+00  8.1847911438e+05 -9.2849042237e-01  0  8.7600000000e+00  3.1200666208e-13
-3.5390844668e+02  8.2008021320e+05  1.4971360746e+02  0  8.7600000000e+00  3.1261700569e-13
 3.4514922726e+00  8.2254082620e+05 -2.8882932271e+00  0  8.7600000000e+00  3.1355499865e-13
 6.1790263479e+00  8.2264354248e+05  1.1868406475e+01  0  8.7600000000e+00  3.1359415440e-13
-2.9746735252e+01  8.2370890094e+05  1.8504479104e+01  0  8.7600000000e+00  3.1400027220e-13
-9.9357465343e-01  8.2460208514e+05  1.4295347720e+00  0  8.7600000000e+00  3.1434075666e-13
 7.5010526979e+01  8.2516236521e+05  1.8998820889e+02  1  1.2100000000e+01  3.1455433708e-13
 2.2565041330e-03  8.2757448073e+05 -4.9350367114e-03  1  1.2100000000e+01  3.1547384266e-13
-5.3568601147e-01  8.3684233449e+05 -7.1372082090e+00  1  1.2100000000e+01  3.1900677596e-13
 6.5166348218e+01  8.4390528518e+05  4.0659326723e+01  0  8.7600000000e+00  3.2169919368e-13
 2.9089280286e-01  8.4580426882e+05 -6.9583317175e-01  0  8.7600000000e+00  3.2242309187e-13
 1.4356757761e+01  8.4632164152e+05 -1.1861597511e+02  1  1.2100000000e+01  3.2262031587e-13
-1.7680703112e+00  8.4909888063e+05 -7.9256817321e-01  0  8.7600000000e+00  3.2367900764e-13
 6.9186973397e+01  8.5240202865e+05  5.9846911592e+01  0  8.7600000000e+00  3.2493817745e-13
 7.4711419822e+00  8.5468391162e+05 -2.9951427070e+00  1  1.2100000000e+01  3.2580803799e-13
-1.9570897364e+00  8.5525534925e+05  4.3811722900e+00  0  8.7600000000e+00  3.2602587171e-13
 7.0020336122e+00  8.5750472800e+05 -6.4826406781e-01  1  1.2100000000e+01  3.2688334155e-13
-9.0304086678e+00  8.5881379964e+05  1.3231316696e+00  0  8.7600000000e+00  3.2738236354e-13
 7.6359000893e-01  8.6031827063e+05  1.5402107503e+00  2  1.6800000000e+01  3.2795587233e-13
-3.4180275525e+01  8.6713620656e+05 -1.9667677051e+02  0  8.7600000000e+00  3.3055488970e-13
 1.8186083122e+01  8.6731844450e+05  1.9843286679e+00  2  1.6800000000e+01  3.3062435934e-13
-4.2155334227e+01  8.7958185420e+05  4.8783947769e+01  0  8.7600000000e+00  3.3529920743e-13
-1.4171343619e+00  8.8615233171e+05  2.6244382573e+00  0  8.7600000000e+00  3.3780389292e-13
-3.1530881007e+00  8.9272046681e+05  2.5711640113e+01  1  1.2100000000e+01  3.4030768547e-13
 1.7208811399e+00  9.0231167448e+05 -3.5824362575e+00  1  1.2100000000e+01  3.4396388223e-13
 2.8112981262e+01  9.0410859411e+05  4.1389818211e+01  2  1.6800000000e+01  3.4464887332e-13
-1.8435466330e+01  9.0663047903e+05  4.8687301094e+01  0  8.7600000000e+00  3.4561022332e-13
 2.9134759739e-01  9.0765401062e+05  5.2591211908e+00  1  1.2100000000e+01  3.4600039659e-13
 2.6257322755e+00  9.0822393101e+05  5.6548890870e+00  0  8.7600000000e+00  3.4621765193e-13
-1.2956129118e+01  9.0922834295e+05  6.7040639397e+00  1  1.2100000000e+01  3.4660053674e-13
-3.1620079038e-03  9.0936698500e+05 -3.8668384211e-03  2  1.6800000000e+01  3.4665338749e-13
-1.9279780817e+00  9.1032480659e+05  4.1755991610e+01  1  1.2100000000e+01  3.4701851192e-13
-5.4785505175e+01  9.1396384128e+05  2.4318191041e+02  0  8.7600000000e+00  3.4840572272e-13
-4.5876429682e+00  9.1574361636e+05 -7.3412788478e+00  1  1.2100000000e+01  3.4908417825e-13
-3.5403506579e+00  9.1751626619e+05 -1.8741671017e+01  2  1.6800000000e+01  3.4975991761e-13
-2.1836486480e+01  9.2649173078e+05  1.0047652848e+01  1  1.2100000000e+01  3.5318139129e-13
 2.2346505080e+02  9.2699941660e+05 -1.5945570853e+02  0  8.7600000000e+00  3.5337492263e-13
 3.9075935308e+00  9.2941390376e+05  1.2747506515e+00  0  8.7600000000e+00  3.5429533229e-13
 5.5210224160e+02  9.2989217466e+05  7.7024970892e+01  0  8.7600000000e+00  3.5447765057e-13
-2.7913331968e+00  9.3042057121e+05 -1.0172895158e+01  0  8.7600000000e+00  3.5467907690e-13
 1.0223793248e+01  9.3060760277e+05  2.1329869175e-01  2  1.6800000000e+01  3.5475037389e-13
 2.5638729733e+01  9.3082042978e+05  8.4776205361e+00  2  1.6800000000e+01  3.5483150417e-13
 7.7692167091e+00  9.3268805357e+05 -2.7839941154e+01  1  1.2100000000e+01  3.5554344789e-13
-1.3555176936e+01  9.3335067606e+05  4.3849165442e+01  2  1.6800000000e+01  3.5579604155e-13
 2.2541166599e+01  9.3555012581e+05 -3.8815095526e+01  2  1.6800000000e+01  3.5663447831e-13
-2.0262229964e+01  9.3612474444e+05 -3.3263588436e+00  1  1.2100000000e+01  3.5685352463e-13
 1.2015582944e+03  9.3681888323e+05 -3.5054094279e+02  0  8.7600000000e+00  3.5711813239e-13
-2.7390224418e+01  9.4022276287e+05  1.0399976713e+01  0  8.7600000000e+00  3.5841570139e-13
-6.8672449361e-01  9.4716184575e+05 -1.3424975864e+01  0  8.7600000000e+00  3.6106090033e-13
-1.0533850060e+02  9.5268481572e+05 -1.7256391361e+02  2  1.6800000000e+01  3.6316627284e-13
 5.1639918325e+02  9.5409764508e+05 -1.4856808844e+03  0  8.7600000000e+00  3.6370484757e-13
-6.4475483633e-01  9.5838069160e+05  2.3285795152e+00  0  8.7600000000e+00  3.6533755759e-13
-3.5619449534e+01  9.6572030298e+05 -3.9573711850e+01  0  8.7600000000e+00  3.6813543918e-13
 2.0819451205e+01  9.6595581716e+05  4.0835521850e+00  1  1.2100000000e+01  3.6822521788e-13
-1.3999626538e+00  9.6617484978e+05  1.9959424605e+00  1  1.2100000000e+01  3.6830871377e-13
-3.8298762886e+00  9.7301771549e+05 -4.6979717290e+00  1  1.2100000000e+01  3.7091723444e-13
-1.1180090277e+01  9.7467929737e+05  2.5936477828e+00  2  1.6800000000e+01  3.7155063437e-13
 4.6655817445e-05  9.7990310868e+05  4.1443237938e-03  1  1.2100000000e+01  3.7354196671e-13
-1.6260873664e+00  9.8338756844e+05  1.2615127142e+00  1  1.2100000000e+01  3.7487025309e-13
-4.5548920271e+00  9.8678827252e+05 -4.8730936885e+00  2  1.6800000000e+01  3.7616661156e-13
-1.3046394336e+02  9.9086932792e+05 -1.0032213025e+02  1  1.2100000000e+01  3.7772232196e-13
 4.2443080102e+01  9.9544689589e+05  3.7336510791e+00  0  8.7600000000e+00  3.7946730443e-13
-5.6061721313e+00  9.9673009907e+05 -9.3820278099e+01  0  8.7600000000e+00  3.7995646528e-13