 x                 y                 z               Event            Energy              Time
-5.1323384764e+00  1.4687712707e+03  6.4802886815e-01  2  1.6800000000e+01  7.9843063173e-16
-4.6135020269e-01  1.1145162333e+04 -2.4088910358e+00  2  1.6800000000e+01  6.0585600901e-15
 1.0273884796e+01  1.2131603818e+04 -3.8579661492e+01  1  1.2100000000e+01  6.5947940931e-15
 8.5409004559e+01  1.5120670081e+04  1.2295742014e+01  2  1.6800000000e+01  8.2196638825e-15
-2.1260866416e-03  1.8029709810e+04 -3.1381858318e-03  2  1.6800000000e+01  9.8010308893e-15
-4.2022985280e+02  2.0228058397e+04  4.3523973702e+02  0  8.7600000000e+00  1.0996063013e-14
 6.8350808898e+00  2.2996876949e+04 -2.6960087684e+00  0  8.7600000000e+00  1.2501205162e-14
-3.4892747684e-03  2.5585232960e+04 -4.2410322741e-03  1  1.2100000000e+01  1.3908247065e-14
 9.7056942804e-04  2.6330333528e+04  2.3603771149e-03  2  1.6800000000e+01  1.4313287067e-14
 2.5848819336e+00  3.3978285351e+04  1.5695879046e-01  0  8.7600000000e+00  1.8470747883e-14
-4.8816775656e+00  3.8381549705e+04  2.8492741524e+00  0  8.7600000000e+00  2.0864382079e-14
 2.8627995957e+00  3.9356450929e+04  1.4273759386e+01  1  1.2100000000e+01  2.1394342744e-14
 5.3649270355e+00  4.1573733002e+04 -4.1534565757e+00  2  1.6800000000e+01  2.2599667196e-14
 8.5817011812e-04  4.3436432181e+04  3.2651751899e-03  0  8.7600000000e+00  2.3612238800e-14
 3.1067953382e+01  4.4887244123e+04 -1.8448538704e+01  2  1.6800000000e+01  2.4400906661e-14
-3.0829172920e+01  4.5775010219e+04 -1.2086518560e+01  0  8.7600000000e+00  2.4883500281e-14
-2.2005825710e-03  4.7706345357e+04  4.8087299521e-03  0  8.7600000000e+00  2.5933382700e-14
 3.2430514941e-04  4.9222637542e+04  5.9664616622e-04  1  1.2100000000e+01  2.6757645913e-14
 2.1960017687e+01  4.9911876546e+04 -1.9554976332e+01  0  8.7600000000e+00  2.7132319318e-14
-4.5400395753e+02  5.5624651019e+04  5.1357932181e+02  0  8.7600000000e+00  3.0237809072e-14
 2.9029643376e+01  5.6015837182e+04  1.9097033127e+01  0  8.7600000000e+00  3.0450459619e-14
-2.1678843615e-03  5.6139300612e+04  4.3675355517e-03  3  3.2200000000e+01  3.0517574892e-14
-8.7284673270e+01  5.8268746517e+04  2.3822230364e+01  2  1.6800000000e+01  3.1675151210e-14
-4.8299823188e-03  5.9295404368e+04  2.4871673190e-03  0  8.7600000000e+00  3.2233247010e-14
 2.5476551166e+00  5.9328211427e+04  1.4417305210e-01  1  1.2100000000e+01  3.2251081073e-14
-1.4377968195e+02  6.1842886958e+04  5.6707236171e+01  0  8.7600000000e+00  3.3618069939e-14
 6.3939124112e+01  6.4335084820e+04 -3.8100422430e+01  2  1.6800000000e+01  3.4972839843e-14
 1.2668196033e+01  6.4555805288e+04  9.4169295759e+00  0  8.7600000000e+00  3.5092824476e-14
-3.1228737568e+00  6.6191565575e+04  1.3990717379e+01  0  8.7600000000e+00  3.5982031084e-14
-6.7129290297e+00  6.8255710531e+04  2.4852058269e+01  1  1.2100000000e+01  3.7104109514e-14
 5.3934156379e-01  7.0788933746e+04  3.3041525467e+00  0  8.7600000000e+00  3.8481180983e-14
 1.9555766622e+01  7.2915078977e+04  7.3532773682e+01  0  8.7600000000e+00  3.9636963040e-14
-1.6458451675e+00  7.2948973305e+04  7.3009516170e+00  1  1.2100000000e+01  3.9655388148e-14
-1.2705447874e+02  7.7684909435e+04  3.3837506591e+02  1  1.2100000000e+01  4.2229864210e-14
 1.8211311739e-03  7.8010046331e+04 -2.2483602014e-03  3  3.2200000000e+01  4.2406610081e-14
 3.6716154494e-01  7.9347956762e+04 -2.7114208743e+00  1  1.2100000000e+01  4.3133904175e-14
 1.5084949823e+01  8.2133750485e+04  5.0838042476e+01  1  1.2100000000e+01  4.4648274102e-14
 2.7721572864e+02  8.2984570335e+04  1.0007294813e+02  0  8.7600000000e+00  4.5110783578e-14
-7.1747765888e+00  8.3978642540e+04  2.2068051054e+00  0  8.7600000000e+00  4.5651165674e-14
 4.7920935114e-01  8.5385121305e+04  8.5834998303e+00  1  1.2100000000e+01  4.6415733821e-14
 1.6697873752e+00  9.0446362106e+04  1.2631486255e+00  2  1.6800000000e+01  4.9167046957e-14
 1.3079037450e+01  9.0693133878e+04 -5.3815371318e+01  0  8.7600000000e+00  4.9301193196e-14
-2.3557168725e+01  9.1524728676e+04  7.9101210851e+00  1  1.2100000000e+01  4.9753251847e-14
 5.9484605712e+00  9.3262012298e+04 -2.3987956861e+00  0  8.7600000000e+00  5.0697646994e-14
-2.7486922633e+00  9.4136485727e+04 -1.0906014797e+00  1  1.2100000000e+01  5.1173014661e-14
-3.9993613258e+00  9.6328709283e+04 -2.1749546208e+01  0  8.7600000000e+00  5.2364717190e-14
-2.3416337180e+01  9.9279763347e+04  2.5164541503e+01  2  1.6800000000e+01  5.3968923378e-14
-1.0484353274e+02  1.0142175848e+05  3.8754182261e+02  0  8.7600000000e+00  5.5133321515e-14
 7.3574379101e+00  1.0473529578e+05 -3.0219857792e+00  2  1.6800000000e+01  5.6934575208e-14
-1.0132090810e+01  1.1238741982e+05 -1.4787548664e+01  0  8.7600000000e+00  6.1094304062e-14
-1.7465418032e+00  1.1362329455e+05 -1.9656654773e+00  2  1.6800000000e+01  6.1766131089e-14
-1.1095645516e+02  1.1386089506e+05  4.6109894992e+02  1  1.2100000000e+01  6.1895291790e-14
 1.8100956347e-03  1.1517087154e+05  2.2773322124e-03  2  1.6800000000e+01  6.2607400866e-14
-4.8775055305e-03  1.1616655457e+05  3.7645481102e-03  2  1.6800000000e+01  6.3148658611e-14
-6.9434709355e+00  1.1703582748e+05  1.4240816011e+01  0  8.7600000000e+00  6.3621199252e-14
-8.0878414874e-01  1.2065408987e+05 -5.7565990217e-01  3  3.2200000000e+01  6.5588102873e-14
 5.5870581320e+01  1.2285680734e+05  1.1444160951e+01  1  1.2100000000e+01  6.6785509941e-14
 4.8842715378e+00  1.2701888689e+05 -3.9958215335e+00  0  8.7600000000e+00  6.9048034997e-14
 1.6109864158e+02  1.2904485785e+05  1.0310983658e+02  3  3.2200000000e+01  7.0149361872e-14
 2.4362442743e+01  1.3008900086e+05 -2.0993713689e+01  1  1.2100000000e+01  7.0716962682e-14
-3.1312991704e+00  1.3094496090e+05 -1.7850041782e+00  0  8.7600000000e+00  7.1182266390e-14
 1.6670836031e+02  1.3511729883e+05  3.4640790723e+02  0  8.7600000000e+00  7.3450367949e-14
-8.6139139895e+00  1.3910801517e+05  5.4820186454e+00  0  8.7600000000e+00  7.5619739197e-14
 6.4215926336e+00  1.3992381685e+05 -6.4446066565e+00  1  1.2100000000e+01  7.6063212640e-14
 1.8181363330e+00  1.4023477542e+05 -3.6015753177e+00  1  1.2100000000e+01  7.6232251112e-14
-4.1482119736e+02  1.4043723559e+05 -4.0513412251e+02  1  1.2100000000e+01  7.6342309362e-14
-1.5593020724e+00  1.4070096765e+05  3.6186860534e-01  0  8.7600000000e+00  7.6485675290e-14
 3.6715683786e+01  1.4114988180e+05  9.2724954264e+01  2  1.6800000000e+01  7.6729707028e-14
-4.2680093858e+00  1.4225096262e+05  1.4634499439e+00  1  1.2100000000e+01  7.7328259487e-14
 5.1031479674e+01  1.4260666920e+05 -2.2086539547e+02  0  8.7600000000e+00  7.7521623175e-14
 4.9467928072e+00  1.4295807453e+05  1.9980650438e+00  2  1.6800000000e+01  7.7712648683e-14
-3.1908618619e-01  1.4987808571e+05 -5.3526393067e+00  0  8.7600000000e+00  8.1474397714e-14
 7.6008813724e-04  1.5644922227e+05  4.8013225802e-03  3  3.2200000000e+01  8.5046496934e-14
-5.0504023037e+00  1.5669139360e+05  1.5843821940e+00  1  1.2100000000e+01  8.5178142354e-14
 2.1196614959e+00  1.5720030007e+05  3.6134597620e+00  0  8.7600000000e+00  8.5454786185e-14
-5.4492779463e+00  1.5810614217e+05  6.5447186492e+01  3  3.2200000000e+01  8.5947206004e-14
-1.7151798353e+01  1.5845308629e+05  2.0182459199e+00  0  8.7600000000e+00  8.6135806379e-14
 8.8619613014e+00  1.5978022271e+05 -1.1703251499e+01  0  8.7600000000e+00  8.6857243675e-14
 2.1700555980e+01  1.6012709565e+05 -7.3373253206e+01  2  1.6800000000e+01  8.7045805352e-14
-6.3155485034e-02  1.6043240379e+05  9.5047054486e-02  2  1.6800000000e+01  8.7211772223e-14
-1.9962371568e+01  1.7034565380e+05 -1.4005313787e+01  1  1.2100000000e+01  9.2600659269e-14
-4.1713941978e-03  1.7058681676e+05  1.3777173107e-03  3  3.2200000000e+01  9.2731756532e-14
-2.6464532395e+00  1.7130098937e+05  7.7944781693e+00  0  8.7600000000e+00  9.3119983955e-14
-8.8118197669e+00  1.7132648448e+05 -8.8039005302e+00  0  8.7600000000e+00  9.3133843212e-14
 6.2587387998e+01  1.7158778677e+05 -2.5701814086e+02  2  1.6800000000e+01  9.3275888306e-14
 2.5741658449e+02  1.7190447393e+05 -2.9680816168e+01  2  1.6800000000e+01  9.3448040858e-14
-4.1804518513e+01  1.7374464131e+05 -5.6618986860e+01  3  3.2200000000e+01  9.4448364077e-14
 1.8741743658e+00  1.7579965921e+05 -3.7577558827e+00  0  8.7600000000e+00  9.5565480999e-14
 3.2187712552e+00  1.7739665872e+05 -1.0244405905e+01  1  1.2100000000e+01  9.6433617075e-14
-4.7051584160e-03  1.7755992360e+05  4.0250153998e-04  0  8.7600000000e+00  9.6522368598e-14
 3.7714725253e+00  1.8034886529e+05 -4.7956273734e+01  1  1.2100000000e+01  9.8038449770e-14
 2.6838910625e-01  1.8045584288e+05 -1.5271300420e-01  0  8.7600000000e+00  9.8096603266e-14
-2.0238525630e+02  1.8185170497e+05  2.0542699083e+02  0  8.7600000000e+00  9.8855400144e-14
-5.1896941037e+01  1.8210481170e+05  5.7854404606e+00  2  1.6800000000e+01  9.8992990093e-14
 1.0070711316e+01  1.8346336955e+05  5.6409528777e-01  2  1.6800000000e+01  9.9731508219e-14
 1.0119078600e+02  1.8397460520e+05  1.8169344717e+02  0  8.7600000000e+00  1.0000941820e-13
-1.2183105592e+02  1.8452328855e+05  1.2012554756e+02  0  8.7600000000e+00  1.0030768492e-13
 4.8433824488e-03  1.8583889188e+05  2.7288172570e-03  0  8.7600000000e+00  1.0102285278e-13
 3.2316379381e-03  1.8686207083e+05  4.1388249067e-03  0  8.7600000000e+00  1.0157905743e-13
 1.1407703759e+01  1.8696946969e+05  4.6734124644e+01  1  1.2100000000e+01  1.0163743993e-13
-3.4595009916e+01  1.8741579287e+05  1.1319184870e+01  0  8.7600000000e+00  1.0188006321e-13
 4.5503960503e+01  1.8773515306e+05  1.3488822839e+02  2  1.6800000000e+01  1.0205366884e-13
 2.6203185122e-01  1.8993390921e+05  1.1301069803e-01  0  8.7600000000e+00  1.0324892251e-13
-2.4465089634e+01  1.9294450548e+05  1.0362609002e+01  1  1.2100000000e+01  1.0488549611e-13
 1.2302074191e-03  1.9519751327e+05 -3.9039066801e-03  3  3.2200000000e+01  1.0611024122e-13
-3.4973545540e+02  1.9637686686e+05 -1.2017239040e+03  1  1.2100000000e+01  1.0675134311e-13
 3.9208144587e+00  1.9639168205e+05 -5.0965827973e+00  2  1.6800000000e+01  1.0675939671e-13
 9.3282286244e-01  1.9676480644e+05 -1.3075750620e+01  2  1.6800000000e+01  1.0696222880e-13
 4.0085042451e+00  1.9708093289e+05  4.9449043422e+00  0  8.7600000000e+00  1.0713407655e-13
-2.9595729979e-03  2.0231146914e+05 -1.5433749773e-03  1  1.2100000000e+01  1.0997741945e-13
-3.0905124831e+00  2.0247848923e+05  8.2488955664e+00  1  1.2100000000e+01  1.1006821232e-13
 2.4541052781e+01  2.0458208487e+05  1.3885358527e+01  1  1.2100000000e+01  1.1121173632e-13
 4.9675605516e-04  2.0471281621e+05 -1.0209809598e-03  3  3.2200000000e+01  1.1128280246e-13
 8.2125068418e-01  2.0775458875e+05  1.3625215948e-01  0  8.7600000000e+00  1.1293632362e-13
-2.1952177644e+00  2.0840221446e+05 -1.2624888208e+01  2  1.6800000000e+01  1.1328837585e-13
 3.7300918036e-04  2.0875015857e+05 -8.3470572058e-04  1  1.2100000000e+01  1.1347751982e-13
 1.1009542346e-03  2.1178145657e+05  3.7378217134e-03  1  1.2100000000e+01  1.1512534697e-13
-1.6424162655e+00  2.1251718093e+05 -7.1047099569e-02  1  1.2100000000e+01  1.1552529003e-13
 1.1345840451e+01  2.1393798837e+05 -3.3403133626e+01  2  1.6800000000e+01  1.1629764731e-13
-1.2370307903e+00  2.1621035504e+05  5.3343285874e+00  0  8.7600000000e+00  1.1753291599e-13
-1.0542859601e+01  2.1808294640e+05 -8.5388965503e+00  0  8.7600000000e+00  1.1855086503e-13
 1.5695376771e-03  2.1830975437e+05 -7.8026037467e-04  4  4.0000000000e+01  1.1867415886e-13
-8.8516356370e+00  2.1945979234e+05  3.1024190659e+00  1  1.2100000000e+01  1.1929932463e-13
 4.0174424136e+00  2.2016848504e+05  1.1116641949e+01  0  8.7600000000e+00  1.1968457316e-13
 1.6270286343e+02  2.2152829192e+05 -6.8922250087e+01  0  8.7600000000e+00  1.2042377026e-13
-9.6754635651e+00  2.2325531625e+05 -9.2212862555e+00  0  8.7600000000e+00  1.2136258841e-13
-8.0847323975e+00  2.2556755033e+05  5.9552456405e-01  0  8.7600000000e+00  1.2261952920e-13
-3.6727810726e+01  2.2834606704e+05 -1.5948213657e+01  0  8.7600000000e+00  1.2412994331e-13
-2.3417267535e+02  2.3190433527e+05  1.3356527624e+02  2  1.6800000000e+01  1.2606423383e-13
-4.8421209472e+00  2.3231326979e+05  1.1230187206e-02  0  8.7600000000e+00  1.2628653247e-13
-5.4378558707e+00  2.3515330502e+05  1.8529560846e+00  0  8.7600000000e+00  1.2783038832e-13
 3.2409384470e+00  2.3855067843e+05  1.7636372178e+00  0  8.7600000000e+00  1.2967721570e-13
-5.0337716184e+00  2.4008450931e+05 -3.7590826986e+00  3  3.2200000000e+01  1.3051101302e-13
-3.8361170324e-03  2.4019499138e+05 -3.6189630994e-03  2  1.6800000000e+01  1.3057107157e-13
-3.9128111624e-03  2.4065635811e+05 -2.6172060415e-03  3  3.2200000000e+01  1.3082187259e-13
 8.6611232745e+01  2.4083933215e+05 -1.0484314317e+02  2  1.6800000000e+01  1.3092133810e-13
-8.6687569729e-01  2.5133183612e+05 -1.0019040377e-01  1  1.2100000000e+01  1.3662511018e-13
 3.5795898080e-01  2.5475642180e+05  9.1235880955e-01  1  1.2100000000e+01  1.3848673028e-13
-4.0189882858e-01  2.5477640108e+05  1.5728613588e+01  1  1.2100000000e+01  1.3849759110e-13
 2.6180601249e-03  2.5591120320e+05  1.7365185249e-03  1  1.2100000000e+01  1.3911447460e-13
 4.6256981379e+00  2.6578763673e+05 -5.4412744238e+00  0  8.7600000000e+00  1.4448334804e-13
-4.1946777935e+01  2.6728341876e+05 -8.5004907184e+01  1  1.2100000000e+01  1.4529646185e-13
-1.7679455092e+00  2.6811580254e+05 -1.7520517130e+01  0  8.7600000000e+00  1.4574894939e-13
-4.3331514994e-03  2.7046937012e+05  2.7227490757e-03  2  1.6800000000e+01  1.4702835926e-13
-1.2953368262e+01  2.7174706808e+05 -2.2180426362e+00  2  1.6800000000e+01  1.4772292158e-13
 1.2437156803e-03  2.7214138211e+05  3.1294391016e-03  1  1.2100000000e+01  1.4793727245e-13
-8.5719438720e+00  2.7232171248e+05  1.4159455363e+01  0  8.7600000000e+00  1.4803530085e-13
 7.7873860424e-01  2.7303573886e+05 -1.6110476284e+01  0  8.7600000000e+00  1.4842344878e-13
-3.5170191613e-03  2.7407010551e+05 -5.4104336330e-04  1  1.2100000000e+01  1.4898573512e-13
-6.7765309527e+01  2.7581424032e+05 -2.0727147920e+01  0  8.7600000000e+00  1.4993385460e-13
 4.7038255996e+00  2.7727117949e+05  3.1041362342e+01  2  1.6800000000e+01  1.5072585325e-13
-2.8445364038e+01  2.7882920624e+05 -4.5636068076e+01  2  1.6800000000e+01  1.5157280356e-13
 1.7898790352e+00  2.7898715358e+05  2.3323417172e+00  0  8.7600000000e+00  1.5165866444e-13
 1.6266768806e+01  2.7956773745e+05 -2.8756175372e+00  1  1.2100000000e+01  1.5197427243e-13
 6.6385938028e+01  2.8074792192e+05 -5.9423612835e+01  1  1.2100000000e+01  1.5261582599e-13
-5.3623768752e+00  2.8106573654e+05 -7.4602040030e+00  2  1.6800000000e+01  1.5278859143e-13
-6.6174985376e+00  2.8119091668e+05 -5.1735100297e-01  2  1.6800000000e+01  1.5285663992e-13
 3.3871698097e+01  2.8128751139e+05 -3.9617654436e+02  0  8.7600000000e+00  1.5290914923e-13
 3.7504900280e+01  2.8444059162e+05 -9.5492503482e+00  1  1.2100000000e+01  1.5462317775e-13
-8.1263292027e-01  2.8656625980e+05  2.4884302880e+00  1  1.2100000000e+01  1.5577870048e-13
 1.3161532768e+00  2.8860158965e+05 -1.9301848040e+00  2  1.6800000000e+01  1.5688511489e-13
-1.4563869164e+01  2.9008867562e+05 -6.3939098488e+00  0  8.7600000000e+00  1.5769350147e-13
-4.5164997198e+00  2.9054719613e+05 -3.0082822720e+00  2  1.6800000000e+01  1.5794275527e-13
-2.0543281652e+00  2.9055802833e+05 -1.4422404162e+01  0  8.7600000000e+00  1.5794864370e-13
-4.0452254481e+00  2.9385518630e+05 -3.8378890637e+00  2  1.6800000000e+01  1.5974099352e-13
-2.3041271332e+02  2.9412845470e+05  5.8442530668e+02  0  8.7600000000e+00  1.5988954345e-13
 1.4471312362e+01  2.9416731391e+05  3.8118634709e+00  1  1.2100000000e+01  1.5991066749e-13
 1.3597903665e+02  2.9534120015e+05 -8.6051020920e+01  0  8.7600000000e+00  1.6054879730e-13
-3.7766703302e-01  2.9538063922e+05  1.7768426221e+00  1  1.2100000000e+01  1.6057023655e-13
 1.1006139715e+01  2.9591629375e+05  5.7762315044e+01  2  1.6800000000e+01  1.6086142075e-13
-3.3158069469e-03  2.9718418302e+05  1.2326440524e-03  0  8.7600000000e+00  1.6155065103e-13
-9.4983628218e+00  2.9743779571e+05  1.6593597181e+00  2  1.6800000000e+01  1.6168851602e-13
-1.4729855126e+00  3.0608489907e+05 -5.0424361083e+00  0  8.7600000000e+00  1.6638912008e-13
 4.5670982161e+01  3.0867822058e+05 -8.3656877529e+01  0  8.7600000000e+00  1.6779886125e-13
 2.3498564104e+01  3.1058770917e+05 -4.2526730042e+01  0  8.7600000000e+00  1.6883686779e-13
 3.8005863409e+00  3.1544005453e+05 -1.9686521061e+00  0  8.7600000000e+00  1.7147462443e-13
 2.3871902878e+01  3.1565870638e+05  1.1836045621e+02  2  1.6800000000e+01  1.7159348455e-13
-2.2858354773e+00  3.1591922545e+05 -2.1612341814e+00  1  1.2100000000e+01  1.7173510388e-13
 2.7783169221e+00  3.1814940712e+05 -1.2273531490e+00  1  1.2100000000e+01  1.7294744062e-13
 2.2892278393e+01  3.2110304434e+05 -2.9795340086e+01  0  8.7600000000e+00  1.7455305102e-13
 3.0672700297e+01  3.2267541331e+05  4.0045124571e+01  0  8.7600000000e+00  1.7540779782e-13
-9.8155215500e+00  3.2272423098e+05  2.4995820793e+01  1  1.2100000000e+01  1.7543433532e-13
-1.2991751636e+01  3.2336122099e+05 -2.0118653194e+00  1  1.2100000000e+01  1.7578060594e-13
-1.4103242141e+02  3.2589079511e+05 -4.9249712156e+01  0  8.7600000000e+00  1.7715569375e-13
 1.3468896022e+00  3.2871370937e+05  8.7174230321e-02  2  1.6800000000e+01  1.7869024257e-13
-1.3035297838e+01  3.3661479480e+05  2.7712258106e+01  1  1.2100000000e+01  1.8298530794e-13
-5.4372946701e+00  3.3997879034e+05  1.6622451322e+00  0  8.7600000000e+00  1.8481399096e-13
-2.3411051498e+00  3.4009082845e+05 -9.4673415396e+00  0  8.7600000000e+00  1.8487489538e-13
 1.0253151531e+00  3.4099119958e+05 -2.6200935869e+00  1  1.2100000000e+01  1.8536434115e-13
-2.2684151077e+00  3.4379209728e+05  5.4194181899e+00  0  8.7600000000e+00  1.8688692167e-13
 1.5485057134e+00  3.4427679460e+05 -3.3627389639e+00  1  1.2100000000e+01  1.8715040530e-13
-1.7262823476e+00  3.4441641660e+05  5.0490209646e-01  0  8.7600000000e+00  1.8722630445e-13
-2.9215088611e+01  3.4481430499e+05 -2.7463085499e+01  3  3.2200000000e+01  1.8744259835e-13
-2.4357545757e+01  3.4485695182e+05  1.1067395677e+02  1  1.2100000000e+01  1.8746578136e-13
-6.7984665945e-01  3.4565707723e+05  7.0916471575e+00  0  8.7600000000e+00  1.8790073311e-13
-2.9514121022e-03  3.4638468562e+05 -4.3832014219e-03  3  3.2200000000e+01  1.8829626429e-13
 1.5337024194e-03  3.4728108839e+05 -3.0634373464e-03  2  1.6800000000e+01  1.8878355284e-13
 4.1460674061e+01  3.5009406751e+05 -1.8165563701e+01  2  1.6800000000e+01  1.9031270087e-13
-5.7103180124e+00  3.5103473341e+05 -2.7501003729e+00  0  8.7600000000e+00  1.9082405106e-13
-1.2677467335e+01  3.5292381471e+05  8.2817142049e+00  3  3.2200000000e+01  1.9185096411e-13
 1.6397267435e+00  3.5898772191e+05 -2.5083795776e+00  0  8.7600000000e+00  1.9514733118e-13
-3.4173816536e+00  3.6679005150e+05 -4.1318964023e+00  3  3.2200000000e+01  1.9938871244e-13
-5.0909197671e+00  3.6763481124e+05  4.6689383271e+00  0  8.7600000000e+00  1.9984792762e-13
-9.2119657204e+01  3.7309653426e+05  7.8882737194e+01  3  3.2200000000e+01  2.0281694467e-13
-4.0149598118e+01  3.7571601879e+05  3.2317524134e+01  0  8.7600000000e+00  2.0424090818e-13
 4.6801997455e+00  3.7572502621e+05  2.5948667740e+00  0  8.7600000000e+00  2.0424580466e-13
 1.3231864042e-01  3.7697122954e+05  4.0956083408e+00  1  1.2100000000e+01  2.0492324636e-13
-2.1417297033e+01  3.7855661937e+05  3.0062352932e+00  0  8.7600000000e+00  2.0578507136e-13
 1.9530007166e+02  3.7924465568e+05 -1.9162172273e+02  0  8.7600000000e+00  2.0615909098e-13
-1.7428040547e+01  3.8110880188e+05  8.3586099230e+00  2  1.6800000000e+01  2.0717244919e-13
-2.5057080249e+01  3.8147950333e+05 -3.3629978165e+01  0  8.7600000000e+00  2.0737396415e-13
 8.6514753464e+01  3.8157767025e+05 -3.5988865946e+00  0  8.7600000000e+00  2.0742732813e-13
-6.9516134282e+01  3.8178031978e+05 -3.0494128415e+01  1  1.2100000000e+01  2.0753748932e-13
 2.7693521130e-02  3.8338364424e+05 -2.3986453745e-01  1  1.2100000000e+01  2.0840906367e-13
 1.6854989904e+00  3.8416203533e+05 -2.8863820663e+00  2  1.6800000000e+01  2.0883220054e-13
-4.1567434382e+00  3.8524560925e+05  1.7074047051e+01  0  8.7600000000e+00  2.0942123618e-13
 2.8085190793e-03  3.8579899392e+05  2.7801651358e-03  2  1.6800000000e+01  2.0972205856e-13
-2.7242129759e+00  3.9237079102e+05 -3.0991000894e-01  3  3.2200000000e+01  2.1329451685e-13
-3.7645633140e-03  3.9263251048e+05 -1.0156190936e-03  1  1.2100000000e+01  2.1343678872e-13
 2.9493284409e+00  3.9624177777e+05  2.2433017098e+01  1  1.2100000000e+01  2.1539880256e-13
 8.1102248339e+00  3.9789954914e+05 -1.8401505804e+01  0  8.7600000000e+00  2.1629997449e-13
-2.4456419989e-01  3.9812302480e+05 -1.5197068397e+00  1  1.2100000000e+01  2.1642145686e-13
-1.0092912381e+00  3.9817738967e+05  3.3959164202e+00  0  8.7600000000e+00  2.1645100985e-13
 4.8989454540e-04  3.9857323602e+05  3.6576245300e-03  1  1.2100000000e+01  2.1666619369e-13
 4.1898914701e+00  4.0094393433e+05 -6.2972441708e+00  0  8.7600000000e+00  2.1795491590e-13
 4.9295167474e+02  4.0105603297e+05 -4.3625072121e+02  1  1.2100000000e+01  2.1801585322e-13
-1.5616910892e+00  4.0238637497e+05  5.1627705961e+01  1  1.2100000000e+01  2.1873903308e-13
-6.5334398279e-01  4.0345261918e+05  8.8173423883e+00  0  8.7600000000e+00  2.1931864820e-13
-1.2289490654e+02  4.0645578590e+05 -8.0825301810e+01  2  1.6800000000e+01  2.2095118307e-13
-3.7557363531e+00  4.0671842505e+05  4.9406478479e-01  0  8.7600000000e+00  2.2109395488e-13
 2.3700054223e-01  4.1325292689e+05  3.6830695508e-01  3  3.2200000000e+01  2.2464613931e-13
-2.3155994526e+01  4.1349595293e+05 -1.9080509493e+00  2  1.6800000000e+01  2.2477824935e-13
 1.7251326678e+01  4.1572717259e+05 -3.2923497427e+01  0  8.7600000000e+00  2.2599115033e-13
 2.4764211384e-01  4.1638357415e+05  1.1428950821e-01  0  8.7600000000e+00  2.2634797316e-13
 7.1863885174e+01  4.1683513701e+05  4.6912811844e+01  3  3.2200000000e+01  2.2659344475e-13
 3.6954753886e-03  4.1820352076e+05 -1.4514309128e-04  3  3.2200000000e+01  2.2733730428e-13
 6.3170238926e+00  4.2579160864e+05 -1.3763760674e+00  2  1.6800000000e+01  2.3146222278e-13
 1.5581666458e+03  4.2683250442e+05  1.7942732104e+03  0  8.7600000000e+00  2.3202805839e-13
 3.2137237725e+00  4.2774517163e+05  9.6953329542e-01  2  1.6800000000e+01  2.3252418836e-13
 2.6759931289e+01  4.2898137204e+05 -3.8272607739e+01  0  8.7600000000e+00  2.3319619243e-13
 2.4506962572e+01  4.3024650309e+05  2.5642174185e+01  2  1.6800000000e+01  2.3388392333e-13
-4.1811735876e+01  4.3063146971e+05 -5.1402789124e+00  2  1.6800000000e+01  2.3409319291e-13
 9.1578566643e+00  4.3095100057e+05  8.2814089429e+01  0  8.7600000000e+00  2.3426689131e-13
 4.3777912311e-01  4.3430784773e+05 -1.1821970444e+01  3  3.2200000000e+01  2.3609168844e-13
 5.8006484787e-04  4.3499462596e+05 -8.5010185179e-04  0  8.7600000000e+00  2.3646502416e-13
-2.5465842839e+01  4.3802890633e+05 -2.8649633391e+01  0  8.7600000000e+00  2.3811447254e-13
 1.8821722547e+00  4.3949892755e+05 -3.9742033343e+00  1  1.2100000000e+01  2.3891358265e-13
 2.9261792986e+02  4.4038384792e+05  8.1131636633e+01  0  8.7600000000e+00  2.3939462932e-13
 2.3381769924e-03  4.4082715344e+05 -2.2592885034e-03  3  3.2200000000e+01  2.3963561218e-13
-3.5583020565e+01  4.4145834634e+05  7.3849704550e+00  0  8.7600000000e+00  2.3997873147e-13
-3.7026804340e+00  4.4181135077e+05  2.5464719863e+01  1  1.2100000000e+01  2.4017062626e-13
-1.8618773748e-03  4.4457355094e+05 -2.5730374630e-03  3  3.2200000000e+01  2.4167217062e-13
-1.1356349142e+01  4.4732194519e+05 -1.0835242783e+01  2  1.6800000000e+01  2.4316621002e-13
-2.5667866082e+00  4.4794287311e+05 -8.3940170658e-01  3  3.2200000000e+01  2.4350374922e-13
 2.9115057509e+02  4.4891983772e+05 -3.0934156797e+01  0  8.7600000000e+00  2.4403483155e-13
 4.9593586614e-03  4.5242428832e+05  1.9410224291e-03  0  8.7600000000e+00  2.4593986657e-13
-2.0583645316e+01  4.5299308796e+05  3.4610275397e+01  1  1.2100000000e+01  2.4624906860e-13
-4.8295974979e-01  4.5349856865e+05 -1.4085307489e+00  0  8.7600000000e+00  2.4652385016e-13
 4.6232304987e+01  4.5602638090e+05  4.6080799183e+01  2  1.6800000000e+01  2.4789798021e-13
 1.1306978369e+01  4.5728497295e+05 -4.7281205512e+01  1  1.2100000000e+01  2.4858215647e-13
-6.1057236277e+02  4.5803166074e+05 -5.6319643648e+02  1  1.2100000000e+01  2.4898805930e-13
-1.4996695413e+01  4.5886906719e+05 -3.8070460787e+01  2  1.6800000000e+01  2.4944327719e-13
 2.7639662557e-03  4.6330879193e+05  3.9808597411e-03  0  8.7600000000e+00  2.5185673142e-13
-3.2515978370e+00  4.6534555434e+05 -8.4712613218e+00  2  1.6800000000e+01  2.5296392457e-13
-1.9137366696e+01  4.6864806505e+05  6.6171670145e+00  2  1.6800000000e+01  2.5475918416e-13
-3.8363881683e+00  4.6887049809e+05 -1.3543660565e+01  0  8.7600000000e+00  2.5488009976e-13
-3.6903314333e-03  4.6974655244e+05 -3.4003993023e-03  1  1.2100000000e+01  2.5535632682e-13
-5.1107407339e-04  4.7524781137e+05  3.7804861803e-04  3  3.2200000000e+01  2.5834683578e-13
 7.2616172947e+01  4.7656696554e+05 -1.0641206235e+02  2  1.6800000000e+01  2.5906393388e-13
-2.0854446547e+01  4.7892518429e+05  4.1399477469e+01  0  8.7600000000e+00  2.6034587214e-13
-4.2245221095e+01  4.8224222853e+05 -2.1624696992e+01  3  3.2200000000e+01  2.6214903223e-13
 6.7847967060e+01  4.8260184623e+05 -4.4607211340e+01  0  8.7600000000e+00  2.6234452202e-13
 3.8631233055e-03  4.8275060228e+05 -2.4866037245e-03  2  1.6800000000e+01  2.6242538647e-13
-2.9971408928e+01  4.8349816019e+05  6.4716503172e+01  0  8.7600000000e+00  2.6283176229e-13
-2.0339757276e+00  4.8404779716e+05 -6.7618646758e+00  1  1.2100000000e+01  2.6313054741e-13
-9.8358914417e+01  4.8572352798e+05  3.7614567134e+02  2  1.6800000000e+01  2.6404148218e-13
 9.2934311276e+00  4.8691541338e+05 -1.7795587291e+01  0  8.7600000000e+00  2.6468939642e-13
 2.1064227460e+01  4.8693588814e+05  5.1279631955e+00  1  1.2100000000e+01  2.6470052659e-13
 3.5080131733e+00  4.8732511237e+05 -3.7643846272e+00  1  1.2100000000e+01  2.6491211061e-13
 1.9527846762e+01  4.8748850813e+05  1.2715410544e+01  3  3.2200000000e+01  2.6500093328e-13
-7.1348171024e-01  4.8990967361e+05  1.6280359411e+01  0  8.7600000000e+00  2.6631708967e-13
-2.3487981955e-03  4.9699327903e+05  3.7487277569e-03  1  1.2100000000e+01  2.7016776925e-13
-2.1940320891e+00  4.9816421169e+05 -1.0295124446e+01  1  1.2100000000e+01  2.7080429348e-13
-1.4935456901e+00  4.9866327904e+05 -3.7043212364e+01  2  1.6800000000e+01  2.7107558873e-13
-1.2547587964e+01  5.0088986655e+05 -5.5788102177e+00  0  8.7600000000e+00  2.7228597166e-13
 1.3128431180e+01  5.0231725728e+05 -2.6906189539e+01  0  8.7600000000e+00  2.7306190764e-13
-4.4542712519e+02  5.0392119030e+05 -2.1598956782e+02  0  8.7600000000e+00  2.7393381281e-13
 6.8307328755e+01  5.0524017762e+05  4.5278247260e+01  1  1.2100000000e+01  2.7465082021e-13
 3.2409925188e+01  5.0547590098e+05  1.9618918427e+01  2  1.6800000000e+01  2.7477896048e-13
-2.0064236155e+00  5.0603212201e+05  1.0714687415e+01  1  1.2100000000e+01  2.7508132472e-13
-2.5218564052e+02  5.0875236235e+05 -6.5005929293e+01  2  1.6800000000e+01  2.7656005954e-13
 2.7994565245e+00  5.1260219315e+05 -3.6860689320e+00  0  8.7600000000e+00  2.7865284478e-13
 5.8143199718e+00  5.1270087190e+05 -3.3173799759e-01  1  1.2100000000e+01  2.7870648699e-13
 1.9092494150e+00  5.1316611770e+05 -1.6399855573e+00  0  8.7600000000e+00  2.7895939669e-13
 1.9177526204e+00  5.1331852442e+05 -4.4926605595e+00  2  1.6800000000e+01  2.7904224566e-13
 7.2311434933e+01  5.1355604883e+05 -6.1228294473e+01  0  8.7600000000e+00  2.7917136500e-13
 5.7601673104e+00  5.1376796036e+05 -9.9519362346e+00  0  8.7600000000e+00  2.7928656105e-13
 1.2107709151e+00  5.1657048304e+05  2.3258758406e+00  2  1.6800000000e+01  2.8081002491e-13
 1.2536049483e+01  5.1685655491e+05 -2.0290317170e+00  1  1.2100000000e+01  2.8096553486e-13
 4.8674102360e-03  5.1911468444e+05 -3.4361639425e-03  2  1.6800000000e+01  2.8219306417e-13
 3.7297809988e+01  5.1950171291e+05  3.0365956975e+01  2  1.6800000000e+01  2.8240345458e-13
 8.2744675859e+01  5.1959375871e+05 -5.3908898508e+01  0  8.7600000000e+00  2.8245349109e-13
 4.5799359560e+00  5.2107240932e+05  1.0136581979e+01  1  1.2100000000e+01  2.8325729217e-13
-4.5454153805e+00  5.2276548397e+05 -1.6401146429e+00  1  1.2100000000e+01  2.8417765512e-13
-4.9044725402e-01  5.2336038659e+05  2.5508333012e-02  0  8.7600000000e+00  2.8450104685e-13
-1.7542455178e+00  5.2582537365e+05 -4.1848934173e+00  1  1.2100000000e+01  2.8584102484e-13
-7.0966018009e-01  5.3243424901e+05 -2.0704509544e+00  0  8.7600000000e+00  2.8943363904e-13
-1.6073821469e-03  5.3486098769e+05  4.7282566408e-03  3  3.2200000000e+01  2.9075282504e-13
-2.1906375825e-03  5.3491999063e+05  1.9541503149e-03  2  1.6800000000e+01  2.9078489930e-13
-1.0128445804e+02  5.3766343871e+05  1.9812962126e+01  2  1.6800000000e+01  2.9227624995e-13
 7.4638080824e+00  5.3796948742e+05 -9.8456536167e+00  1  1.2100000000e+01  2.9244261939e-13
-7.5192282905e+01  5.3826026370e+05 -1.3953931646e+02  2  1.6800000000e+01  2.9260068668e-13
-1.1668419987e+01  5.4065282157e+05  1.1603277874e+01  3  3.2200000000e+01  2.9390129184e-13
 9.2356761813e-01  5.4440114142e+05 -1.0577780176e+00  2  1.6800000000e+01  2.9593889528e-13
-7.4052642687e+00  5.4498289904e+05 -9.0869470490e+00  0  8.7600000000e+00  2.9625514132e-13
-8.7912531568e+01  5.4592924509e+05 -2.2014093974e+01  0  8.7600000000e+00  2.9676957927e-13
 3.4043423079e-03  5.4603440287e+05 -3.2188311677e-03  3  3.2200000000e+01  2.9682674351e-13
 1.1045651678e-03  5.5157215476e+05  4.4267760261e-03  3  3.2200000000e+01  2.9983709020e-13
 8.2467080831e-04  5.5435288468e+05  2.4227523489e-04  2  1.6800000000e+01  3.0134870742e-13
-7.8330340030e+01  5.5645939368e+05 -6.0380642471e+01  2  1.6800000000e+01  3.0249381513e-13
 1.7256914593e+00  5.5647143481e+05 -1.4431433798e+00  1  1.2100000000e+01  3.0250036075e-13
 9.9630760737e+00  5.5931827320e+05 -6.4600888516e+00  0  8.7600000000e+00  3.0404791483e-13
-4.7275445699e+01  5.6035267136e+05  2.5393710611e+01  1  1.2100000000e+01  3.0461021830e-13
 3.0222124019e+01  5.6396471855e+05  6.5731383427e+01  0  8.7600000000e+00  3.0657374330e-13
-5.8829722025e+02  5.6516655730e+05  3.5144397316e+02  0  8.7600000000e+00  3.0722706822e-13
 1.9198728012e-03  5.6621273273e+05 -2.6978294261e-03  3  3.2200000000e+01  3.0779577386e-13
-2.4653366032e+01  5.6790706399e+05 -3.8238255902e+01  0  8.7600000000e+00  3.0871681992e-13
 3.8974897215e+01  5.7118126461e+05 -1.5144498554e+02  1  1.2100000000e+01  3.1049669002e-13
 4.1715683482e-01  5.7409838436e+05 -3.7610289756e+00  2  1.6800000000e+01  3.1208244936e-13
-6.4006266731e+00  5.7458640830e+05  5.8135328614e-01  0  8.7600000000e+00  3.1234774136e-13
-2.4191648920e-03  5.7552391387e+05  1.0956598940e-03  3  3.2200000000e+01  3.1285737358e-13
-6.4635416290e+01  5.7597635135e+05 -9.8329955788e+00  0  8.7600000000e+00  3.1310332062e-13
 6.6040938103e-01  5.7802951557e+05 -4.1234191654e+01  1  1.2100000000e+01  3.1421942986e-13
-6.8019416909e+00  5.7888000281e+05 -2.9782821975e+00  0  8.7600000000e+00  3.1468175853e-13
 4.7558381547e-03  5.8062168561e+05  1.3718660671e-03  3  3.2200000000e+01  3.1562854509e-13
-3.0470100269e-03  5.8158743627e+05 -1.0975220083e-03  3  3.2200000000e+01  3.1615353147e-13
 1.5532462285e+01  5.8189534444e+05 -6.0136868460e+00  0  8.7600000000e+00  3.1632091173e-13
-1.2000403338e+01  5.8201704583e+05  2.0006994301e+01  1  1.2100000000e+01  3.1638706915e-13
-5.3965133227e+02  5.8369212158e+05 -2.0567745870e+01  0  8.7600000000e+00  3.1729764782e-13
 4.5489218547e+01  5.8425019187e+05 -3.3010240012e+01  1  1.2100000000e+01  3.1760101733e-13
-2.4419247233e+01  5.8586277868e+05  2.0497733929e+01  0  8.7600000000e+00  3.1847762673e-13
 3.9476068686e-03  5.8779174782e+05 -2.5713602489e-03  0  8.7600000000e+00  3.1952622298e-13
 3.1482971963e-03  5.8834126798e+05  3.4309786039e-03  3  3.2200000000e+01  3.1982494460e-13
 4.0422417037e+00  5.9023055190e+05  6.8139751627e+00  0  8.7600000000e+00  3.2085196778e-13
-1.2766823671e+00  5.9025142071e+05  3.6785080830e+00  2  1.6800000000e+01  3.2086331216e-13
-8.9835654277e-01  5.9029940684e+05 -2.2208412711e+00  0  8.7600000000e+00  3.2088939764e-13
 2.6378360887e+00  5.9103258239e+05  6.3404777838e+00  3  3.2200000000e+01  3.2128795515e-13
 4.6303041783e+01  5.9215626748e+05 -1.1788794888e+01  0  8.7600000000e+00  3.2189879539e-13
 1.8014582412e+01  5.9330181725e+05  7.1589708704e+00  0  8.7600000000e+00  3.2252152136e-13
 4.4573951044e-03  5.9438363727e+05 -4.5604796985e-03  3  3.2200000000e+01  3.2310960357e-13
-6.4504261686e+02  5.9443214316e+05  4.1262037518e+02  0  8.7600000000e+00  3.2313597158e-13
-8.0224793766e+02  5.9498583788e+05 -4.3967743807e+02  0  8.7600000000e+00  3.2343696251e-13
 1.4192320032e+02  5.9511013579e+05  5.4449002999e+02  1  1.2100000000e+01  3.2350453141e-13
 2.4613530605e+00  5.9545651443e+05  1.0218469618e+01  1  1.2100000000e+01  3.2369282439e-13
-1.9604618826e+01  5.9556532959e+05  3.0418273865e+00  1  1.2100000000e+01  3.2375197679e-13
 6.8390637558e+00  5.9770754630e+05 -5.4827841863e+01  2  1.6800000000e+01  3.2491649538e-13
 4.0304497386e+00  5.9862309319e+05  1.7461713331e+01  2  1.6800000000e+01  3.2541419076e-13
 2.0177073437e-03  5.9928445481e+05  1.6073253502e-03  2  1.6800000000e+01  3.2577370990e-13
 1.3019128712e+00  6.0006900912e+05 -1.7650206909e+00  0  8.7600000000e+00  3.2620019713e-13
-1.9216678042e+02  6.0140646177e+05  4.3773592092e+02  0  8.7600000000e+00  3.2692724237e-13
 4.7626890937e+00  6.0262011526e+05 -2.7949671778e+01  0  8.7600000000e+00  3.2758698984e-13
-2.6618803012e+02  6.0276669869e+05 -1.0513459829e+00  1  1.2100000000e+01  3.2766667325e-13
 7.6002405124e+01  6.0418510616e+05 -3.4626948370e+02  1  1.2100000000e+01  3.2843772589e-13
 8.5621781786e-01  6.0548347786e+05 -1.5751297368e+02  2  1.6800000000e+01  3.2914352655e-13
 8.6531417130e+00  6.0577468810e+05 -1.4665194248e+01  1  1.2100000000e+01  3.2930182974e-13
-6.5258349908e+00  6.0581466016e+05 -6.5781878977e+00  0  8.7600000000e+00  3.2932355873e-13
 4.3171611006e-03  6.0615002720e+05 -1.4733822395e-03  1  1.2100000000e+01  3.2950586575e-13
-1.4340399192e+01  6.0922331337e+05 -1.0311091086e+01  2  1.6800000000e+01  3.3117651786e-13
-1.9750792753e-01  6.0972797944e+05 -5.0542348900e+01  0  8.7600000000e+00  3.3145085660e-13
-9.3803393214e-01  6.1112383389e+05  2.7279586186e+00  0  8.7600000000e+00  3.3220964932e-13
-3.5322366738e+00  6.1413931605e+05  4.2315605107e+00  3  3.2200000000e+01  3.3384887890e-13
 9.3536349462e+01  6.1857883619e+05 -1.5370338372e+02  1  1.2100000000e+01  3.3626222191e-13
 3.5931904998e+00  6.1884896158e+05  5.4769153503e+00  2  1.6800000000e+01  3.3640906328e-13
 3.7163479537e+00  6.1928348161e+05 -1.7828637504e-01  3  3.2200000000e+01  3.3664527031e-13
-1.5333310858e+02  6.1971896534e+05  1.4028799007e+02  0  8.7600000000e+00  3.3688200121e-13
 1.1898348780e+01  6.2258586435e+05 -7.6063551557e+00  2  1.6800000000e+01  3.3844046034e-13
-3.1352984431e-03  6.2367562310e+05 -4.9609330110e-03  3  3.2200000000e+01  3.3903285807e-13
-8.5934136758e+01  6.2444330691e+05  8.4222674276e+00  0  8.7600000000e+00  3.3945017442e-13
-7.9891331553e+00  6.2445113705e+05  2.2157619923e+01  1  1.2100000000e+01  3.3945443092e-13
 5.7113013760e-01  6.2642564177e+05 -1.3934213016e+00  2  1.6800000000e+01  3.4052778051e-13
 1.1140984347e+00  6.2652909016e+05  7.7236105314e-01  0  8.7600000000e+00  3.4058401552e-13
 1.5988840054e-03  6.2773502513e+05  2.4434783950e-03  0  8.7600000000e+00  3.4123956717e-13
-2.4586157070e-03  6.2826971924e+05 -1.9541872372e-03  1  1.2100000000e+01  3.4153022928e-13
-5.0110161334e-01  6.2883591204e+05 -1.0162036117e+01  1  1.2100000000e+01  3.4183801422e-13
 7.3748152005e+00  6.2930563501e+05  2.6614058487e+01  0  8.7600000000e+00  3.4209335772e-13
-1.9141508113e+00  6.2936268543e+05  2.1830246334e+00  1  1.2100000000e+01  3.4212437058e-13
-4.0248951265e-03  6.3088958739e+05  3.5876092960e-03  2  1.6800000000e+01  3.4295440132e-13
 4.6920347985e+01  6.3110695801e+05 -7.8664382904e+01  0  8.7600000000e+00  3.4307256496e-13
-2.0161790230e+00  6.3466688644e+05 -9.1548006682e-01  3  3.2200000000e+01  3.4500775798e-13
-3.0505620120e-03  6.3606997777e+05 -7.9573623640e-04  0  8.7600000000e+00  3.4577048470e-13
 6.0174870112e+01  6.3781147625e+05 -2.6684843617e+01  0  8.7600000000e+00  3.4671717106e-13
 2.5521606384e+00  6.3961970333e+05 -1.3026643019e+01  1  1.2100000000e+01  3.4770013139e-13
 1.8493026580e+01  6.4088173387e+05 -1.8927237954e+01  3  3.2200000000e+01  3.4838617683e-13
-3.6944536854e-01  6.4186970605e+05 -8.5838761825e+00  1  1.2100000000e+01  3.4892324293e-13
-2.7126753384e+01  6.4266770551e+05 -9.3864501125e-01  1  1.2100000000e+01  3.4935703901e-13
-1.7193108227e+01  6.4359741666e+05  1.5614131416e+01  2  1.6800000000e+01  3.4986243415e-13
 1.2727334370e+00  6.4394887283e+05 -4.0035511014e+00  0  8.7600000000e+00  3.5005348729e-13
 7.3247202149e-01  6.4440880558e+05 -7.5462890881e-01  1  1.2100000000e+01  3.5030350879e-13
 3.0208161119e+01  6.4745563987e+05  2.6972626245e+01  1  1.2100000000e+01  3.5195978154e-13
 2.3818299210e+02  6.4746545469e+05  4.5666142063e+01  1  1.2100000000e+01  3.5196511692e-13
 2.0537716385e+00  6.4956921176e+05  1.2476060710e+00  0  8.7600000000e+00  3.5310872867e-13
 3.4740908182e+01  6.5737014579e+05 -4.7896358348e+00  1  1.2100000000e+01  3.5734935130e-13
 3.4653284959e-01  6.6002851516e+05  4.6283298860e+00  1  1.2100000000e+01  3.5879445278e-13
 8.0379365636e+01  6.6026972228e+05 -5.6233547538e+01  0  8.7600000000e+00  3.5892557405e-13
 1.4801732775e+01  6.6223736633e+05  5.3960449618e+00  2  1.6800000000e+01  3.5999519415e-13
-3.2438415161e+02  6.6417901593e+05 -6.0213560258e+01  0  8.7600000000e+00  3.6105068356e-13
-9.9875509043e+00  6.6741058143e+05 -1.1263990852e+01  0  8.7600000000e+00  3.6280737702e-13
-1.4046222885e+00  6.6791077034e+05 -6.5659451560e-01  0  8.7600000000e+00  3.6307928194e-13
-3.9389252192e-03  6.6881708500e+05 -1.5161591892e-03  3  3.2200000000e+01  3.6357195865e-13
 2.4352936075e+01  6.7056810987e+05 -3.3097323421e+01  0  8.7600000000e+00  3.6452382360e-13
 3.7710742515e-01  6.7264370505e+05 -4.8443879515e-01  0  8.7600000000e+00  3.6565212642e-13
 1.1090075292e+00  6.7512440390e+05 -9.2301490893e-01  1  1.2100000000e+01  3.6700064541e-13
-8.0546080436e-01  6.7555218538e+05 -1.1369438312e+00  0  8.7600000000e+00  3.6723318934e-13
 4.2995654149e+01  6.7577984364e+05  1.4002203855e+00  0  8.7600000000e+00  3.6735694539e-13
-1.1991624370e+02  6.7611778721e+05  9.2340503907e+01  3  3.2200000000e+01  3.6754065302e-13
-4.9132464475e+00  6.8040057691e+05 -1.6929567855e+00  2  1.6800000000e+01  3.6986879666e-13
 1.3423678245e+02  6.8046757364e+05 -3.4192899538e+02  0  8.7600000000e+00  3.6990521638e-13
 1.7252711842e+01  6.8159588954e+05  1.2212420598e+01  1  1.2100000000e+01  3.7051857395e-13
-2.0874924479e-03  6.8238212852e+05 -4.4855710629e-03  1  1.2100000000e+01  3.7094597698e-13
 1.0071461070e-03  6.8552675259e+05 -2.8953790422e-03  3  3.2200000000e+01  3.7265540868e-13
-1.0706663930e+01  6.8664951040e+05  3.8705878607e+00  1  1.2100000000e+01  3.7326574485e-13
 8.4132351116e-01  6.8766249093e+05  3.0860041419e+00  3  3.2200000000e+01  3.7381640560e-13
-4.3857062255e-01  6.8810425231e+05  9.4337159801e-01  1  1.2100000000e+01  3.7405654906e-13
 2.9002166965e+00  6.8873152394e+05  4.6441406993e+00  1  1.2100000000e+01  3.7439753672e-13
 8.3214229540e+01  6.9302242882e+05  1.3548537839e+02  0  8.7600000000e+00  3.7673009181e-13
-2.6355623257e-03  6.9366146254e+05  4.1039926648e-03  3  3.2200000000e+01  3.7707747339e-13
 2.2380684811e+02  6.9485625664e+05 -3.5892978158e+02  0  8.7600000000e+00  3.7772696881e-13
-3.5325955813e+02  6.9618723299e+05  2.2510418191e+02  1  1.2100000000e+01  3.7845049351e-13
-1.1661913386e+01  6.9784827884e+05  2.1010525175e+00  0  8.7600000000e+00  3.7935344546e-13
-2.6053808971e+01  6.9856241637e+05 -1.3099407895e+01  0  8.7600000000e+00  3.7974165382e-13
 7.9313044103e+00  7.0020870625e+05  2.0362993891e+01  0  8.7600000000e+00  3.8063658436e-13
-5.2250255346e+00  7.0091866148e+05 -2.7296048356e+00  3  3.2200000000e+01  3.8102251920e-13
 4.5785582578e+01  7.0099974417e+05  5.1847352538e+01  0  8.7600000000e+00  3.8106659611e-13
 1.8060650167e+01  7.0252140375e+05 -1.0469047836e+02  3  3.2200000000e+01  3.8189377707e-13
 2.2564458572e+00  7.0298262466e+05 -4.8017583419e+01  0  8.7600000000e+00  3.8214449881e-13
-2.8565440615e+01  7.0375124582e+05 -2.7470143432e+01  3  3.2200000000e+01  3.8256232471e-13
 3.1136451933e+00  7.0559678262e+05  2.4308757220e+00  2  1.6800000000e+01  3.8356556677e-13
 2.6918947656e+01  7.0669474208e+05 -1.7684331999e+01  1  1.2100000000e+01  3.8416242245e-13
 6.7644501517e+01  7.0712341358e+05 -1.2277950632e+02  0  8.7600000000e+00  3.8439545019e-13
 1.8182645292e+01  7.0769068727e+05  2.2884790529e+01  2  1.6800000000e+01  3.8470382271e-13
 4.8124218006e+01  7.0780481682e+05  1.1429619380e+02  2  1.6800000000e+01  3.8476586404e-13
-1.2028943338e+01  7.0865283773e+05 -5.1505069927e+00  1  1.2100000000e+01  3.8522685200e-13
-2.3308621667e+01  7.1057052787e+05 -1.4069785906e+01  0  8.7600000000e+00  3.8626931694e-13
-4.1729381758e+00  7.1065524257e+05 -4.8909111602e+00  0  8.7600000000e+00  3.8631536822e-13
-4.2063487516e+00  7.1236048937e+05  2.4046062398e+01  0  8.7600000000e+00  3.8724234801e-13
 5.7861882836e+01  7.1396535216e+05 -2.7617744692e+01  1  1.2100000000e+01  3.8811475860e-13
-3.5011759364e-01  7.1450783270e+05  2.7725429309e+00  0  8.7600000000e+00  3.8840965345e-13
 1.2479280545e+00  7.1723158147e+05 -1.0442967456e+00  1  1.2100000000e+01  3.8989029546e-13
 3.0887201387e+00  7.1728610346e+05  5.9326800097e+00  0  8.7600000000e+00  3.8991993386e-13
-1.4833743762e+01  7.1785159772e+05  9.2275908314e+00  0  8.7600000000e+00  3.9022733907e-13
-4.9674637550e-01  7.1832570156e+05  7.1470846625e-01  0  8.7600000000e+00  3.9048506404e-13
 3.7398820277e+01  7.1862309926e+05  9.4724502881e+01  1  1.2100000000e+01  3.9064673076e-13
-2.9704592338e+00  7.2120655074e+05  3.2625293312e+01  1  1.2100000000e+01  3.9205110654e-13
-1.3235271144e+01  7.2269716525e+05  1.0689996267e+01  2  1.6800000000e+01  3.9286141125e-13
-1.5425427387e+01  7.2313247817e+05  2.0409398405e+01  3  3.2200000000e+01  3.9309804930e-13
 5.9884219831e+00  7.2476101389e+05  4.3798390412e+00  0  8.7600000000e+00  3.9398332860e-13
 1.3190758546e+02  7.2676785022e+05  1.0462663245e+02  2  1.6800000000e+01  3.9507425380e-13
-5.6245427937e+01  7.2771225880e+05  1.9339203746e+01  0  8.7600000000e+00  3.9558763853e-13
-3.1057442023e-01  7.2777837237e+05 -1.8727799474e+00  1  1.2100000000e+01  3.9562357817e-13
-2.2443968697e+00  7.3026505108e+05  3.0408203129e+01  2  1.6800000000e+01  3.9697534783e-13
 2.9290409939e+01  7.3287653459e+05 -5.8529159397e+01  3  3.2200000000e+01  3.9839496195e-13
-1.7425278085e+01  7.3584994723e+05  1.1363382805e+01  1  1.2100000000e+01  4.0001132236e-13
 4.7411366240e-01  7.3639072531e+05 -2.6753654939e+00  0  8.7600000000e+00  4.0030529174e-13
-8.0072948401e+00  7.3657192836e+05  2.8979832189e+01  2  1.6800000000e+01  4.0040379453e-13
-2.8173845046e+00  7.3779930645e+05  1.3666348185e+01  0  8.7600000000e+00  4.0107100275e-13
 3.8238816922e+00  7.3861542207e+05 -3.5402359341e-01  1  1.2100000000e+01  4.0151464685e-13
 3.7901183141e+00  7.4018552270e+05 -3.4765973312e+00  1  1.2100000000e+01  4.0236816057e-13
-3.5425390782e+01  7.4487522217e+05  1.6345485243e+01  1  1.2100000000e+01  4.0491750218e-13
-7.4522737071e-01  7.5131978802e+05  1.4949616509e+00  1  1.2100000000e+01  4.0842079700e-13
-1.3220660483e+02  7.5167045920e+05 -1.3643631081e+02  2  1.6800000000e+01  4.0861142342e-13
-1.6634275064e+02  7.5413657997e+05  8.4482748235e+01  0  8.7600000000e+00  4.0995201770e-13
-6.2905612033e+01  7.5461390045e+05 -4.1698979798e-01  0  8.7600000000e+00  4.1021149125e-13
-2.3600566328e+00  7.5539858501e+05  2.5347336863e+00  0  8.7600000000e+00  4.1063804929e-13
-5.0482414734e+02  7.5622393945e+05  4.2872503575e+02  0  8.7600000000e+00  4.1108671565e-13
 1.6048517034e+00  7.5640985827e+05  3.4562771188e+00  0  8.7600000000e+00  4.1118778195e-13
-1.8480981550e+01  7.5694300200e+05 -5.4624909679e+00  1  1.2100000000e+01  4.1147760127e-13
-2.5658135328e+00  7.5830177015e+05  1.3276633650e+00  2  1.6800000000e+01  4.1221623371e-13
-4.1952832226e-03  7.5839588381e+05 -1.2512171414e-04  1  1.2100000000e+01  4.1226739432e-13
-2.7445148162e+00  7.5890429730e+05  1.0590890376e+01  1  1.2100000000e+01  4.1254377016e-13
-3.8262937421e+00  7.6320626618e+05  4.5025929539e+00  1  1.2100000000e+01  4.1488233969e-13
 1.1207449322e+02  7.6782508204e+05 -7.0845740845e+01  0  8.7600000000e+00  4.1739314865e-13
 8.4189429441e+00  7.6799343491e+05  7.9136305850e+00  0  8.7600000000e+00  4.1748466602e-13
-3.6316530855e+01  7.7804033248e+05 -2.2569489269e+00  0  8.7600000000e+00  4.2294620447e-13
 1.0574706894e+01  7.7869113893e+05  2.2554384485e+01  2  1.6800000000e+01  4.2329998577e-13
 3.0822683968e+00  7.7894288112e+05  2.0447966941e+01  2  1.6800000000e+01  4.2343683395e-13
-1.6505416499e+01  7.8193312031e+05  7.3264245781e+01  1  1.2100000000e+01  4.2506234135e-13
-2.5107662640e+00  7.8240116232e+05 -4.0178007297e+00  2  1.6800000000e+01  4.2531677108e-13
 1.4630200869e+00  7.8383191983e+05  4.7116854253e+00  2  1.6800000000e+01  4.2609453726e-13
-2.9206495490e-03  7.8815919308e+05  2.6430307038e-03  3  3.2200000000e+01  4.2844686235e-13
 3.4730458342e-01  7.9842604112e+05 -3.8877542736e+02  0  8.7600000000e+00  4.3402796687e-13
 1.5151247259e+01  7.9886105725e+05  1.8303922968e+01  1  1.2100000000e+01  4.3426444358e-13
 1.4170393191e-03  7.9962113790e+05 -3.8201632857e-03  2  1.6800000000e+01  4.3467762682e-13
 6.2442947950e+01  8.0156122087e+05  1.5330323683e+02  2  1.6800000000e+01  4.3573226460e-13
 4.3891652775e+01  8.0279891114e+05  7.2554810111e+01  2  1.6800000000e+01  4.3640507857e-13
-3.8300193895e+01  8.1381964771e+05 -3.8489379943e+00  1  1.2100000000e+01  4.4239600025e-13
-5.2751843003e+01  8.1425256926e+05 -8.7046689156e+01  0  8.7600000000e+00  4.4263133834e-13
-1.8169197623e+00  8.1439935119e+05 -4.5165641180e-01  0  8.7600000000e+00  4.4271112966e-13
-2.3053821321e+00  8.1447217088e+05  1.2703062473e+00  1  1.2100000000e+01  4.4275071477e-13
 1.5063953128e+01  8.1459070814e+05  5.1928089093e+00  0  8.7600000000e+00  4.4281515215e-13
-3.7702458606e+01  8.1559824302e+05  1.3469734299e+02  2  1.6800000000e+01  4.4336285262e-13
-1.5590313593e+01  8.1651920071e+05  5.0432557481e+01  0  8.7600000000e+00  4.4386348934e-13
 7.3287332158e+01  8.1770030594e+05  3.1853443555e+01  2  1.6800000000e+01  4.4450554342e-13
 4.5156565399e-03  8.1785712409e+05  4.6394668518e-03  1  1.2100000000e+01  4.4459079047e-13
-4.4806221032e-03  8.2092238118e+05  4.1843115861e-03  0  8.7600000000e+00  4.4625707794e-13
-4.2751732186e-03  8.2146812280e+05 -2.8362847296e-03  1  1.2100000000e+01  4.4655374552e-13
 1.0647549016e+00  8.2291233497e+05 -2.8342558787e+00  3  3.2200000000e+01  4.4733882572e-13
 1.2711130981e+01  8.2296156077e+05 -2.1888120169e+01  1  1.2100000000e+01  4.4736558508e-13
 1.1719590600e+02  8.2326656941e+05  8.4497039841e+01  1  1.2100000000e+01  4.4753138914e-13
-6.9013943748e+00  8.2486230709e+05 -1.1329707664e+00  1  1.2100000000e+01  4.4839883928e-13
 6.0021653917e+02  8.2523075726e+05 -1.7510633691e+02  0  8.7600000000e+00  4.4859913044e-13
-1.3671285582e+01  8.2703754292e+05  5.1909414658e+00  0  8.7600000000e+00  4.4958130721e-13
 1.3016943466e+01  8.3436076321e+05  2.0987603714e+01  0  8.7600000000e+00  4.5356224251e-13
 5.3491444763e-01  8.3820451323e+05  2.5045803520e+00  0  8.7600000000e+00  4.5565172221e-13
-4.9590626167e-01  8.3841566697e+05  1.7910019395e+00  0  8.7600000000e+00  4.5576650633e-13
-1.6368447133e+01  8.3940560296e+05 -1.8185576104e+01  0  8.7600000000e+00  4.5630463996e-13
-3.8668424966e+00  8.3953061433e+05  6.3840603936e+00  1  1.2100000000e+01  4.5637259670e-13
 3.7557930069e+00  8.3958126335e+05  7.3666575497e-01  3  3.2200000000e+01  4.5640012973e-13
-5.9389623609e-01  8.3969752627e+05  3.3675620685e+00  1  1.2100000000e+01  4.5646333077e-13
-1.6420733857e+00  8.4359492783e+05  2.3411224470e+00  2  1.6800000000e+01  4.5858197570e-13
-2.7810899688e+02  8.4472928976e+05  2.9429327678e+02  1  1.2100000000e+01  4.5919861991e-13
-5.1968413285e+01  8.4595677390e+05  7.7403997738e+00  1  1.2100000000e+01  4.5986588579e-13
-9.3402898479e+00  8.4878428547e+05  2.1668359963e+00  0  8.7600000000e+00  4.6140293372e-13
 5.6255001834e-04  8.5155709426e+05  4.7781582036e-03  1  1.2100000000e+01  4.6291024498e-13
-8.1021970508e-01  8.5340665200e+05  6.2856552507e-01  1  1.2100000000e+01  4.6391567284e-13
-2.8329734515e+01  8.5521175207e+05 -8.1763441371e+00  2  1.6800000000e+01  4.6489693331e-13
-6.4533541754e+01  8.5803488944e+05 -4.9623997362e+01  0  8.7600000000e+00  4.6643160341e-13
 4.1253965656e+01  8.6046467106e+05 -3.1272662771e+01  0  8.7600000000e+00  4.6775244357e-13
-3.4950721723e-03  8.6223424971e+05 -1.6779990712e-03  0  8.7600000000e+00  4.6871439444e-13
-2.4242477026e+01  8.6458429682e+05 -3.6848187511e+01  1  1.2100000000e+01  4.6999189055e-13
-3.2451208026e+00  8.7093589775e+05 -2.6811789087e+00  0  8.7600000000e+00  4.7344464923e-13
-4.4249369756e+02  8.7209657246e+05  3.2132880510e+02  0  8.7600000000e+00  4.7407559719e-13
-2.1303890073e-03  8.7665645771e+05  4.5519537244e-03  2  1.6800000000e+01  4.7655437120e-13
-2.8734748808e+00  8.7843713707e+05  1.7123795733e+00  1  1.2100000000e+01  4.7752235647e-13
 2.1971853147e+01  8.7857967116e+05  2.3471615700e+00  0  8.7600000000e+00  4.7759983864e-13
 1.1837833574e-01  8.7930918944e+05  6.8058847098e+00  0  8.7600000000e+00  4.7799640804e-13
 9.5295130808e+01  8.8008857242e+05  5.0507291352e+02  3  3.2200000000e+01  4.7842008411e-13
 2.0883786900e+01  8.8686262951e+05  1.8371139255e+00  0  8.7600000000e+00  4.8210249184e-13
-2.7971071690e+00  8.8754375615e+05 -4.6810081161e+01  0  8.7600000000e+00  4.8247275533e-13
 2.6793452884e+01  8.9001818725e+05  1.2313525289e+01  0  8.7600000000e+00  4.8381786714e-13
 4.6862456015e-03  8.9282699834e+05  1.7298240432e-03  2  1.6800000000e+01  4.8534474941e-13
-1.7351679130e+01  8.9322202292e+05 -2.9446926698e+01  0  8.7600000000e+00  4.8555948654e-13
-2.9352932082e+02  8.9827031956e+05 -8.0676896034e+01  1  1.2100000000e+01  4.8830376317e-13
 3.1526943800e-03  8.9840719190e+05 -2.6655556437e-03  2  1.6800000000e+01  4.8837816759e-13
-1.9103709721e+00  8.9924009025e+05  1.5808963137e+00  3  3.2200000000e+01  4.8883093486e-13
 8.8975441405e-01  9.0004995256e+05  5.1191067228e+00  3  3.2200000000e+01  4.8927117963e-13
 6.2964460842e-06  9.0083092405e+05 -4.1756306631e-03  3  3.2200000000e+01  4.8969571922e-13
-3.6137203538e+00  9.0234801583e+05  4.0624420061e+01  0  8.7600000000e+00  4.9052041710e-13
-6.6698792712e+01  9.0341846787e+05  4.0516456892e+01  0  8.7600000000e+00  4.9110231962e-13
 1.7544464449e-04  9.0383018902e+05 -1.3018600253e-03  3  3.2200000000e+01  4.9132613308e-13
 1.4985687718e+00  9.0410510255e+05 -1.6622417334e+00  2  1.6800000000e+01  4.9147557730e-13
-8.3401195337e-01  9.0520132462e+05  5.3701702941e+00  0  8.7600000000e+00  4.9207148852e-13
-1.5940764628e+01  9.1048951565e+05 -4.9437334000e+00  2  1.6800000000e+01  4.9494617281e-13
-2.7158684165e+01  9.1206866358e+05 -3.4689637147e+01  0  8.7600000000e+00  4.9580460470e-13
-3.6144510161e-04  9.1343993622e+05 -4.8078227927e-03  0  8.7600000000e+00  4.9655003463e-13
-8.4220249666e-01  9.1520006926e+05  1.5173985791e+00  0  8.7600000000e+00  4.9750685083e-13
 1.2971589496e+01  9.1682767292e+05 -9.6509935066e+00  2  1.6800000000e+01  4.9839162346e-13
-1.5259566149e+01  9.1988699760e+05  1.3895718932e+01  1  1.2100000000e+01  5.0005468603e-13
 6.4740332647e+01  9.2083984651e+05  8.2188873163e+01  1  1.2100000000e+01  5.0057265897e-13
-7.2788674574e+00  9.2091862318e+05  5.4686936312e+01  2  1.6800000000e+01  5.0061548231e-13
 4.9223230686e-03  9.2131248986e+05 -5.1618658263e-04  2  1.6800000000e+01  5.0082959000e-13
-8.7777373550e+01  9.2400477083e+05  6.3943116537e+00  1  1.2100000000e+01  5.0229312598e-13
-8.3244096716e+01  9.2773103016e+05 -3.3850927854e+01  1  1.2100000000e+01  5.0431873721e-13
-2.0272755094e+01  9.2809655095e+05  8.8705807071e+00  2  1.6800000000e+01  5.0451743595e-13
 2.7012873895e+01  9.3013643781e+05  1.4793670304e+01  0  8.7600000000e+00  5.0562632757e-13
-1.1542964281e+02  9.3014915063e+05  3.5442339100e+02  0  8.7600000000e+00  5.0563323832e-13
 4.4521057277e-03  9.3104633568e+05 -3.4590341609e-03  3  3.2200000000e+01  5.0612095212e-13
-2.4396278177e+01  9.3421892774e+05  4.9183770403e+00  1  1.2100000000e+01  5.0784558736e-13
 4.3820393176e+00  9.3596785602e+05 -1.0468192888e+01  0  8.7600000000e+00  5.0879631259e-13
 3.5102866069e+00  9.3657677619e+05  2.3252763300e+00  2  1.6800000000e+01  5.0912732432e-13
 1.1774206988e+00  9.3981930980e+05 -8.5906776606e-01  1  1.2100000000e+01  5.1088998009e-13
 9.6453638033e+01  9.4007518219e+05 -4.8846774377e+01  2  1.6800000000e+01  5.1102907347e-13
 4.0128573398e-03  9.4029028232e+05  4.0933102970e-03  3  3.2200000000e+01  5.1114600286e-13
-3.7338375713e-03  9.4085236707e+05 -4.6080614578e-03  3  3.2200000000e+01  5.1145155465e-13
-6.7226263617e+00  9.4106634590e+05 -2.6583949787e-01  1  1.2100000000e+01  5.1156787450e-13
-1.4079332477e+01  9.4305117475e+05 -4.7375897189e+00  2  1.6800000000e+01  5.1264683633e-13
-1.2490778892e+02  9.4430408980e+05  2.5084525027e+02  1  1.2100000000e+01  5.1332792656e-13
-1.0373985523e+01  9.4483731254e+05 -3.0213726398e+01  3  3.2200000000e+01  5.1361778882e-13
 1.0747632946e+00  9.4690470575e+05 -1.1757306727e+00  1  1.2100000000e+01  5.1474163302e-13
 1.3401490846e+01  9.4715707718e+05  6.9416530134e+00  0  8.7600000000e+00  5.1487882326e-13
 2.9809024983e+01  9.4832847436e+05 -4.3380510242e+01  0  8.7600000000e+00  5.1551560000e-13
-4.0043497686e+00  9.5132381299e+05  2.7331465380e+00  1  1.2100000000e+01  5.1714387948e-13
 2.3110787279e-03  9.5267831984e+05  2.3001790733e-03  0  8.7600000000e+00  5.1788019546e-13
 2.0824728638e+02  9.5368589330e+05  3.1108607986e+02  1  1.2100000000e+01  5.1842791690e-13
-4.7981194972e+01  9.5469948811e+05 -1.4961651041e+00  0  8.7600000000e+00  5.1897891157e-13
 1.2331981143e+02  9.5942450939e+05  7.4410778943e+01  2  1.6800000000e+01  5.2154745427e-13
 1.7804492939e+01  9.6128975132e+05  2.4874662223e+01  0  8.7600000000e+00  5.2256140813e-13
-2.9190486102e-01  9.6135536006e+05  2.5047262359e+00  1  1.2100000000e+01  5.2259707333e-13
-8.9031569934e-04  9.6169434545e+05 -3.5359588072e-03  3  3.2200000000e+01  5.2278134731e-13
 2.4724201780e+02  9.6176366046e+05  2.4959511406e+01  0  8.7600000000e+00  5.2281902726e-13
 1.3011017286e+02  9.6193705271e+05  5.1913089112e+01  2  1.6800000000e+01  5.2291328406e-13
-4.4776413775e+01  9.6455643340e+05  1.0513105240e+01  1  1.2100000000e+01  5.2433719112e-13
 1.7445839857e+01  9.6490651414e+05 -2.2362174600e+01  0  8.7600000000e+00  5.2452749657e-13
 6.9328287294e+00  9.6495451816e+05  1.1478555409e+01  0  8.7600000000e+00  5.2455359177e-13
 3.5740393029e+00  9.6612210831e+05  8.7425028147e+00  0  8.7600000000e+00  5.2518829900e-13
-2.9214042563e+00  9.6745723259e+05  1.1008110753e+01  1  1.2100000000e+01  5.2591407853e-13
-2.9640807591e+01  9.6793575713e+05  5.2606418167e+01  2  1.6800000000e+01  5.2617420661e-13
-3.1224778654e-01  9.6824208855e+05  2.3555300431e+00  2  1.6800000000e+01  5.2634072974e-13
-1.1107111924e+01  9.6869300596e+05 -1.0374161286e+01  1  1.2100000000e+01  5.2658585046e-13
 6.3233439747e+00  9.7096708417e+05  2.4260690622e+01  0  8.7600000000e+00  5.2782204954e-13
 2.8167332251e+01  9.7100182198e+05 -3.0502108171e+00  1  1.2100000000e+01  5.2784093317e-13
 1.6030473855e+02  9.7126384548e+05  1.1356910587e+02  0  8.7600000000e+00  5.2798337032e-13
-2.2929918269e+01  9.7400933325e+05  1.2370678674e+01  0  8.7600000000e+00  5.2947582975e-13
-3.6937291027e+01  9.7811571267e+05 -4.3853669895e+00  2  1.6800000000e+01  5.3170807597e-13
 4.1495100911e+00  9.7899621129e+05 -6.9449115937e-01  2  1.6800000000e+01  5.3218671896e-13
 9.0173372651e+00  9.7961021873e+05 -1.9771283104e+01  3  3.2200000000e+01  5.3252049615e-13
-3.2404103706e+01  9.8023682014e+05 -3.9829174998e+00  2  1.6800000000e+01  5.3286111948e-13
 1.1403268232e-03  9.8085338373e+05 -4.5270829273e-03  3  3.2200000000e+01  5.3319628620e-13
 3.3172407878e-03  9.8108190434e+05  2.8659208528e-03  0  8.7600000000e+00  5.3332051103e-13
-2.9381009068e+01  9.8251763287e+05  1.1737129674e+01  0  8.7600000000e+00  5.3410097948e-13
 3.1834216040e+00  9.8320899833e+05 -1.5129768675e+02  0  8.7600000000e+00  5.3447680883e-13
-2.4682268675e-03  9.8381752305e+05 -3.4889617416e-03  3  3.2200000000e+01  5.3480760559e-13
 6.3773571937e-01  9.8438469732e+05  8.4727233049e-01  1  1.2100000000e+01  5.3511592406e-13
 1.0200096695e-03  9.8783543367e+05  3.3025150273e-03  1  1.2100000000e+01  5.3699175978e-13
 1.3913268073e+01  9.9188405331e+05  9.8088024506e+01  0  8.7600000000e+00  5.3919260752e-13
-4.6299369399e-03  9.9218721317e+05  4.6498516992e-03  2  1.6800000000e+01  5.3935740658e-13
-1.7264799143e+00  9.9261516883e+05 -3.7954552724e+00  1  1.2100000000e+01  5.3959004519e-13
 4.0057843906e+00  9.9325886820e+05  1.0368919785e+01  0  8.7600000000e+00  5.3993996304e-13
-7.0182715620e+01  9.9463761202e+05 -2.9736319880e-01  1  1.2100000000e+01  5.4068945435e-13
-2.8712232802e-01  9.9508551226e+05  5.5192592334e+00  0  8.7600000000e+00  5.4093293492e-13
 1.7744728109e-01  9.9595411288e+05  4.1144653635e-01  2  1.6800000000e+01  5.4140511011e-13
 3.0360824244e+02  9.9626335513e+05 -3.2718630800e+02  0  8.7600000000e+00  5.4157321557e-13
-5.0558376572e+00  9.9717215599e+05 -1.1939712839e+01  0  8.7600000000e+00  5.4206724379e-13
 1.9601017608e+01  9.9759392027e+05 -2.3512663361e+00  0  8.7600000000e+00  5.4229651674e-13
-2.8534155707e+00  1.0010245825e+06 -4.8805062141e+00  1  1.2100000000e+01  5.4416144007e-13