 x                 y                 z               Event            Energy              Time
 5.4548565091e-04  7.8746350349e+01 -2.0226651742e-03  2  1.6800000000e+01  5.1846311977e-17
 3.9085092044e+00  4.4718713389e+02 -1.8339191215e+00  1  1.2100000000e+01  2.9442638996e-16
-1.7895316144e+00  1.2926546067e+03 -1.0584411034e+00  3  3.2200000000e+01  8.5107911312e-16
-4.9335831636e-03  2.4371886716e+03  1.2677689485e-03  3  3.2200000000e+01  1.6046361978e-15
 3.3299417961e+00  3.8410297598e+03  3.9415336556e+00  0  8.7600000000e+00  2.5289200878e-15
 1.3966093803e+01  4.8268615308e+03  3.2487286296e+00  1  1.2100000000e+01  3.1779881567e-15
 2.3363497063e+01  5.1799459339e+03 -1.1649162986e+01  1  1.2100000000e+01  3.4104576494e-15
-2.4037236580e+00  6.9488993896e+03 -3.5686958077e+00  2  1.6800000000e+01  4.5751302003e-15
-1.7407127386e+00  9.6229017273e+03  1.0891532644e+01  0  8.7600000000e+00  6.3356836586e-15
 6.2453886267e+01  1.0371265542e+04 -3.6602759722e+01  1  1.2100000000e+01  6.8284036848e-15
-3.5840644302e-01  1.1340376101e+04 -1.0023342625e+00  0  8.7600000000e+00  7.4664625686e-15
-1.9794692370e+00  1.1437697223e+04  1.2751215173e-01  0  8.7600000000e+00  7.5305384426e-15
 9.6069146366e+00  1.3513862466e+04  8.1853063793e+00  2  1.6800000000e+01  8.8974781219e-15
 6.1535673937e-01  1.3765557047e+04 -1.3166755770e+00  0  8.7600000000e+00  9.0631929231e-15
-1.7946413190e+00  1.4124374188e+04  7.6036654011e-01  3  3.2200000000e+01  9.2994368299e-15
 3.1309709328e+01  1.4572387410e+04  6.4195154022e+00  0  8.7600000000e+00  9.5944071128e-15
-4.2168852139e+01  1.5133148430e+04  1.0464532194e+01  0  8.7600000000e+00  9.9636101382e-15
 1.0945645360e+02  1.5512070845e+04 -5.5938337310e+02  1  1.2100000000e+01  1.0213091284e-14
-2.6072831720e-03  1.5855849228e+04 -6.0827205219e-04  1  1.2100000000e+01  1.0439433728e-14
-3.7761448972e+00  1.7211864858e+04 -5.7511308545e-01  1  1.2100000000e+01  1.1332229509e-14
-4.2689188501e+00  1.8617107658e+04 -3.8142752647e+00  1  1.2100000000e+01  1.2257436281e-14
-7.2984066302e+00  1.8931522213e+04 -2.4298077780e+00  1  1.2100000000e+01  1.2464445685e-14
 9.5504632681e+00  2.0604437167e+04  7.1864791326e+00  0  8.7600000000e+00  1.3565886835e-14
 1.4723047032e+02  2.1036077232e+04  1.1473713225e+02  0  8.7600000000e+00  1.3850077091e-14
 1.2074496456e+01  2.4361052525e+04  7.2099625947e-01  0  8.7600000000e+00  1.6039228786e-14
-2.6107788689e+01  2.5099357389e+04  6.0517957306e+00  1  1.2100000000e+01  1.6525326035e-14
-2.8300202683e+00  2.5774777531e+04 -5.4707122677e-01  1  1.2100000000e+01  1.6970020211e-14
 1.1038333200e+00  2.7052930484e+04 -9.1727763693e+01  0  8.7600000000e+00  1.7811551489e-14
 2.9080660108e+00  2.7763798647e+04  4.2684201634e+01  0  8.7600000000e+00  1.8279584513e-14
 1.0477452188e+01  2.7910391609e+04  1.1928695841e+01  0  8.7600000000e+00  1.8376100789e-14
-3.2283811170e-03  3.0922401842e+04  5.9856690261e-04  2  1.6800000000e+01  2.0359197422e-14
 1.8599982458e+01  3.1967931809e+04 -8.6448068457e+01  0  8.7600000000e+00  2.1047570567e-14
 1.3074562520e+00  3.5907091416e+04  8.7653348304e-01  0  8.7600000000e+00  2.3641098990e-14
 1.1393224127e-04  3.7643105681e+04  4.8591790767e-03  3  3.2200000000e+01  2.4784084498e-14
 5.9792090731e+00  3.8574340479e+04 -1.2990586357e+01  1  1.2100000000e+01  2.5397206117e-14
-9.5867042221e+01  3.9925396962e+04  7.0445071737e+01  1  1.2100000000e+01  2.6286736814e-14
 2.4357981014e+01  4.2137706513e+04 -4.4534805863e+01  1  1.2100000000e+01  2.7743313413e-14
-9.6766178109e+00  4.2245579327e+04 -2.7378190593e+00  2  1.6800000000e+01  2.7814336483e-14
-1.1427458036e+01  4.5029433494e+04 -1.0623944736e+02  3  3.2200000000e+01  2.9647215988e-14
-9.9043945136e-01  4.5077108813e+04  4.3742230961e-01  1  1.2100000000e+01  2.9678605246e-14
 1.2078614415e+01  4.6157921502e+04 -2.3964347756e+01  3  3.2200000000e+01  3.0390208407e-14
 5.8659151852e+01  4.6579420056e+04 -6.1188413165e+00  2  1.6800000000e+01  3.0667721529e-14
-1.7772583555e-03  4.7941394549e+04 -3.8118143351e-04  4  4.0000000000e+01  3.1564440605e-14
-2.5814669697e+00  5.1463741013e+04  3.9060932385e-01  1  1.2100000000e+01  3.3883540764e-14
 3.6199112991e+00  5.2098327892e+04 -1.0582703051e+01  2  1.6800000000e+01  3.4301350467e-14
 2.1656374836e+02  5.2135351996e+04 -3.1505735199e+02  0  8.7600000000e+00  3.4325727004e-14
 2.4946270967e+01  5.2552957469e+04  3.1889949247e+00  1  1.2100000000e+01  3.4600676935e-14
-4.7641936226e+01  5.2562660401e+04  1.3900015934e+02  2  1.6800000000e+01  3.4607065311e-14
 3.4836470189e-03  5.3517714130e+04 -3.4455341070e-04  1  1.2100000000e+01  3.5235869228e-14
 3.7065524813e+01  5.5862923565e+04 -1.0545372013e+02  2  1.6800000000e+01  3.6779946629e-14
-6.2851405894e+01  5.6416564795e+04 -4.5797669021e+01  2  1.6800000000e+01  3.7144462011e-14
-1.5153751329e+00  5.6711217068e+04 -2.3086533497e+00  2  1.6800000000e+01  3.7338460001e-14
 6.2414359135e+00  5.6789544717e+04 -2.6082446951e+00  1  1.2100000000e+01  3.7390030642e-14
-9.0917366366e-04  5.9259270833e+04 -4.8176518897e-04  3  3.2200000000e+01  3.9016089375e-14
-1.9055865619e+01  5.9329213414e+04 -6.7086128993e+00  0  8.7600000000e+00  3.9062139317e-14
-5.3728588566e-01  6.0894422650e+04 -3.2576678195e-01  1  1.2100000000e+01  4.0092667411e-14
-1.0566289239e+01  6.0910481428e+04 -2.8995979165e+01  2  1.6800000000e+01  4.0103240452e-14
 2.9724690355e-03  6.3382386079e+04 -1.7129199611e-03  3  3.2200000000e+01  4.1730733525e-14
 9.0828446217e+01  6.3820118601e+04 -3.4558409153e+01  2  1.6800000000e+01  4.2018935033e-14
 3.7370114867e+01  6.3933062395e+04  2.5165819444e+01  2  1.6800000000e+01  4.2093296818e-14
-1.0298306865e+01  6.4611004018e+04 -2.1582506401e+00  2  1.6800000000e+01  4.2539651128e-14
-2.6687992685e+00  6.4991365256e+04  3.9343580403e+00  2  1.6800000000e+01  4.2790079590e-14
 4.0039928876e+01  6.5233713865e+04  1.2914077657e+01  0  8.7600000000e+00  4.2949641037e-14
 5.3479052663e+01  6.5580991591e+04  7.4161833213e+01  0  8.7600000000e+00  4.3178287435e-14
 5.6752313147e+02  6.6338970115e+04  9.0463791766e+01  0  8.7600000000e+00  4.3677337751e-14
-3.6261268365e+02  6.6412348631e+04 -1.4367414576e+02  0  8.7600000000e+00  4.3725649900e-14
 9.5421443505e-04  6.6579619109e+04 -2.5179901242e-03  3  3.2200000000e+01  4.3835780177e-14
-7.1551684019e+00  6.6718955362e+04  3.1796657813e+00  0  8.7600000000e+00  4.3927518661e-14
-7.4992642232e+00  6.6735000776e+04 -8.4486880562e-01  3  3.2200000000e+01  4.3938082904e-14
 6.4671373787e+00  6.8374336746e+04  9.5734932576e+00  0  8.7600000000e+00  4.5017415771e-14
-3.9146268666e+01  7.1577726090e+04 -5.5241276127e+00  0  8.7600000000e+00  4.7126515718e-14
 4.5535258823e+01  7.1675057402e+04  3.8038574551e+01  0  8.7600000000e+00  4.7190598302e-14
-1.0942121792e+02  7.6873403987e+04  2.5977965768e+01  1  1.2100000000e+01  5.0613170873e-14
 1.3998278190e-04  7.7785192467e+04  2.6906154573e-03  3  3.2200000000e+01  5.1213489108e-14
-1.7534052850e+00  8.0395632431e+04  1.1560806878e+00  0  8.7600000000e+00  5.2932193329e-14
 5.5353387343e+02  8.3258031590e+04 -7.0890277416e+01  1  1.2100000000e+01  5.4816786572e-14
-1.4731502507e+02  8.4745792525e+04 -6.1204294314e+01  2  1.6800000000e+01  5.5796322985e-14
 3.2294043020e+00  8.4757842698e+04  1.9290006304e+00  2  1.6800000000e+01  5.5804256776e-14
-2.5174770600e+01  8.5222972753e+04 -1.0960121811e+01  1  1.2100000000e+01  5.6110496720e-14
 2.4755037576e+01  8.5877764275e+04  6.6956166078e+00  0  8.7600000000e+00  5.6541609087e-14
 2.7819147635e+01  8.8434949357e+04 -2.3798549617e+01  0  8.7600000000e+00  5.8225250487e-14
-5.4648272600e+01  9.1047477417e+04 -3.3504490571e+01  3  3.2200000000e+01  5.9945329504e-14
 1.5635275957e+02  9.1412665016e+04 -5.0946909355e+00  0  8.7600000000e+00  6.0185767697e-14
 1.7901655886e+01  9.5322804852e+04 -8.5323468657e+00  1  1.2100000000e+01  6.2760189609e-14
 1.9906559239e+00  9.6203977990e+04 -2.0274347456e+00  0  8.7600000000e+00  6.3340350812e-14
 5.5881522514e+00  9.6883122837e+04  4.1056660132e+01  1  1.2100000000e+01  6.3787497321e-14
 4.0340177626e-02  9.8785460664e+04 -2.6056203243e+00  0  8.7600000000e+00  6.5039989659e-14
 1.1739914893e-03  9.9808438821e+04  1.2749607518e-03  0  8.7600000000e+00  6.5713514774e-14
-1.0488093984e+00  1.0152963578e+05 -4.8959969207e+00  0  8.7600000000e+00  6.6846744621e-14
 1.7327403873e+00  1.0176201492e+05  1.4974221013e+00  2  1.6800000000e+01  6.6999742205e-14
 1.4560132274e+00  1.0327540493e+05 -1.4397870237e-01  2  1.6800000000e+01  6.7996152711e-14
 4.4871234700e+00  1.0447211988e+05  1.2112783538e+01  0  8.7600000000e+00  6.8784065499e-14
 2.2335209516e+02  1.0447845015e+05  2.3258387189e+01  0  8.7600000000e+00  6.8788233323e-14
-1.5169797715e+01  1.0472187062e+05  5.5507964708e+01  2  1.6800000000e+01  6.8948500479e-14
 2.5979280823e+01  1.0592097582e+05  3.9068639900e-01  0  8.7600000000e+00  6.9737987002e-14
 4.7678457407e+00  1.0593200657e+05  1.3204883823e+01  0  8.7600000000e+00  6.9745249613e-14
 7.5327511827e+00  1.0649855851e+05 -1.4781960233e+00  1  1.2100000000e+01  7.0118265355e-14
 2.4838175785e+00  1.0778699461e+05 -1.3621143715e+00  2  1.6800000000e+01  7.0966567022e-14
-1.7346449461e-03  1.1001751405e+05 -4.1776083127e-03  4  4.0000000000e+01  7.2435132944e-14
-8.9996536305e+00  1.1016556453e+05  9.6930658238e+00  1  1.2100000000e+01  7.2532608841e-14
-3.4761103187e+01  1.1229912078e+05  3.4454559450e+00  2  1.6800000000e+01  7.3937334556e-14
 6.8124540148e+01  1.1263683054e+05 -9.4488292260e+01  0  8.7600000000e+00  7.4159681440e-14
-7.7066357313e+00  1.1430874006e+05 -6.2110394923e+00  0  8.7600000000e+00  7.5260460616e-14
 1.4584717133e+02  1.1486773718e+05  1.0097435558e+01  1  1.2100000000e+01  7.5628502291e-14
-3.0629108092e-03  1.1497090366e+05  1.6580295920e-03  1  1.2100000000e+01  7.5696426733e-14
-8.0720029866e-01  1.1670704236e+05 -2.6433730045e+00  1  1.2100000000e+01  7.6839494162e-14
-8.4635796721e+00  1.1902836549e+05  5.5743137116e+01  0  8.7600000000e+00  7.8367844910e-14
 4.3075693009e+00  1.2567874089e+05 -3.2263063608e+01  1  1.2100000000e+01  8.2746427998e-14
-2.4749734684e+00  1.2654960443e+05 -1.7423106152e-01  1  1.2100000000e+01  8.3319801395e-14
-3.4966477419e-03  1.2689647410e+05  1.8414022759e-03  0  8.7600000000e+00  8.3548179129e-14
-2.5594870840e+02  1.2850974158e+05 -2.9576731143e+00  0  8.7600000000e+00  8.4610348604e-14
-5.3436782887e+02  1.2913443287e+05  2.9437540436e+01  0  8.7600000000e+00  8.5021643083e-14
-6.9948860947e+01  1.2934958008e+05  6.8752531890e+01  3  3.2200000000e+01  8.5163295232e-14
 2.1778804858e+01  1.2990496058e+05  8.0180571396e+00  1  1.2100000000e+01  8.5528955739e-14
-2.6674605555e+00  1.3069612701e+05  1.6208449201e+00  1  1.2100000000e+01  8.6049856850e-14
 3.6704972150e+00  1.3140147453e+05  1.0210152334e+01  1  1.2100000000e+01  8.6514255104e-14
 1.7206901851e+02  1.3185399581e+05 -2.5734389169e+02  0  8.7600000000e+00  8.6812193478e-14
-4.5793170490e+01  1.3259927309e+05 -1.8886254753e+01  0  8.7600000000e+00  8.7302881344e-14
-7.1067332143e+02  1.3380771234e+05 -1.3608363283e+02  0  8.7600000000e+00  8.8098513366e-14
 2.1862063219e+01  1.3416146307e+05 -1.0464261901e+01  1  1.2100000000e+01  8.8331421571e-14
-7.6238194243e-01  1.3868956868e+05  2.1337955502e+00  0  8.7600000000e+00  9.1312709912e-14
-1.5519492917e-03  1.4010040571e+05 -3.6117463925e-03  0  8.7600000000e+00  9.2241599899e-14
 1.5340713493e+00  1.4353789186e+05  2.3010718107e+00  0  8.7600000000e+00  9.4504828340e-14
-1.6743950449e-01  1.4378869341e+05 -2.9348146641e+00  0  8.7600000000e+00  9.4669955169e-14
-2.6216187084e-03  1.4380189403e+05 -1.5456324055e-03  0  8.7600000000e+00  9.4678646413e-14
-2.4483527023e+00  1.4445077088e+05 -6.3538727807e-01  1  1.2100000000e+01  9.5105864580e-14
-1.1365029460e+02  1.4487303693e+05 -3.2091152847e+02  0  8.7600000000e+00  9.5383883019e-14
-1.3064346019e+00  1.4680818048e+05 -2.1676143055e+00  0  8.7600000000e+00  9.6657974525e-14
 2.5561614230e-03  1.4722026249e+05  1.4050364804e-03  1  1.2100000000e+01  9.6929287828e-14
 6.9130125387e+00  1.4820516533e+05 -5.1493506110e+01  0  8.7600000000e+00  9.7577744296e-14
 4.4481253202e-03  1.4845271671e+05 -3.5774289880e-04  1  1.2100000000e+01  9.7740731223e-14
-3.4401374917e+01  1.4987873508e+05  2.6613686803e+01  1  1.2100000000e+01  9.8679616555e-14
-3.8675411017e+01  1.4990715699e+05 -7.8514318646e+00  1  1.2100000000e+01  9.8698329442e-14
 1.5951983804e+01  1.5578786813e+05 -4.2747825692e+01  0  8.7600000000e+00  1.0257016836e-13
-5.3919892723e+01  1.5612293940e+05 -9.0537906945e+01  1  1.2100000000e+01  1.0279077808e-13
-4.5248843912e+00  1.5617887802e+05  4.0299217205e+00  1  1.2100000000e+01  1.0282760786e-13
-3.7315685966e+00  1.5675125541e+05  2.5418140850e+00  1  1.2100000000e+01  1.0320445906e-13
-5.3515282858e+00  1.5829439476e+05 -5.1638774439e+01  2  1.6800000000e+01  1.0422045643e-13
-2.5849001052e-03  1.5831090190e+05 -4.4160677397e-03  0  8.7600000000e+00  1.0423132466e-13
-8.5050074656e-04  1.5871621997e+05 -4.3660474426e-03  0  8.7600000000e+00  1.0449818461e-13
-3.7328350801e+00  1.5929712318e+05  5.4932087363e+00  0  8.7600000000e+00  1.0488064918e-13
-1.5936770251e-04  1.5951606034e+05  1.5070239159e-03  1  1.2100000000e+01  1.0502479662e-13
-3.5767338203e+00  1.6180363290e+05 -1.5400205446e-01  0  8.7600000000e+00  1.0653092611e-13
 2.9365170867e+00  1.6182822950e+05 -5.3971686720e+00  1  1.2100000000e+01  1.0654712042e-13
-1.4490457282e-03  1.6549286351e+05 -4.1115533510e-03  2  1.6800000000e+01  1.0895990219e-13
 4.0588783136e+00  1.6727195672e+05  1.9117166799e-01  0  8.7600000000e+00  1.1013125071e-13
-2.8771699396e-03  1.6734539552e+05  3.4048246026e-03  0  8.7600000000e+00  1.1017960255e-13
 4.8870960017e-03  1.6741238825e+05 -2.5774991920e-03  2  1.6800000000e+01  1.1022371032e-13
-1.5710409530e+02  1.6984936621e+05  1.0243251032e+02  1  1.2100000000e+01  1.1182820779e-13
 3.7801815407e+01  1.7088391678e+05 -2.3884900239e+01  0  8.7600000000e+00  1.1250935214e-13
 4.0579094051e-01  1.7152233672e+05  7.7621065942e+00  1  1.2100000000e+01  1.1292968552e-13
-2.8920134077e-05  1.7200407551e+05  3.9393065632e-03  1  1.2100000000e+01  1.1324686060e-13
 2.1744027749e+01  1.7220324264e+05  1.2269127755e+02  1  1.2100000000e+01  1.1337799151e-13
 4.0557631437e+00  1.7266405445e+05 -2.1346895204e+00  3  3.2200000000e+01  1.1368138834e-13
 7.4281685034e+00  1.7362342074e+05  1.3617316764e+01  0  8.7600000000e+00  1.1431303163e-13
-1.0025118590e+00  1.7740297048e+05  2.5012596710e-01  0  8.7600000000e+00  1.1680147350e-13
-6.4404833894e+01  1.7745860179e+05  1.2006471557e+02  1  1.2100000000e+01  1.1683810095e-13
 2.5462112267e+02  1.7751252602e+05 -6.1456701415e+01  0  8.7600000000e+00  1.1687360447e-13
 1.3714429402e+02  1.7769761247e+05 -6.4932631417e+01  2  1.6800000000e+01  1.1699546471e-13
 2.9256836053e+01  1.7973733299e+05 -1.4892893982e+01  0  8.7600000000e+00  1.1833840932e-13
 5.5696020546e-01  1.8023067016e+05 -1.1700272312e+00  0  8.7600000000e+00  1.1866322073e-13
 4.6293297782e+00  1.8024025076e+05 -1.7561578502e+01  2  1.6800000000e+01  1.1866952856e-13
 2.5145974288e+00  1.8091414743e+05  3.2238490435e+00  1  1.2100000000e+01  1.1911321969e-13
-1.1307261846e+01  1.8138668046e+05  1.1198022545e+01  2  1.6800000000e+01  1.1942433372e-13
-4.6992256967e-01  1.8140316741e+05 -3.1034404515e+01  1  1.2100000000e+01  1.1943518867e-13
-8.7687735892e+01  1.8244059639e+05 -3.1801805423e+01  0  8.7600000000e+00  1.2011822816e-13
 1.0904141470e+01  1.8284888335e+05  4.2182251324e+01  1  1.2100000000e+01  1.2038704281e-13
 2.1332536851e+01  1.8384818281e+05  7.3467655900e+00  1  1.2100000000e+01  1.2104497796e-13
-7.4338180587e+00  1.8416995015e+05 -6.2770396664e+00  0  8.7600000000e+00  1.2125682841e-13
-2.7232766789e+00  1.8490667255e+05  7.3257693483e+00  0  8.7600000000e+00  1.2174188377e-13
 1.8545429077e+02  1.8542755563e+05 -7.1267996021e-01  0  8.7600000000e+00  1.2208483131e-13
-2.9260562566e+00  1.8691278874e+05  1.1406882125e+00  0  8.7600000000e+00  1.2306270341e-13
-1.6783906259e+00  1.8997570035e+05  5.6637554644e+00  3  3.2200000000e+01  1.2507931332e-13
 5.1889242713e+00  1.9078944394e+05  3.7081837121e+00  2  1.6800000000e+01  1.2561507916e-13
-1.5967403866e+02  1.9184143035e+05  1.5611301939e+01  2  1.6800000000e+01  1.2630770320e-13
 9.6453095046e+00  1.9214159601e+05  6.0577349824e+00  2  1.6800000000e+01  1.2650533118e-13
-3.7554518388e+01  1.9291444412e+05 -3.6287636740e+01  0  8.7600000000e+00  1.2701417158e-13
-2.0745922332e-03  1.9317152497e+05  2.3283365310e-03  2  1.6800000000e+01  1.2718343268e-13
-1.1011806442e+02  1.9433061773e+05  7.2602324032e+01  3  3.2200000000e+01  1.2794657516e-13
 2.1022508855e+00  1.9454470517e+05  3.1216592583e+00  1  1.2100000000e+01  1.2808752955e-13
-1.0436316075e+02  1.9665427090e+05 -1.4740503062e+02  2  1.6800000000e+01  1.2947645999e-13
-8.1798924418e+00  1.9686639961e+05 -2.4174361476e+01  1  1.2100000000e+01  1.2961612477e-13
 4.2529161046e+01  1.9710822773e+05  1.8623929658e+01  0  8.7600000000e+00  1.2977534353e-13
-8.7433889272e+00  1.9822895316e+05  7.0306167840e+00  0  8.7600000000e+00  1.3051322509e-13
 3.2062378165e+00  2.0035698840e+05  2.0383984847e+01  1  1.2100000000e+01  1.3191431579e-13
 8.6866477844e+01  2.0111633818e+05  4.4457010649e+00  1  1.2100000000e+01  1.3241426894e-13
 2.8235895166e+01  2.0328834885e+05  8.5902740331e+01  3  3.2200000000e+01  1.3384431290e-13
-2.7818021306e+02  2.0490055328e+05  2.2119444724e+02  1  1.2100000000e+01  1.3490578246e-13
 3.6482815478e+01  2.0507273968e+05 -6.9569278499e+00  2  1.6800000000e+01  1.3501914936e-13
 9.4305082835e+01  2.0579572188e+05  9.6503002298e+01  0  8.7600000000e+00  1.3549515822e-13
 3.4541891665e+00  2.0599127548e+05 -1.4530613517e+00  0  8.7600000000e+00  1.3562391001e-13
 3.1314014788e+00  2.0644507635e+05  3.7774022298e+00  1  1.2100000000e+01  1.3592269086e-13
 7.5723514468e+01  2.0836047225e+05  7.8206806986e+00  2  1.6800000000e+01  1.3718378058e-13
 3.2134966133e+00  2.0902835129e+05 -3.7027674794e-01  2  1.6800000000e+01  1.3762350973e-13
 6.2600681901e+00  2.1401746539e+05  1.2511956546e+00  0  8.7600000000e+00  1.4090832439e-13
 1.4402847857e+00  2.1619782102e+05  1.0485628584e-02  1  1.2100000000e+01  1.4234386264e-13
 9.5685499649e+01  2.1675114653e+05 -4.8684502008e+01  2  1.6800000000e+01  1.4270817015e-13
-1.0407489088e+00  2.1773422928e+05 -8.7011353650e+00  0  8.7600000000e+00  1.4335542827e-13
 2.9025471717e+00  2.1840682862e+05 -5.0466278858e+00  3  3.2200000000e+01  1.4379826524e-13
 2.3520762414e-03  2.2010936534e+05  1.3453899633e-03  3  3.2200000000e+01  1.4491920926e-13
 3.5721745725e+00  2.2145015458e+05 -3.8490564023e+00  0  8.7600000000e+00  1.4580198004e-13
-4.2723838160e+00  2.2280434237e+05 -7.8926624974e+01  0  8.7600000000e+00  1.4669357238e-13
-6.3414357198e-01  2.2292284897e+05 -4.1144092631e-01  1  1.2100000000e+01  1.4677159669e-13
-1.7823140408e+01  2.2390290827e+05 -9.0223424574e+01  2  1.6800000000e+01  1.4741686419e-13
 1.8786068420e+00  2.2406253190e+05  3.7159158781e+00  0  8.7600000000e+00  1.4752195981e-13
 3.4608939289e+01  2.3090072614e+05  1.1072971274e+03  0  8.7600000000e+00  1.5202420214e-13
 1.9691129899e-03  2.3178067525e+05  4.8820219887e-03  3  3.2200000000e+01  1.5260355745e-13
 5.0220049905e+00  2.3204224606e+05 -9.2212899082e+00  0  8.7600000000e+00  1.5277577472e-13
 2.1653997918e+01  2.3283534113e+05  1.1761821899e+01  3  3.2200000000e+01  1.5329794565e-13
 1.7828211152e+01  2.3508999960e+05 -1.1886274714e+01  1  1.2100000000e+01  1.5478240462e-13
 3.4190089090e+00  2.3548683331e+05 -2.4627858172e+00  0  8.7600000000e+00  1.5504367849e-13
 5.8307992589e+01  2.3680564556e+05  1.2403920959e+01  0  8.7600000000e+00  1.5591197971e-13
-8.6962884767e+01  2.3915218514e+05  2.9738989338e+01  1  1.2100000000e+01  1.5745693287e-13
 6.0762173959e+01  2.4003012637e+05  2.1694552126e+01  3  3.2200000000e+01  1.5803496620e-13
 2.1435638644e-03  2.4056988593e+05 -3.1221318050e-03  0  8.7600000000e+00  1.5839034194e-13
 1.8758398678e+00  2.4126277839e+05 -3.9549411655e+01  0  8.7600000000e+00  1.5884653983e-13
-3.6692465091e-03  2.4222102806e+05  9.7392237092e-04  3  3.2200000000e+01  1.5947744794e-13
-4.6096227067e+00  2.4269348170e+05  8.0212292012e+00  1  1.2100000000e+01  1.5978850970e-13
-1.6186464903e+02  2.4277055222e+05  2.5142522017e+01  0  8.7600000000e+00  1.5983925266e-13
 7.5838857490e+01  2.4335857837e+05  6.2212151599e+01  1  1.2100000000e+01  1.6022640694e-13
 7.4011278797e-01  2.4389176355e+05  7.7744250136e+00  1  1.2100000000e+01  1.6057745414e-13
 8.0006605909e+01  2.4645810227e+05  1.8125576229e+02  2  1.6800000000e+01  1.6226712226e-13
-1.2582428189e+01  2.4774079292e+05  1.6360698040e+02  0  8.7600000000e+00  1.6311164114e-13
 3.1733631656e+00  2.4983549581e+05  8.0109024988e-01  1  1.2100000000e+01  1.6449078594e-13
-4.8699952908e-01  2.5077157458e+05 -9.7528571099e-01  1  1.2100000000e+01  1.6510709681e-13
-3.1365058509e+02  2.5271092269e+05  1.9677223111e+02  0  8.7600000000e+00  1.6638395658e-13
-1.9925178716e+00  2.5353324055e+05 -8.1723789731e-01  3  3.2200000000e+01  1.6692536769e-13
 6.2578414617e+00  2.5450261450e+05  1.8574875326e+01  1  1.2100000000e+01  1.6756359999e-13
-3.6182014856e+02  2.5468869855e+05  5.5480187938e+01  1  1.2100000000e+01  1.6768611705e-13
-1.2867119332e-03  2.5532443782e+05  4.2325382909e-03  3  3.2200000000e+01  1.6810468548e-13
 8.1456129431e-01  2.5608861271e+05 -5.1478096440e+00  0  8.7600000000e+00  1.6860781546e-13
 5.2238992940e+00  2.5635465662e+05  1.9432855296e+01  1  1.2100000000e+01  1.6878297782e-13
 1.6372330820e+01  2.5644830532e+05  1.3588162952e+00  2  1.6800000000e+01  1.6884463578e-13
-2.9242579513e+00  2.5701311433e+05  3.4113084311e+00  0  8.7600000000e+00  1.6921650399e-13
-3.7289449148e-03  2.5891193116e+05 -2.3771822859e-03  3  3.2200000000e+01  1.7046667811e-13
 2.2472392810e+02  2.6008849842e+05  2.7768980206e+02  3  3.2200000000e+01  1.7124132574e-13
 1.1208129442e+02  2.6478365927e+05 -1.7207894825e+01  1  1.2100000000e+01  1.7433260264e-13
-3.3026798388e-03  2.6502166939e+05  1.8599500679e-03  1  1.2100000000e+01  1.7448930765e-13
 1.9561696423e+00  2.6610500170e+05  2.3498057953e+00  1  1.2100000000e+01  1.7520256971e-13
 1.1014692961e+01  2.6683876767e+05  1.0314303485e+01  0  8.7600000000e+00  1.7568567858e-13
-3.6219113801e+02  2.6733664775e+05  3.7912182074e+02  0  8.7600000000e+00  1.7601348101e-13
-2.3488467007e+01  2.6869513208e+05  6.0238167214e+01  3  3.2200000000e+01  1.7690790218e-13
 3.2639746778e+01  2.6992327762e+05 -9.2961575202e+00  2  1.6800000000e+01  1.7771650876e-13
-4.7987535836e+00  2.7061588143e+05  3.2901313643e+00  2  1.6800000000e+01  1.7817251660e-13
 2.7558797852e+01  2.7091723521e+05  1.1838157033e+00  2  1.6800000000e+01  1.7837092683e-13
-1.1815871396e+00  2.7239294358e+05 -3.8875916133e+00  0  8.7600000000e+00  1.7934252789e-13
 1.5682967142e+00  2.7591087342e+05  2.2664471429e+00  1  1.2100000000e+01  1.8165872015e-13
-5.2722538889e+00  2.7750131375e+05  7.8153455577e+00  0  8.7600000000e+00  1.8270586031e-13
 1.7495949526e+01  2.7750427809e+05 -2.4723366712e+00  0  8.7600000000e+00  1.8270781202e-13
 5.1685414539e+01  2.7793167203e+05 -1.0524056186e+02  0  8.7600000000e+00  1.8298920664e-13
-4.9109708070e+01  2.7848127880e+05  5.5842546992e+01  0  8.7600000000e+00  1.8335106575e-13
 6.1948059036e+00  2.7869608334e+05 -2.3301300780e+00  1  1.2100000000e+01  1.8349249228e-13
-3.4783452238e+01  2.7997739480e+05  8.6966730859e+01  1  1.2100000000e+01  1.8433610311e-13
 1.1677998289e+00  2.8111582804e+05 -1.3160806080e+00  1  1.2100000000e+01  1.8508564343e-13
-2.6000849279e+01  2.8126063845e+05  1.0208478177e+02  1  1.2100000000e+01  1.8518098608e-13
 2.2241779887e+01  2.8158072089e+05  1.4488142948e+01  0  8.7600000000e+00  1.8539172720e-13
 5.4486182258e+00  2.8347911156e+05  2.7340148546e+00  0  8.7600000000e+00  1.8664162075e-13
 2.2281564147e+01  2.8390640871e+05 -3.3039658153e+01  0  8.7600000000e+00  1.8692295164e-13
-7.1165310310e+01  2.8493246883e+05 -3.0328220858e+02  0  8.7600000000e+00  1.8759850591e-13
 1.8079078998e-04  2.8693765368e+05 -1.4491928864e-03  0  8.7600000000e+00  1.8891871236e-13
-5.4851480801e+01  2.8812730563e+05  7.0605058595e+00  3  3.2200000000e+01  1.8970197489e-13
 3.4151574357e-03  2.8816159253e+05 -1.4489789430e-03  1  1.2100000000e+01  1.8972454926e-13
-2.5531156328e+00  2.8982549545e+05  1.0738196950e+01  1  1.2100000000e+01  1.9082005692e-13
-9.0760255453e+00  2.8994105878e+05  6.7489568710e+00  1  1.2100000000e+01  1.9089614340e-13
-2.9890954718e-03  2.9023949635e+05  2.2724055533e-03  2  1.6800000000e+01  1.9109263362e-13
-3.3365554315e+00  2.9086689980e+05 -6.2390481150e+00  2  1.6800000000e+01  1.9150571378e-13
-2.5834740322e+00  2.9088978196e+05 -1.1864180803e+01  1  1.2100000000e+01  1.9152077931e-13
 2.3201338143e-03  2.9197351117e+05  4.4890164628e-03  1  1.2100000000e+01  1.9223430269e-13
-3.1003095387e-03  2.9251522296e+05  3.0975830406e-03  4  4.0000000000e+01  1.9259096378e-13
 8.9611778815e+01  2.9277207966e+05 -1.7627823374e+01  1  1.2100000000e+01  1.9276007730e-13
 1.3061437057e+02  2.9298986861e+05  1.1995431712e+01  0  8.7600000000e+00  1.9290346875e-13
-3.0807579351e+00  3.0030518719e+05  4.2067054050e+00  2  1.6800000000e+01  1.9771984803e-13
-1.5380449697e+01  3.0048785009e+05  1.9670670740e+01  0  8.7600000000e+00  1.9784011261e-13
 5.5365606012e+00  3.0061708316e+05  5.7587911138e+00  3  3.2200000000e+01  1.9792519920e-13
-1.4026282919e+00  3.0107857627e+05 -1.8948921951e+00  1  1.2100000000e+01  1.9822904459e-13
-6.6202462125e+00  3.0537355095e+05 -3.6520338023e+01  3  3.2200000000e+01  2.0105684038e-13
-5.0565009638e+01  3.0540834897e+05  4.0589320137e+01  0  8.7600000000e+00  2.0107975126e-13
-3.2805368611e+00  3.0620446129e+05 -9.6234459066e+00  1  1.2100000000e+01  2.0160390873e-13
 1.4683684964e+01  3.0734000680e+05  3.7241162057e+01  1  1.2100000000e+01  2.0235154779e-13
 1.0361503961e+00  3.0746749734e+05  3.2913696983e+00  0  8.7600000000e+00  2.0243548709e-13
-6.8758386965e+00  3.0933063193e+05  1.5298569544e+01  1  1.2100000000e+01  2.0366216817e-13
-6.2032348201e+00  3.0953519962e+05  1.5147135029e+00  2  1.6800000000e+01  2.0379685479e-13
-2.9297830254e+01  3.1123105957e+05  4.0387480408e+01  0  8.7600000000e+00  2.0491340285e-13
-1.9669228352e+00  3.1300762306e+05  1.2758697703e+01  1  1.2100000000e+01  2.0608308581e-13
 1.0781640448e-03  3.1357135716e+05  7.0310102110e-04  1  1.2100000000e+01  2.0645424630e-13
-6.3257135852e+00  3.1442828486e+05  2.4524191226e+00  2  1.6800000000e+01  2.0701844440e-13
-2.9811383821e-03  3.1525790541e+05 -3.9927879251e-03  3  3.2200000000e+01  2.0756466356e-13
-8.4146646547e-01  3.1602102933e+05  1.5937543934e+00  1  1.2100000000e+01  2.0806710159e-13
-2.1026645519e+00  3.1779199508e+05  5.0558878093e+00  0  8.7600000000e+00  2.0923309903e-13
 3.8551267837e+01  3.2187759331e+05 -5.2458267324e+01  0  8.7600000000e+00  2.1192304211e-13
-1.4458147570e+02  3.2278888497e+05  1.1678473896e+02  0  8.7600000000e+00  2.1252303324e-13
-1.3294055007e+00  3.2288102420e+05 -6.7938654570e+00  0  8.7600000000e+00  2.1258369738e-13
 2.3399312384e+01  3.2387399964e+05 -3.1625763157e+01  2  1.6800000000e+01  2.1323746881e-13
 3.2133435589e-03  3.2505980658e+05 -3.3348050240e-03  1  1.2100000000e+01  2.1401819981e-13
 7.5205077527e+00  3.2560715839e+05  3.9426658802e+00  0  8.7600000000e+00  2.1437857426e-13
-3.0910758864e+02  3.2572147080e+05 -1.3378900768e+02  2  1.6800000000e+01  2.1445383713e-13
 1.8155611039e+02  3.2729570804e+05 -1.9434453107e+01  0  8.7600000000e+00  2.1549030924e-13
-1.2963470484e+01  3.2735285917e+05 -3.1544254005e+01  2  1.6800000000e+01  2.1552793733e-13
 1.9319614242e-03  3.2881607208e+05  4.7565571287e-04  3  3.2200000000e+01  2.1649131141e-13
-3.5152909913e+01  3.2975571680e+05 -2.9451223966e+01  0  8.7600000000e+00  2.1710997010e-13
 1.0491224079e+01  3.3101945795e+05  2.5396489983e-01  2  1.6800000000e+01  2.1794201269e-13
 3.9720285228e+01  3.3102500659e+05 -7.2364883306e+00  2  1.6800000000e+01  2.1794566590e-13
 8.1635786118e+01  3.3170186532e+05  5.6037602046e+01  0  8.7600000000e+00  2.1839130724e-13
-6.6801418097e+00  3.3388500925e+05  1.1044286841e+01  0  8.7600000000e+00  2.1982868130e-13
 4.5134125511e+01  3.3432889787e+05  7.3248104704e+01  0  8.7600000000e+00  2.2012093595e-13
-7.5174990339e+00  3.3449665496e+05  1.3515315167e+01  3  3.2200000000e+01  2.2023138662e-13
-2.8728267844e+00  3.3510193811e+05 -5.0980029848e+00  1  1.2100000000e+01  2.2062990285e-13
 1.0941885387e+00  3.3610924961e+05 -1.6377445294e+00  0  8.7600000000e+00  2.2129311310e-13
-3.6224618592e+01  3.3811176821e+05 -5.9323322316e+00  0  8.7600000000e+00  2.2261156409e-13
 4.3455662808e-03  3.3816811548e+05 -4.0675183800e-03  2  1.6800000000e+01  2.2264866293e-13
 2.1715005770e+01  3.3870520970e+05 -1.8859908535e+01  2  1.6800000000e+01  2.2300228382e-13
-2.7814132710e-03  3.3911907214e+05  2.7871544695e-03  1  1.2100000000e+01  2.2327476935e-13
-4.1864873727e+01  3.4051460440e+05 -1.0849004969e+02  0  8.7600000000e+00  2.2419358274e-13
 3.7051695579e-03  3.4249368051e+05  2.7847599973e-03  1  1.2100000000e+01  2.2549659929e-13
-5.6286433369e+01  3.4425481977e+05 -3.9327989131e+01  2  1.6800000000e+01  2.2665612700e-13
 4.8587039843e+01  3.4476877647e+05 -2.3661325767e+01  0  8.7600000000e+00  2.2699451423e-13
 3.4612744527e-03  3.4559489289e+05  3.6397269036e-03  2  1.6800000000e+01  2.2753842629e-13
 2.8900685943e-03  3.4721569544e+05  3.3828646542e-03  3  3.2200000000e+01  2.2860555682e-13
-2.6577392574e+01  3.4843840001e+05  2.9302524389e+01  1  1.2100000000e+01  2.2941058109e-13
 2.9994169053e+01  3.5022347291e+05 -3.0506825570e+01  3  3.2200000000e+01  2.3058586662e-13
-1.2363442722e+01  3.5103685463e+05  2.1356894182e+01  1  1.2100000000e+01  2.3112139420e-13
 8.6552747231e+00  3.5439098852e+05  1.5188641477e-01  1  1.2100000000e+01  2.3332974381e-13
 1.6709870857e+00  3.5766841222e+05  3.9697204636e-01  0  8.7600000000e+00  2.3548758770e-13
-5.4863686631e+00  3.5837601311e+05 -9.0072664272e+00  0  8.7600000000e+00  2.3595346957e-13
 3.2737643441e+02  3.5872542696e+05 -6.3875948948e+02  1  1.2100000000e+01  2.3618352238e-13
-2.1268272677e+00  3.5872951416e+05 -2.0968281378e+01  2  1.6800000000e+01  2.3618621338e-13
 6.5256018855e+01  3.5934841886e+05 -1.2466404962e+01  0  8.7600000000e+00  2.3659369800e-13
 2.8788856563e+00  3.5964815568e+05  1.4812236232e+01  0  8.7600000000e+00  2.3679104363e-13
-3.7238202042e+01  3.5993546343e+05  2.9932692494e+01  2  1.6800000000e+01  2.3698020601e-13
 2.6739765222e+02  3.6117983428e+05  2.0513681667e+01  0  8.7600000000e+00  2.3779949528e-13
-1.4584789372e+02  3.6136680457e+05 -1.2512546820e+02  3  3.2200000000e+01  2.3792259584e-13
-7.4066723851e+01  3.6676698701e+05 -3.9207706373e+01  0  8.7600000000e+00  2.4147805641e-13
-4.1937561469e-03  3.6789116625e+05 -4.4595611559e-03  1  1.2100000000e+01  2.4221821195e-13
-5.1097260644e+01  3.6964821599e+05  1.3201255266e+02  1  1.2100000000e+01  2.4337504713e-13
-2.2433961355e+01  3.7167020311e+05  3.6229752422e+00  0  8.7600000000e+00  2.4470631614e-13
-2.4056421697e+00  3.7175389000e+05 -1.2998513517e+00  1  1.2100000000e+01  2.4476141528e-13
 7.6325820763e+01  3.7187456472e+05 -7.5671073657e+01  1  1.2100000000e+01  2.4484086708e-13
-1.8443464939e-03  3.7232777084e+05  2.0684774299e-03  3  3.2200000000e+01  2.4513925635e-13
 5.0153742511e+02  3.7299308273e+05  4.9371749820e+01  0  8.7600000000e+00  2.4557729529e-13
 4.9001651210e-03  3.7339046825e+05 -2.9248109404e-03  3  3.2200000000e+01  2.4583893248e-13
 2.7025252896e-03  3.7377343524e+05  1.3425421511e-03  0  8.7600000000e+00  2.4609107656e-13
-1.1663485281e+00  3.7583951887e+05 -1.6191338742e+01  3  3.2200000000e+01  2.4745137854e-13
 9.9340138215e+00  3.7723642634e+05  2.7165986490e+00  1  1.2100000000e+01  2.4837109736e-13
-1.2905165772e+02  3.7730143986e+05  3.5886077706e+01  1  1.2100000000e+01  2.4841390202e-13
 6.2384554589e+01  3.8187522265e+05  6.1027815331e+01  2  1.6800000000e+01  2.5142526406e-13
-1.0518179583e+01  3.8552311453e+05  3.1319368387e+00  1  1.2100000000e+01  2.5382702286e-13
 1.5736191256e+02  3.8584777283e+05  8.7640470956e+01  1  1.2100000000e+01  2.5404077671e-13
 7.7595926281e+01  3.8886283826e+05 -2.2738947700e+01  1  1.2100000000e+01  2.5602588487e-13
-1.1999041956e+01  3.8906992522e+05 -3.0154782561e+00  2  1.6800000000e+01  2.5616223018e-13
 8.2747920454e+00  3.9050060053e+05 -2.9621600125e+00  0  8.7600000000e+00  2.5710418162e-13
-2.4226803078e+00  3.9236672498e+05 -5.7903161499e+00  3  3.2200000000e+01  2.5833283121e-13
 1.1716990171e+01  3.9398877775e+05 -2.8910075339e+02  0  8.7600000000e+00  2.5940078488e-13
 9.7861766047e-01  3.9602890746e+05 -8.9542378207e-01  1  1.2100000000e+01  2.6074399889e-13
-1.1177938722e+02  3.9751170422e+05  4.9040475442e+02  0  8.7600000000e+00  2.6172026691e-13
-2.3391622445e+01  3.9790101585e+05 -9.4061331477e+00  2  1.6800000000e+01  2.6197658828e-13
 4.1059343559e-03  3.9792239480e+05 -1.5612800031e-03  2  1.6800000000e+01  2.6199066410e-13
 2.8993973206e+01  4.0307500839e+05  4.6757626030e+01  1  1.2100000000e+01  2.6538312624e-13
-1.0299762296e+02  4.0548301279e+05 -5.2211604763e+01  0  8.7600000000e+00  2.6696854762e-13
-1.1323524693e+02  4.0585969729e+05  1.6702267946e+01  2  1.6800000000e+01  2.6721655532e-13
 1.0087982972e+02  4.0599133978e+05  4.1357115834e+01  1  1.2100000000e+01  2.6730322826e-13
 5.8958058825e+00  4.0705585879e+05 -3.9207271279e+00  0  8.7600000000e+00  2.6800410372e-13
-3.0629188233e+01  4.0841419498e+05 -1.5236476150e+01  1  1.2100000000e+01  2.6889842736e-13
-2.1280126677e+00  4.0867622918e+05 -7.5815093025e+00  0  8.7600000000e+00  2.6907094973e-13
 8.2171128339e+01  4.0952317063e+05  5.1820058585e+00  1  1.2100000000e+01  2.6962857291e-13
-4.3000389605e+01  4.0961041526e+05 -3.5490656820e+01  0  8.7600000000e+00  2.6968601446e-13
-7.0342639279e+01  4.0981555900e+05  7.6040990632e+00  2  1.6800000000e+01  2.6982108035e-13
-8.0384785150e+01  4.1107679106e+05 -9.9560902972e+01  1  1.2100000000e+01  2.7065147098e-13
 5.7026842712e+02  4.1120786180e+05  9.5519222555e+01  0  8.7600000000e+00  2.7073776748e-13
 4.9320789786e+00  4.1215307929e+05  5.3401067597e+00  2  1.6800000000e+01  2.7136009525e-13
-7.8937718034e-01  4.1278399617e+05  8.6365584143e+00  0  8.7600000000e+00  2.7177548864e-13
 6.4657898106e+01  4.1382631265e+05  1.3576374816e+01  0  8.7600000000e+00  2.7246174604e-13
 5.2816534799e+00  4.1479652176e+05  5.6953798618e+00  0  8.7600000000e+00  2.7310052820e-13
-1.9476900461e+02  4.1481012341e+05  2.5806335236e+02  0  8.7600000000e+00  2.7310948348e-13
-4.3301174670e-04  4.1632112163e+05  2.3715731908e-03  1  1.2100000000e+01  2.7410431923e-13
-2.3248946349e+02  4.1718478280e+05  1.0583611982e+02  2  1.6800000000e+01  2.7467295062e-13
 5.7552488765e+02  4.1808052403e+05 -2.8357579809e+02  0  8.7600000000e+00  2.7526270340e-13
 2.5752302879e+02  4.1861040492e+05  1.0294310477e+02  1  1.2100000000e+01  2.7561157507e-13
 1.3660823166e+00  4.1922558618e+05 -2.2630471831e-01  0  8.7600000000e+00  2.7601660818e-13
 1.1366175258e+00  4.1977319643e+05 -4.0212343272e+00  2  1.6800000000e+01  2.7637715278e-13
 1.8787325532e+01  4.2026910328e+05  8.6196631670e+00  1  1.2100000000e+01  2.7670365606e-13
 1.2540722732e+01  4.2115691242e+05  3.6341106655e+01  0  8.7600000000e+00  2.7728818639e-13
-9.6938149350e-04  4.2124133139e+05 -2.3947612883e-03  3  3.2200000000e+01  2.7734376753e-13
 1.1783975082e+01  4.2190496975e+05 -8.7506680199e+01  2  1.6800000000e+01  2.7778070462e-13
-4.5423458863e+00  4.2517153083e+05  1.7256172219e+01  2  1.6800000000e+01  2.7993139661e-13
-2.1142698173e+00  4.2625426610e+05 -3.2471245068e+00  3  3.2200000000e+01  2.8064426560e-13
-7.6907095465e+01  4.2746998832e+05 -2.1333547977e+02  1  1.2100000000e+01  2.8144469270e-13
 1.6571357860e+00  4.2887910128e+05 -1.0327956544e-01  0  8.7600000000e+00  2.8237244758e-13
-4.4603375093e+02  4.3016983606e+05 -2.8699833637e+01  0  8.7600000000e+00  2.8322226268e-13
 1.9689584677e+01  4.3096898967e+05 -8.6696814575e+01  2  1.6800000000e+01  2.8374842252e-13
 1.1050564310e+01  4.3259218065e+05 -3.1527446986e+01  1  1.2100000000e+01  2.8481712559e-13
-4.6922723151e+02  4.3272040146e+05  1.4265322120e+02  2  1.6800000000e+01  2.8490154570e-13
-2.1816419120e+01  4.3562465698e+05  5.5384711022e+01  0  8.7600000000e+00  2.8681369703e-13
 1.1331929957e+01  4.3579878443e+05 -1.4837638210e+01  2  1.6800000000e+01  2.8692834191e-13
 1.2470282690e-03  4.3616734300e+05 -1.1958831065e-03  0  8.7600000000e+00  2.8717099953e-13
 7.9262852473e-04  4.3816408451e+05  1.7076151104e-03  3  3.2200000000e+01  2.8848564692e-13
-2.3679485795e+00  4.3827509886e+05  1.8629545655e+00  0  8.7600000000e+00  2.8855873836e-13
-1.4769786712e+01  4.3992301621e+05  9.3163238059e+01  1  1.2100000000e+01  2.8964372118e-13
-4.0572014605e+00  4.4121652897e+05  2.2969422445e+00  1  1.2100000000e+01  2.9049536530e-13
 6.2969565807e+00  4.4409073366e+05 -2.5091022326e+01  2  1.6800000000e+01  2.9238773126e-13
-1.3689506776e+01  4.4556196679e+05  2.6838444092e+01  0  8.7600000000e+00  2.9335638583e-13
 1.1162846270e+01  4.4658928138e+05  1.6298002803e+01  2  1.6800000000e+01  2.9403276603e-13
-1.1283914797e-04  4.4904117083e+05  3.5124401229e-03  3  3.2200000000e+01  2.9564708117e-13
-4.0279584392e+01  4.5153095437e+05  2.3986657485e+01  1  1.2100000000e+01  2.9728634564e-13
 8.5597841821e+00  4.5248907025e+05  1.8107794705e+01  1  1.2100000000e+01  2.9791716567e-13
-3.6224321003e+00  4.5408598144e+05 -1.2888857567e+00  1  1.2100000000e+01  2.9896856621e-13
-2.6937535646e+00  4.5417027619e+05  3.9947100018e+00  2  1.6800000000e+01  2.9902406557e-13
 1.0829858852e+00  4.5593613302e+05 -1.0173505107e+00  1  1.2100000000e+01  3.0018669931e-13
-2.7095108459e+00  4.5724291114e+05  4.1302579744e+00  0  8.7600000000e+00  3.0104707730e-13
 2.4102738861e+02  4.5968423533e+05 -1.0483840113e+02  0  8.7600000000e+00  3.0265443631e-13
 2.5549169320e-02  4.5979342511e+05  2.1525264248e+01  1  1.2100000000e+01  3.0272632646e-13
 4.9871371496e+02  4.6017006278e+05 -6.2269064948e+01  0  8.7600000000e+00  3.0297430334e-13
-1.1875721731e+01  4.6031085024e+05 -4.2279909455e-01  1  1.2100000000e+01  3.0306699729e-13
 4.7680531599e+00  4.6114489362e+05  4.2326789171e+00  1  1.2100000000e+01  3.0361612843e-13
-4.4886172766e+01  4.6323426742e+05 -5.4845671558e+01  0  8.7600000000e+00  3.0499176458e-13
-3.6308106564e+01  4.6340925693e+05 -1.4419651641e+02  0  8.7600000000e+00  3.0510697704e-13
 4.1114825260e-01  4.6357703115e+05 -1.3658931253e+00  1  1.2100000000e+01  3.0521743898e-13
-4.6946696139e+01  4.6446897374e+05  4.9569792698e+01  1  1.2100000000e+01  3.0580469075e-13
 1.7483905023e+01  4.6570400711e+05  2.0581484895e+02  0  8.7600000000e+00  3.0661783225e-13
-1.3970901036e+00  4.6724449614e+05 -5.4771868974e+01  0  8.7600000000e+00  3.0763208465e-13
 3.5811456240e-03  4.6741940915e+05 -1.6854979455e-03  1  1.2100000000e+01  3.0774724675e-13
-1.0176988366e+00  4.6748865057e+05 -3.2255252343e-02  1  1.2100000000e+01  3.0779283504e-13
 6.7311577938e-01  4.6887560223e+05 -5.6106331673e-02  2  1.6800000000e+01  3.0870599899e-13
-2.4138147630e+01  4.7339309427e+05 -3.5153664718e+01  0  8.7600000000e+00  3.1168029940e-13
 1.7786812268e+01  4.7563560157e+05  1.6208722970e+01  1  1.2100000000e+01  3.1315675809e-13
-6.6998296163e+00  4.7585922798e+05  7.8179098630e+00  0  8.7600000000e+00  3.1330399291e-13
-2.7563315213e+00  4.7614334076e+05  1.8032044537e+00  2  1.6800000000e+01  3.1349105173e-13
-3.6302885726e+01  4.7963126708e+05  8.5772180258e+00  1  1.2100000000e+01  3.1578748979e-13
 2.7253534394e+02  4.8179775319e+05  1.2425552463e+02  0  8.7600000000e+00  3.1721389640e-13
-9.0383301699e+00  4.8264838502e+05 -3.2869883929e+00  3  3.2200000000e+01  3.1777394932e-13
-2.6778163603e+00  4.8433237242e+05  4.0470742926e+00  0  8.7600000000e+00  3.1888268053e-13
-3.4936075742e+00  4.8553473607e+05  2.1747680622e+01  1  1.2100000000e+01  3.1967431240e-13
 2.2756951353e+00  4.8560930313e+05 -2.2561596791e+00  0  8.7600000000e+00  3.1972340708e-13
-4.4887053020e+00  4.8821392353e+05 -8.0389543023e+00  0  8.7600000000e+00  3.2143827973e-13
 1.3650054202e+01  4.8825282149e+05 -4.4415432709e+01  0  8.7600000000e+00  3.2146389000e-13
 8.2677446905e+00  4.8831473927e+05 -2.9222990523e+01  1  1.2100000000e+01  3.2150465645e-13
-5.9889466770e-01  4.8859207439e+05 -2.7342468639e+00  0  8.7600000000e+00  3.2168725288e-13
 7.2962060193e+01  4.9267388294e+05 -2.0086485827e+02  1  1.2100000000e+01  3.2437470085e-13
-1.2530717732e+01  4.9287115447e+05  1.1693084318e+01  0  8.7600000000e+00  3.2450458372e-13
 1.8360300860e-03  4.9324424617e+05 -1.8423452633e-03  3  3.2200000000e+01  3.2475022594e-13
 1.6424567302e+00  4.9460376972e+05  1.1232991609e+01  1  1.2100000000e+01  3.2564533133e-13
-4.2968397771e-03  4.9480342639e+05  3.0138670737e-03  1  1.2100000000e+01  3.2577678455e-13
 1.3105621221e+01  4.9510198475e+05 -7.0137594794e+00  0  8.7600000000e+00  3.2597335430e-13
 3.3102681750e+00  4.9553427555e+05 -4.9553957862e-01  2  1.6800000000e+01  3.2625797299e-13
 2.0693124245e+00  4.9645103346e+05 -9.0823545809e+00  0  8.7600000000e+00  3.2686156308e-13
 7.0700351419e+01  4.9757170595e+05 -1.4499720051e+01  1  1.2100000000e+01  3.2759940979e-13
-4.3294238368e+01  4.9803826495e+05 -3.5285103574e+01  0  8.7600000000e+00  3.2790659055e-13
-7.4216595202e+00  4.9813874230e+05 -3.1129500952e+01  0  8.7600000000e+00  3.2797274447e-13
-8.2442553148e+00  4.9826514292e+05  6.6890758886e+00  1  1.2100000000e+01  3.2805596619e-13
 2.6801459204e+01  4.9956594475e+05 -4.1091738030e+01  0  8.7600000000e+00  3.2891240940e-13
 4.9268892076e+00  4.9968542702e+05 -1.2693958518e+01  2  1.6800000000e+01  3.2899107610e-13
 4.1319200673e+00  5.0104054410e+05  3.3238473443e+00  0  8.7600000000e+00  3.2988328027e-13
-1.8590765052e+02  5.0180033116e+05  2.6358125309e+01  2  1.6800000000e+01  3.3038352132e-13
-3.4248830856e-01  5.0293778297e+05  8.4140189306e+00  2  1.6800000000e+01  3.3113241547e-13
 7.0223863157e-01  5.0413943577e+05  2.0250796266e+00  0  8.7600000000e+00  3.3192357933e-13
-4.2917215671e+00  5.0456867456e+05  3.8078823490e+00  1  1.2100000000e+01  3.3220618859e-13
-2.3803339195e+01  5.0576985302e+05  1.2091376610e+01  1  1.2100000000e+01  3.3299704015e-13
-3.6179997771e+00  5.0725578089e+05  6.5182288996e+00  1  1.2100000000e+01  3.3397536967e-13
 1.7968687366e+02  5.0861770725e+05  1.2961818216e+02  0  8.7600000000e+00  3.3487205706e-13
-1.3405698292e+02  5.1234567804e+05  9.9526128038e+01  1  1.2100000000e+01  3.3732653953e-13
 1.3087131211e+00  5.1320585718e+05 -8.1895650679e+00  1  1.2100000000e+01  3.3789287836e-13
 3.1981934336e+02  5.1469924602e+05  1.0433107245e+02  1  1.2100000000e+01  3.3887612016e-13
 4.0639076564e-03  5.1839144511e+05  2.0959808245e-03  2  1.6800000000e+01  3.4130705068e-13
 1.8443179736e+01  5.2203981087e+05  3.2262926677e+00  1  1.2100000000e+01  3.4370912149e-13
-7.6893569971e+00  5.2284293783e+05  1.9410024742e+00  1  1.2100000000e+01  3.4423789737e-13
-3.8901605811e+01  5.2325877862e+05 -2.6088656335e+01  0  8.7600000000e+00  3.4451168544e-13
-4.1349660333e+00  5.2327430019e+05 -2.6122536466e+01  2  1.6800000000e+01  3.4452190479e-13
-1.9494040593e+01  5.2330145966e+05 -5.9257742314e+00  1  1.2100000000e+01  3.4453978648e-13
-4.1605271751e+00  5.2468829226e+05 -1.1436843508e+01  0  8.7600000000e+00  3.4545287205e-13
-5.2280430522e+01  5.2691231914e+05 -6.6588592478e+00  2  1.6800000000e+01  3.4691716329e-13
-2.8502829363e-03  5.2913171942e+05 -4.7053101797e-03  3  3.2200000000e+01  3.4837840840e-13
 6.0142245783e+01  5.2959927902e+05 -1.7243252082e+01  2  1.6800000000e+01  3.4868624795e-13
 6.9181547233e+00  5.3071050416e+05 -1.7400562191e+01  1  1.2100000000e+01  3.4941787456e-13
-2.3458014301e+02  5.3102142738e+05 -1.3663881060e+02  0  8.7600000000e+00  3.4962258528e-13
-2.1481904654e-03  5.3121823220e+05 -4.6371512905e-03  2  1.6800000000e+01  3.4975216086e-13
-4.1433928359e+00  5.3139864626e+05  2.1657272521e+00  1  1.2100000000e+01  3.4987094483e-13
 1.1395850635e+00  5.3153108361e+05 -1.3173122666e+00  1  1.2100000000e+01  3.4995814110e-13
-1.5546117250e+00  5.3271461364e+05 -7.4273634456e+01  0  8.7600000000e+00  3.5073737298e-13
 1.0233179751e+01  5.4009938747e+05  5.3121032013e-01  2  1.6800000000e+01  3.5559948134e-13
-2.8005882655e+00  5.4042782156e+05 -7.8424066629e+01  3  3.2200000000e+01  3.5581572115e-13
 6.7785407609e+01  5.4535326155e+05 -2.4976711316e+02  0  8.7600000000e+00  3.5905861301e-13
-1.3233290746e+02  5.4553245528e+05 -9.9836300657e+01  3  3.2200000000e+01  3.5917659352e-13
-3.7988156876e+01  5.4813036455e+05 -6.8423955363e+01  0  8.7600000000e+00  3.6088704757e-13
 2.4341732357e+01  5.4960697871e+05 -6.4058482883e+00  2  1.6800000000e+01  3.6185924499e-13
-1.6488592181e+02  5.5026755009e+05  1.0676317550e+02  1  1.2100000000e+01  3.6229416279e-13
-1.5384748464e+00  5.5098092608e+05 -5.2281733781e+00  1  1.2100000000e+01  3.6276384697e-13
-2.9132443333e+01  5.5161302396e+05  1.1043597799e+01  0  8.7600000000e+00  3.6318001792e-13
 6.6533366998e-01  5.5476916735e+05 -2.9295786306e-01  1  1.2100000000e+01  3.6525801130e-13
 3.4832868305e+02  5.5523290846e+05  2.0355415901e+02  1  1.2100000000e+01  3.6556333677e-13
 2.5092564517e+02  5.5676379077e+05 -4.4142893071e+02  0  8.7600000000e+00  3.6657126414e-13
-6.0354522668e+01  5.5725547441e+05  3.4898887125e+01  1  1.2100000000e+01  3.6689498687e-13
 1.6978157862e+00  5.6013225810e+05 -2.6722595189e-01  2  1.6800000000e+01  3.6878905083e-13
 1.2479834288e+00  5.6015913285e+05  1.9364199171e+00  0  8.7600000000e+00  3.6880674507e-13
 3.3982606737e-03  5.6023153402e+05  4.5671427667e-03  4  4.0000000000e+01  3.6885441374e-13
-2.3456415092e+01  5.6058949063e+05 -1.2987124066e+01  0  8.7600000000e+00  3.6909009108e-13
-8.4337764334e+00  5.6145876960e+05 -4.9054619070e+00  0  8.7600000000e+00  3.6966242120e-13
 1.7149627438e+01  5.6178146878e+05 -8.3434573233e+00  2  1.6800000000e+01  3.6987488518e-13
-3.0181819927e+00  5.6193531592e+05 -6.2641217298e-01  0  8.7600000000e+00  3.6997617758e-13
-3.1520093340e-05  5.6213222014e+05  2.4179123120e-04  2  1.6800000000e+01  3.7010581860e-13
 1.1952333979e+00  5.6243801154e+05 -1.0949775025e+01  2  1.6800000000e+01  3.7030715055e-13
 3.7852228567e-03  5.6343863196e+05 -1.7594475517e-03  0  8.7600000000e+00  3.7096595541e-13
 3.6954333150e+00  5.6414764932e+05 -3.3230863752e+00  2  1.6800000000e+01  3.7143276988e-13
 6.0096200219e+00  5.6438621038e+05  2.6388852267e+01  0  8.7600000000e+00  3.7158983761e-13
 1.6003312014e+02  5.6567326597e+05  7.0472531309e+01  0  8.7600000000e+00  3.7243723036e-13
-3.3105545454e+00  5.6597930626e+05  5.2993722298e+01  1  1.2100000000e+01  3.7263872618e-13
-4.0406274473e+02  5.6743436823e+05 -1.5270692523e+03  0  8.7600000000e+00  3.7359673371e-13
-1.0350011876e-03  5.6905086329e+05  4.7350399800e-03  1  1.2100000000e+01  3.7466102820e-13
 8.3974829833e+01  5.7039377921e+05 -2.2662389955e+02  0  8.7600000000e+00  3.7554519918e-13
 4.6758551340e+01  5.7062623625e+05 -6.7505681938e+01  2  1.6800000000e+01  3.7569824806e-13
-2.7961548776e+01  5.7100952785e+05 -2.2805963390e+01  1  1.2100000000e+01  3.7595060586e-13
-5.5616768284e+01  5.7219401831e+05 -2.7605185525e+02  0  8.7600000000e+00  3.7673047009e-13
 3.6785205019e+02  5.7251014125e+05  2.1214813721e+02  0  8.7600000000e+00  3.7693860429e-13
 1.8169443201e-03  5.7416664954e+05 -2.6168114867e-03  2  1.6800000000e+01  3.7802924335e-13
-7.5065720163e-04  5.7576469481e+05  3.7044122297e-03  2  1.6800000000e+01  3.7908139057e-13
-1.9990628789e+02  5.7588398355e+05 -1.3004868387e+02  2  1.6800000000e+01  3.7915992984e-13
 5.6344352223e-05  5.7712922385e+05 -3.0204721857e-03  3  3.2200000000e+01  3.7997979155e-13
-4.3303605960e+01  5.7812349470e+05 -2.1687033501e+01  2  1.6800000000e+01  3.8063441588e-13
-2.4223775319e+00  5.7839046968e+05  4.1136928301e+00  0  8.7600000000e+00  3.8081019124e-13
 2.6711571765e+02  5.8340891945e+05 -3.3439247856e+02  1  1.2100000000e+01  3.8411432039e-13
 1.4836436555e+01  5.8371919383e+05  1.8770753210e+01  1  1.2100000000e+01  3.8431860392e-13
-1.7642889346e+02  5.8424403296e+05  1.2688749866e+01  0  8.7600000000e+00  3.8466415611e-13
 5.7529362041e-01  5.8433220119e+05  7.6502513735e+01  2  1.6800000000e+01  3.8472220575e-13
-3.2457939494e+00  5.8596603383e+05  1.2310927952e-01  0  8.7600000000e+00  3.8579791524e-13
-9.9680624496e-02  5.8822094085e+05 -1.9042628784e+00  3  3.2200000000e+01  3.8728253787e-13
-7.3783304778e+01  5.8959465161e+05  1.1214453589e+02  0  8.7600000000e+00  3.8818698406e-13
 4.9239750113e-03  5.9269593918e+05 -2.7519851074e-03  2  1.6800000000e+01  3.9022886056e-13
 9.1146588352e+00  5.9339669416e+05 -1.0301867537e+01  3  3.2200000000e+01  3.9069023511e-13
-2.6137006272e-03  5.9359321747e+05  1.5335591633e-03  1  1.2100000000e+01  3.9081962534e-13
 4.5288584146e-03  5.9440869455e+05 -3.4766252844e-03  2  1.6800000000e+01  3.9135653250e-13
-3.0391518473e+01  5.9455602979e+05 -8.1064006434e+01  0  8.7600000000e+00  3.9145353749e-13
-1.7960716724e+01  5.9460345459e+05 -4.1675554958e+01  1  1.2100000000e+01  3.9148476181e-13
-1.6411549443e-03  5.9528046130e+05 -2.8911482440e-03  3  3.2200000000e+01  3.9193050057e-13
 1.6179138486e+02  5.9542952071e+05  1.7075598573e+01  2  1.6800000000e+01  3.9202864075e-13
 4.0605923532e+00  5.9578887822e+05  1.7782553881e+00  0  8.7600000000e+00  3.9226524043e-13
-2.2553000656e+01  5.9637998884e+05 -1.1043477707e+01  2  1.6800000000e+01  3.9265442552e-13
 8.6426798772e+01  5.9669664265e+05  1.7059511210e+02  2  1.6800000000e+01  3.9286290924e-13
-9.8717592782e+00  5.9696427994e+05 -1.6025345314e+00  2  1.6800000000e+01  3.9303912067e-13
 2.8959857531e+01  5.9952418096e+05 -6.2058508494e+01  1  1.2100000000e+01  3.9472455023e-13
 2.9397709081e+02  6.0034429417e+05 -3.8993476509e+02  0  8.7600000000e+00  3.9526450980e-13
-1.5285365733e-03  6.0233339354e+05 -1.1418742832e-04  4  4.0000000000e+01  3.9657412563e-13
 1.9451865922e+00  6.0274017302e+05  7.0892093879e-01  2  1.6800000000e+01  3.9684194776e-13
-7.6405358333e+00  6.0461028092e+05 -1.5196643312e+01  2  1.6800000000e+01  3.9807322003e-13
 8.5189230547e-04  6.0466302258e+05 -2.2460219810e-03  1  1.2100000000e+01  3.9810794495e-13
 4.0012778785e+01  6.0517256103e+05 -6.7162861004e+00  0  8.7600000000e+00  3.9844342322e-13
-7.2443982091e-01  6.0567504585e+05  5.5845714976e+00  2  1.6800000000e+01  3.9877425741e-13
-1.1867559076e+01  6.0576315064e+05 -9.8169573664e+00  2  1.6800000000e+01  3.9883226528e-13
 1.1122164385e+00  6.0724775041e+05  2.6011835005e+01  1  1.2100000000e+01  3.9980972040e-13
-1.8699009147e+00  6.0731424839e+05  1.6551060301e+00  1  1.2100000000e+01  3.9985350242e-13
-8.4281224112e+00  6.0795368428e+05  5.1131436495e+00  1  1.2100000000e+01  4.0027450470e-13
 4.1411869478e+00  6.0840773753e+05 -1.3269295492e+00  2  1.6800000000e+01  4.0057345172e-13
-1.2486311698e+01  6.0941567590e+05  4.5007476071e+00  0  8.7600000000e+00  4.0123707469e-13
 8.8351701735e+00  6.1107933676e+05  7.4512024374e+00  0  8.7600000000e+00  4.0233242297e-13
-1.4156198181e+00  6.1111554146e+05 -1.9980284757e+01  2  1.6800000000e+01  4.0235626002e-13
 4.1354327931e-01  6.1246730681e+05  2.4700487072e-01  2  1.6800000000e+01  4.0324625743e-13
 6.7888155382e+02  6.1326872448e+05 -1.0392439824e+03  1  1.2100000000e+01  4.0377390792e-13
 1.1085653333e-03  6.1334504688e+05  1.6575576117e-03  0  8.7600000000e+00  4.0382415832e-13
 1.3356929142e-01  6.1592674269e+05  1.6184940598e-01  3  3.2200000000e+01  4.0552393749e-13
 1.7026104103e+00  6.1710375965e+05 -1.1788561720e+00  1  1.2100000000e+01  4.0629888120e-13
 2.2568529659e+00  6.1739434003e+05  6.5587708341e+00  2  1.6800000000e+01  4.0649019827e-13
-3.5706414514e+00  6.1742371285e+05  3.8462860893e+00  1  1.2100000000e+01  4.0650953722e-13
-1.4292208322e-03  6.1754443043e+05 -9.1452599313e-04  3  3.2200000000e+01  4.0658901724e-13
-4.3836651158e-04  6.1907475388e+05  2.3740399570e-03  1  1.2100000000e+01  4.0759657666e-13
 3.9290476576e+00  6.2103108717e+05 -3.4317788886e+00  1  1.2100000000e+01  4.0888461942e-13
-9.4097463915e+00  6.2143115354e+05 -5.9529739680e+01  0  8.7600000000e+00  4.0914802167e-13
 4.8955743922e-04  6.2189082448e+05 -2.0081189680e-03  0  8.7600000000e+00  4.0945066735e-13
-7.6235694889e+01  6.2322212973e+05  1.2338834385e+01  2  1.6800000000e+01  4.1032719391e-13
-4.5549509370e-04  6.2924931927e+05  4.4939602583e-03  4  4.0000000000e+01  4.1429547368e-13
 7.5936858668e+01  6.3128050939e+05 -5.1210315281e+01  1  1.2100000000e+01  4.1563280190e-13
 2.3220715338e+01  6.3228174480e+05 -2.8108385298e+00  1  1.2100000000e+01  4.1629201167e-13
-1.7392193291e+02  6.3310452773e+05  2.5521168000e+02  0  8.7600000000e+00  4.1683372897e-13
 7.1197754846e+01  6.3432364153e+05  4.3342983318e+01  1  1.2100000000e+01  4.1763638908e-13
-1.9537640384e+01  6.3448181112e+05  7.9215442680e+00  1  1.2100000000e+01  4.1774052737e-13
 5.2806280880e+01  6.3586856762e+05  2.2633449543e+02  1  1.2100000000e+01  4.1865356282e-13
-1.4780884258e+01  6.3792661889e+05 -6.0458338494e+00  1  1.2100000000e+01  4.2000857633e-13
-2.5438398546e+01  6.3820822257e+05  2.2248241572e+01  0  8.7600000000e+00  4.2019398317e-13
 1.0808875683e+00  6.3841637906e+05 -6.8382164606e+00  2  1.6800000000e+01  4.2033103266e-13
-3.6781752433e+02  6.3843333422e+05 -1.0188851788e+03  1  1.2100000000e+01  4.2034219587e-13
 8.4614579563e+00  6.4056122031e+05 -7.4622097985e+00  2  1.6800000000e+01  4.2174318837e-13
-9.9384947726e-06  6.4233667250e+05  2.9637183565e-03  1  1.2100000000e+01  4.2291213966e-13
 7.8408402743e+00  6.4352858673e+05  9.2049865721e+00  2  1.6800000000e+01  4.2369689168e-13
 9.2673327686e-01  6.4397658543e+05  4.9288069300e+00  1  1.2100000000e+01  4.2399185240e-13
 7.6997432865e+00  6.4402227363e+05 -1.6344762510e+00  0  8.7600000000e+00  4.2402193335e-13
-6.6789830554e-01  6.4437072445e+05 -5.1533279741e+00  0  8.7600000000e+00  4.2425135210e-13
-2.5922801434e+00  6.4504846964e+05  6.9491103395e-01  1  1.2100000000e+01  4.2469757708e-13
 1.1704965544e+00  6.4580697517e+05 -2.3252269923e+00  3  3.2200000000e+01  4.2519697438e-13
-1.5870690114e+00  6.4632973131e+05 -1.8687181848e+00  0  8.7600000000e+00  4.2554115513e-13
-5.5487273535e+00  6.5070209389e+05 -2.8338327575e+01  0  8.7600000000e+00  4.2841990282e-13
-3.0526352857e+01  6.5101562224e+05 -3.0237701399e+01  2  1.6800000000e+01  4.2862632875e-13
-7.5986188240e-01  6.5109231144e+05 -5.4194104548e+00  1  1.2100000000e+01  4.2867682064e-13
 5.0639895477e+00  6.5244276301e+05 -1.1558165723e+00  1  1.2100000000e+01  4.2956595306e-13
-7.2970154155e+01  6.5308734565e+05 -6.6736131889e+01  1  1.2100000000e+01  4.2999034395e-13
-1.9860334644e+00  6.5572079844e+05  1.5791622760e+00  2  1.6800000000e+01  4.3172419972e-13
 1.2144184980e-03  6.5672437056e+05  7.3169534362e-04  0  8.7600000000e+00  4.3238494798e-13
-2.4179082647e+02  6.5913929195e+05  5.6658991913e+02  0  8.7600000000e+00  4.3397492348e-13
 7.5957664254e+00  6.5917496853e+05  4.4012420354e+01  1  1.2100000000e+01  4.3399841281e-13
 1.3494922172e+01  6.5938467169e+05 -9.4166022823e+00  0  8.7600000000e+00  4.3413648061e-13
 5.3372270101e+01  6.5943150754e+05  1.8473483191e+01  0  8.7600000000e+00  4.3416731717e-13
-4.9728479693e+00  6.6225893033e+05  3.2708902536e+00  1  1.2100000000e+01  4.3602888209e-13
-2.3963598569e-03  6.6236422199e+05  4.3798852383e-03  1  1.2100000000e+01  4.3609820574e-13
 5.0789011008e+00  6.6534575947e+05  3.6266358446e+00  0  8.7600000000e+00  4.3806123922e-13
 1.9742642188e+01  6.6824401381e+05 -1.8154034702e+01  1  1.2100000000e+01  4.3996943939e-13
 3.3478329311e+00  6.6884550971e+05  1.2146378983e+01  1  1.2100000000e+01  4.4036546211e-13
 2.7312002181e-03  6.6911696160e+05  3.2820651952e-03  3  3.2200000000e+01  4.4054418505e-13
-1.9274873568e+01  6.7012415801e+05  6.8426324662e+00  0  8.7600000000e+00  4.4120731952e-13
-3.7655637617e-01  6.7096485964e+05 -1.0859265905e+00  2  1.6800000000e+01  4.4176083443e-13
 5.6578132542e-01  6.7197503070e+05  1.4969273283e+00  2  1.6800000000e+01  4.4242592740e-13
 1.6697351014e-03  6.7237473897e+05  3.2378486163e-03  0  8.7600000000e+00  4.4268909388e-13
-1.5121193641e+01  6.7338236615e+05  2.0045703099e+01  0  8.7600000000e+00  4.4335251196e-13
 1.7893777711e+00  6.7429662704e+05 -8.7328820319e+00  2  1.6800000000e+01  4.4395445803e-13
-2.0946940917e+01  6.7539019345e+05  2.3070211179e+01  2  1.6800000000e+01  4.4467445819e-13
-3.4231850133e-01  6.7662017806e+05  1.0813510272e+00  2  1.6800000000e+01  4.4548427560e-13
 5.9395700439e+01  6.7693002665e+05 -5.1955356743e+01  2  1.6800000000e+01  4.4568827879e-13
-1.4783055785e-03  6.7808816352e+05  4.1181429145e-03  3  3.2200000000e+01  4.4645079192e-13
 9.6018374829e+00  6.7827186651e+05 -1.3299651184e+01  1  1.2100000000e+01  4.4657174130e-13
-4.2523153113e-01  6.7890930642e+05  5.9270184711e-01  0  8.7600000000e+00  4.4699142943e-13
 3.6279648024e-03  6.7974854568e+05 -4.7955664200e-03  1  1.2100000000e+01  4.4754398152e-13
 6.6258973372e+01  6.8010845400e+05  2.6666966040e+02  0  8.7600000000e+00  4.4778094385e-13
-6.8900453828e+00  6.8166530427e+05  2.5582506359e+00  1  1.2100000000e+01  4.4880596844e-13
-6.4356996654e+00  6.8400992443e+05  1.3732362116e+01  2  1.6800000000e+01  4.5034965786e-13
-1.0229991695e+01  6.8426566518e+05  5.1004919472e+01  1  1.2100000000e+01  4.5051803665e-13
 9.1517946958e-04  6.8443718416e+05  1.4213452844e-03  0  8.7600000000e+00  4.5063096412e-13
 2.0938939369e+00  6.8472017377e+05 -3.4006194321e+00  0  8.7600000000e+00  4.5081728345e-13
 7.6340040896e+01  6.8544067088e+05 -1.3372315120e+01  2  1.6800000000e+01  4.5129165615e-13
 7.2084727159e+00  6.8548739423e+05 -3.0390278692e+01  0  8.7600000000e+00  4.5132241863e-13
 4.9020717381e+00  6.8574898738e+05  4.9014614842e+00  0  8.7600000000e+00  4.5149465061e-13
-7.4372719389e+01  6.8738985450e+05 -1.5520640436e+02  1  1.2100000000e+01  4.5257499158e-13
 4.2840409163e-01  6.8922262903e+05  8.6534113849e-01  0  8.7600000000e+00  4.5378168370e-13
-2.5692037565e+02  6.8954946883e+05 -1.5302754847e+01  1  1.2100000000e+01  4.5399687384e-13
 9.8657931813e+00  6.8993320613e+05 -2.0733716757e+01  1  1.2100000000e+01  4.5424952509e-13
-4.2355725838e+00  6.9139570442e+05  1.1796595720e-01  1  1.2100000000e+01  4.5521242867e-13
-1.4498050075e-03  6.9146661967e+05  3.1272385168e-03  2  1.6800000000e+01  4.5525911901e-13
 4.7030865619e+00  6.9306440288e+05  2.7197099626e+00  0  8.7600000000e+00  4.5631109369e-13
 1.2002962318e+01  6.9526350899e+05  5.8564400055e+01  0  8.7600000000e+00  4.5775897719e-13
 1.1008816714e+02  6.9619237880e+05  2.2253717107e+02  0  8.7600000000e+00  4.5837054171e-13
-2.8137954282e+01  6.9913490837e+05  2.9817368588e+01  1  1.2100000000e+01  4.6030789253e-13
-5.0224889792e-04  7.0190836165e+05 -1.2972272869e-03  0  8.7600000000e+00  4.6213392413e-13
-1.3193117590e+00  7.0304878385e+05  9.4490479845e+00  0  8.7600000000e+00  4.6288477397e-13
 9.9592583466e-01  7.0352209228e+05 -1.4360696105e+00  1  1.2100000000e+01  4.6319639853e-13
 1.7001559177e-02  7.0435677033e+05  5.0917320429e-01  2  1.6800000000e+01  4.6374594754e-13
 6.6706455577e+01  7.0843580848e+05 -2.7414736095e+01  3  3.2200000000e+01  4.6643157148e-13
-7.1580258992e-01  7.0963736919e+05  4.7662118656e-01  1  1.2100000000e+01  4.6722267471e-13
 1.2305485304e+02  7.0964246040e+05  1.0859079852e+02  1  1.2100000000e+01  4.6722602674e-13
-4.2207000632e+00  7.1087541175e+05 -1.0939930577e+01  0  8.7600000000e+00  4.6803779745e-13
 8.8598521918e+01  7.1170534185e+05  5.5604769376e+01  1  1.2100000000e+01  4.6858422042e-13
-2.6309436254e+00  7.1367774668e+05  4.2684350900e+00  2  1.6800000000e+01  4.6988284462e-13
 8.7005577342e+01  7.1393612831e+05 -9.7819972682e+01  1  1.2100000000e+01  4.7005296215e-13
 6.5811732244e+00  7.1724879394e+05 -4.0539825751e+00  1  1.2100000000e+01  4.7223400921e-13
 3.4143273503e+00  7.1792906156e+05 -1.9341505933e+00  2  1.6800000000e+01  4.7268189495e-13
-8.9796732360e+01  7.1880671472e+05 -8.4480441464e+01  3  3.2200000000e+01  4.7325973861e-13
-5.8989764977e-01  7.1927365747e+05  1.7566696085e+00  0  8.7600000000e+00  4.7356717203e-13
-7.7925292636e+00  7.1956813219e+05  6.9159036985e+01  0  8.7600000000e+00  4.7376105312e-13
-3.6959938464e-01  7.1992770887e+05 -5.0369656391e+01  2  1.6800000000e+01  4.7399779710e-13
-5.1480581878e+01  7.2038625831e+05  1.9623101536e+01  0  8.7600000000e+00  4.7429970439e-13
 9.7124896630e+01  7.2043730901e+05 -1.6466358913e+02  0  8.7600000000e+00  4.7433331599e-13
 2.6649480642e-02  7.2253737911e+05  1.7192601242e+00  2  1.6800000000e+01  4.7571599454e-13
-1.0136585724e+02  7.2285029794e+05  3.4242863809e+02  0  8.7600000000e+00  4.7592201916e-13
 1.2148283385e+00  7.2318006448e+05 -4.8468166810e+00  1  1.2100000000e+01  4.7613913626e-13
-5.7220139595e+01  7.2441342010e+05 -3.2388747613e+02  0  8.7600000000e+00  4.7695117313e-13
-6.7881553204e+01  7.2443725030e+05 -5.8768262044e+00  1  1.2100000000e+01  4.7696686285e-13
 1.1442800590e+01  7.2479745793e+05  5.5810330703e+01  0  8.7600000000e+00  4.7720402225e-13
-4.5581970018e+00  7.2559695000e+05  6.0881568578e+00  0  8.7600000000e+00  4.7773040493e-13
-2.4990104593e-03  7.2962349277e+05 -8.6878923041e-04  0  8.7600000000e+00  4.8038146612e-13
 1.4270824778e+00  7.3259733249e+05 -1.4358175073e+00  1  1.2100000000e+01  4.8233943142e-13
-5.1907892623e+01  7.3400559309e+05 -1.4510708222e+02  0  8.7600000000e+00  4.8326662510e-13
-1.6507605239e+02  7.3444879060e+05  1.7565881435e+02  2  1.6800000000e+01  4.8355842474e-13
-1.4832642957e+01  7.3548461045e+05  3.3041516963e+00  2  1.6800000000e+01  4.8424040478e-13
-3.5433929917e+01  7.3561000723e+05  4.0974395567e+00  3  3.2200000000e+01  4.8432296556e-13
 3.9893791529e+00  7.3924641451e+05 -1.8198815266e+00  1  1.2100000000e+01  4.8671716295e-13
 5.2997538664e+01  7.4106573546e+05  2.3336228940e+01  2  1.6800000000e+01  4.8791499728e-13
-1.7405955385e-03  7.4198364430e+05 -4.1892158050e-03  2  1.6800000000e+01  4.8851934514e-13
 2.1653927725e+01  7.4203780912e+05  7.5187212767e+01  0  8.7600000000e+00  4.8855500705e-13
-1.7197673871e+01  7.4305094189e+05 -2.4446808371e+00  1  1.2100000000e+01  4.8922205000e-13
-1.2133469123e+00  7.4400936596e+05 -1.4097676778e+00  2  1.6800000000e+01  4.8985307294e-13
-5.6923292491e+00  7.4490833879e+05 -8.9812735267e+00  0  8.7600000000e+00  4.9044495340e-13
 1.6981023812e+02  7.4501556211e+05  6.9695398845e+00  2  1.6800000000e+01  4.9051554885e-13
 2.6993796919e+01  7.4644360603e+05 -5.4131099062e-01  1  1.2100000000e+01  4.9145576779e-13
-7.0731703782e-01  7.4653219581e+05 -6.0332057477e+00  0  8.7600000000e+00  4.9151409498e-13
 1.6442732147e+01  7.4655967276e+05  2.4853884818e+01  0  8.7600000000e+00  4.9153218571e-13
 1.8499652980e-03  7.4833823415e+05  2.3667637014e-03  3  3.2200000000e+01  4.9270318409e-13
-1.8969660624e+00  7.4924377635e+05  1.5706305812e+01  0  8.7600000000e+00  4.9329938979e-13
-3.4091771952e+01  7.4969447874e+05 -3.1371183063e+01  0  8.7600000000e+00  4.9359613061e-13
 6.9258521800e+00  7.5054492227e+05 -3.4740850238e+00  0  8.7600000000e+00  4.9415605956e-13
-1.8024711156e-03  7.5213944600e+05 -4.1320403522e-03  1  1.2100000000e+01  4.9520588821e-13
-4.2360039638e-01  7.5374908339e+05 -5.0124108762e+00  1  1.2100000000e+01  4.9626566764e-13
 2.7978013073e-03  7.5426197796e+05  2.6465719322e-03  0  8.7600000000e+00  4.9660335557e-13
-1.0679749734e+02  7.5642199392e+05 -4.5042699091e+00  0  8.7600000000e+00  4.9802550225e-13
 1.7980473836e+01  7.5693875984e+05 -2.2118337107e+01  2  1.6800000000e+01  4.9836573907e-13
 9.3446441737e-04  7.5777741881e+05 -4.4565373051e-03  2  1.6800000000e+01  4.9891790909e-13
-1.0224872250e-03  7.5822785727e+05 -4.9427909357e-03  0  8.7600000000e+00  4.9921447615e-13
-2.7826917204e+01  7.5835296773e+05  7.8880926870e+00  0  8.7600000000e+00  4.9929684842e-13
-5.2612690616e+01  7.5969933871e+05 -8.5303535251e+01  0  8.7600000000e+00  5.0018329420e-13
 9.8640507204e+00  7.6091247798e+05  2.3493308880e+00  2  1.6800000000e+01  5.0098202070e-13
-3.4872566576e-03  7.6216678409e+05 -3.2264359543e-04  1  1.2100000000e+01  5.0180785130e-13
 2.2781767017e+00  7.6406364823e+05 -1.6132091638e+00  3  3.2200000000e+01  5.0305673978e-13
 9.2335782132e+00  7.6587528118e+05  2.8676536756e+01  0  8.7600000000e+00  5.0424951236e-13
 2.3486697173e+01  7.6625830593e+05 -8.7707112439e+00  2  1.6800000000e+01  5.0450169447e-13
-2.6709084295e-03  7.6638953677e+05  4.2025281602e-05  2  1.6800000000e+01  5.0458809638e-13
-1.8034254903e+00  7.6722920116e+05  4.2317775786e+00  0  8.7600000000e+00  5.0514092837e-13
-6.8842093399e+00  7.6783785214e+05 -4.6637851103e+00  0  8.7600000000e+00  5.0554166197e-13
 1.9026440761e+01  7.6971348924e+05 -2.6493625824e+01  0  8.7600000000e+00  5.0677657465e-13
-3.6810921220e-03  7.7072889404e+05  1.8847062936e-03  1  1.2100000000e+01  5.0744511350e-13
 1.1935281278e+01  7.7220233738e+05 -8.9615118674e+00  2  1.6800000000e+01  5.0841522326e-13
 1.2342062926e+00  7.7329826005e+05  1.7037008275e+00  1  1.2100000000e+01  5.0913677478e-13
 5.7783384882e+00  7.7555212965e+05 -1.4830149390e+01  2  1.6800000000e+01  5.1062071436e-13
 2.6714238618e+01  7.7627012528e+05 -4.9754709032e+00  0  8.7600000000e+00  5.1109344008e-13
-3.7413227133e-03  7.7720861275e+05 -4.1084273505e-04  2  1.6800000000e+01  5.1171133684e-13
 1.8092391734e+02  7.7769187704e+05 -1.2697487403e+02  1  1.2100000000e+01  5.1202951630e-13
-7.6733573753e+01  7.8130273467e+05 -4.4664652539e+02  0  8.7600000000e+00  5.1440689189e-13
-1.5929159380e+01  7.8431044672e+05 -3.8273966423e+00  0  8.7600000000e+00  5.1638715861e-13
-6.2269746754e+01  7.8604387591e+05  3.6628026732e+01  1  1.2100000000e+01  5.1752844211e-13
 1.2045130390e+01  7.8666348648e+05  2.3519482588e+01  2  1.6800000000e+01  5.1793639147e-13
-6.7883679269e+00  7.8685356925e+05 -5.9990374260e+00  2  1.6800000000e+01  5.1806154128e-13
 1.1112029984e+00  7.8696965760e+05  7.1361755065e+00  1  1.2100000000e+01  5.1813797343e-13
 2.2188484309e-01  7.8705052395e+05 -2.4569059028e+00  0  8.7600000000e+00  5.1819121553e-13
 4.0846465052e+01  7.8874883095e+05  2.2597385822e+01  2  1.6800000000e+01  5.1930937472e-13
 2.9314825320e+01  7.8975029580e+05 -5.1610715765e+00  0  8.7600000000e+00  5.1996873555e-13
 4.9661520822e-03  7.9126669105e+05 -3.8819547737e-03  3  3.2200000000e+01  5.2096712469e-13
 1.4678539458e+01  7.9143923575e+05  1.3438435693e+01  1  1.2100000000e+01  5.2108072750e-13
 4.0626844252e+01  7.9186276151e+05 -6.5524445748e+00  0  8.7600000000e+00  5.2135957533e-13
-4.0138822463e-03  7.9349184092e+05 -1.3189142460e-03  1  1.2100000000e+01  5.2243215531e-13
 3.7722553192e+00  7.9553618277e+05  4.3554607601e+00  1  1.2100000000e+01  5.2377814258e-13
-3.4817527017e+01  7.9639597976e+05 -6.5019086687e+00  0  8.7600000000e+00  5.2434422981e-13
-6.0574898524e+00  7.9958779972e+05 -3.0898039500e+00  2  1.6800000000e+01  5.2644571252e-13
-2.0827944556e+00  7.9982232148e+05  5.6387553317e-01  2  1.6800000000e+01  5.2660012079e-13
-6.3832154459e+02  8.0076665517e+05  6.8744820230e+02  0  8.7600000000e+00  5.2722186667e-13
-3.9869770090e+00  8.0109531756e+05  1.4248685857e+01  0  8.7600000000e+00  5.2743825680e-13
-2.5416240479e+00  8.0218696909e+05  4.8456695480e+00  1  1.2100000000e+01  5.2815699622e-13
 1.7990186918e-01  8.0244250425e+05 -3.1500685023e+00  0  8.7600000000e+00  5.2832523964e-13
 3.0082681067e-03  8.0266850110e+05 -3.7930144480e-05  2  1.6800000000e+01  5.2847403515e-13
 4.7698263077e-01  8.0303828459e+05  2.3102129785e-01  2  1.6800000000e+01  5.2871749926e-13
 1.1500106770e+00  8.0318831686e+05  4.0590834045e-01  0  8.7600000000e+00  5.2881627997e-13
-5.3924294226e+01  8.0363843251e+05  2.0269185303e+01  1  1.2100000000e+01  5.2911263448e-13
 3.5315753111e+01  8.0436018886e+05 -9.4112979701e+01  0  8.7600000000e+00  5.2958783624e-13
 2.8234070551e+01  8.0455962830e+05 -5.5443299151e+01  1  1.2100000000e+01  5.2971914645e-13
-2.2881632347e+00  8.0592284520e+05  4.0298040479e+00  2  1.6800000000e+01  5.3061668352e-13
 2.4683940711e+02  8.0768611894e+05  1.6519076322e+02  2  1.6800000000e+01  5.3177761657e-13
 3.6003997723e-01  8.0924809120e+05 -1.2043034124e+01  0  8.7600000000e+00  5.3280601345e-13
 1.2226643509e-01  8.0936738271e+05 -6.1811837006e-01  1  1.2100000000e+01  5.3288455455e-13
-4.3635038853e+00  8.1224540095e+05 -7.6999853342e+00  2  1.6800000000e+01  5.3477943134e-13
 2.5080617180e-03  8.1244361168e+05  2.9932938646e-03  3  3.2200000000e+01  5.3490993256e-13
-1.3447590856e+01  8.1320669423e+05  1.0522595918e+02  2  1.6800000000e+01  5.3541234335e-13
 9.0619775717e+00  8.1531864498e+05 -2.7539659309e+00  0  8.7600000000e+00  5.3680284408e-13
-6.7461038117e+00  8.1739424852e+05  9.7025918249e+00  0  8.7600000000e+00  5.3816941394e-13
-2.3668676087e+01  8.1937817164e+05  2.7740497637e+00  1  1.2100000000e+01  5.3947562174e-13
 6.0503873256e+00  8.1945491939e+05 -1.2789529789e+01  1  1.2100000000e+01  5.3952615218e-13
 1.6514444007e+01  8.2160403707e+05  1.7591475989e+01  1  1.2100000000e+01  5.4094112348e-13
-2.5177319993e+01  8.2350934246e+05  1.6758012645e+01  0  8.7600000000e+00  5.4219556965e-13
-4.0605615152e+02  8.2626668967e+05 -2.2842104648e+02  0  8.7600000000e+00  5.4401099707e-13
-7.9698179666e+00  8.2823043969e+05 -2.7198870680e+01  1  1.2100000000e+01  5.4530392297e-13
 4.5936066755e-02  8.2948382368e+05  4.2847181236e-01  3  3.2200000000e+01  5.4612914646e-13
-1.7100168377e-03  8.2994726010e+05 -2.5299079029e-04  2  1.6800000000e+01  5.4643427132e-13
-1.7187116930e+01  8.3088982528e+05 -4.0253774294e+00  3  3.2200000000e+01  5.4705485282e-13
-2.0162124871e-03  8.3110783746e+05  3.5167287190e-03  0  8.7600000000e+00  5.4719839125e-13
-1.7718476697e+01  8.3197101981e+05  1.8069398268e+00  0  8.7600000000e+00  5.4776670738e-13
 7.8112479426e+00  8.3271177345e+05  7.4281369535e+00  2  1.6800000000e+01  5.4825441690e-13
-4.1782326926e+00  8.3382552940e+05 -1.6716441753e+01  1  1.2100000000e+01  5.4898770978e-13
 4.5566293720e+01  8.3492283721e+05  6.9292842307e+01  2  1.6800000000e+01  5.4971017327e-13
 1.0408732547e+01  8.3561950749e+05  2.4645523684e+01  0  8.7600000000e+00  5.5016885846e-13
-3.4299717970e+01  8.3744857920e+05 -3.3670442492e+01  3  3.2200000000e+01  5.5137311265e-13
 5.1952148629e+00  8.3784559638e+05  5.2286153855e+00  0  8.7600000000e+00  5.5163450733e-13
-4.3404196712e-03  8.3793307136e+05  5.6658629122e-04  2  1.6800000000e+01  5.5169210054e-13
 6.8118622637e+00  8.3802698890e+05 -2.1147425061e+00  1  1.2100000000e+01  5.5175393551e-13
 2.4465144602e+00  8.3946748917e+05 -2.5450438628e+00  0  8.7600000000e+00  5.5270235567e-13
 7.3076545124e+01  8.4001358924e+05 -9.4477894859e+00  1  1.2100000000e+01  5.5306190598e-13
-4.6788352627e+00  8.4086632724e+05  6.4806396959e+00  2  1.6800000000e+01  5.5362334559e-13
-1.5042678922e+02  8.4091201398e+05  7.8033375475e+01  0  8.7600000000e+00  5.5365342557e-13
-3.0130310375e+00  8.4113246910e+05 -5.1611404309e-02  2  1.6800000000e+01  5.5379857243e-13
 2.6157964615e-03  8.4224902246e+05  3.6911288084e-03  0  8.7600000000e+00  5.5453370712e-13
-4.6252499804e+01  8.4244175576e+05 -3.8352278689e+01  0  8.7600000000e+00  5.5466060202e-13
 1.5735810819e-01  8.4472798209e+05  1.0385702653e+02  1  1.2100000000e+01  5.5616584516e-13
-3.6886148471e+01  8.4555509470e+05 -1.2926210886e+01  0  8.7600000000e+00  5.5671041311e-13
-9.7427950409e+00  8.4587433715e+05 -3.7401691384e+00  1  1.2100000000e+01  5.5692060118e-13
 2.0806710734e+01  8.4601679989e+05  2.2122559257e+01  1  1.2100000000e+01  5.5701439814e-13
-2.4385294930e-01  8.4653410471e+05 -1.5558035584e+00  0  8.7600000000e+00  5.5735498976e-13
 3.9274016167e+01  8.4659969958e+05 -3.1673037311e+01  0  8.7600000000e+00  5.5739817718e-13
-2.4896415085e+00  8.4847588864e+05  2.4879975640e+00  0  8.7600000000e+00  5.5863345327e-13
-3.7578388662e+02  8.4847850257e+05  5.5334695430e+02  0  8.7600000000e+00  5.5863517427e-13
-7.2960046059e-01  8.4875761509e+05 -1.0810216801e+01  0  8.7600000000e+00  5.5881894094e-13
-1.3508599240e+00  8.4923255308e+05 -1.8180863785e+00  0  8.7600000000e+00  5.5913163839e-13
 1.1535825102e+01  8.5121857443e+05  2.0651904741e+00  3  3.2200000000e+01  5.6043922766e-13
 2.0999443338e+01  8.5288316074e+05  3.6607915006e+01  0  8.7600000000e+00  5.6153518526e-13
-8.2783886393e+00  8.5370595663e+05  1.3414096212e+01  0  8.7600000000e+00  5.6207691109e-13
-2.9308304081e+01  8.5451594516e+05 -1.7817564162e+02  3  3.2200000000e+01  5.6261020461e-13
-1.4539499372e+00  8.5585688659e+05 -3.2605132121e+00  2  1.6800000000e+01  5.6349307559e-13
 1.7639320019e+01  8.5970597018e+05  1.4464764915e+01  0  8.7600000000e+00  5.6602729830e-13
-2.8159727670e+01  8.6273400334e+05  1.7216329247e+01  0  8.7600000000e+00  5.6802094437e-13
-3.6914803700e+01  8.6346089661e+05 -2.0618833502e+01  0  8.7600000000e+00  5.6849952826e-13
-3.5266419650e+01  8.6349405607e+05  1.5015947475e+02  0  8.7600000000e+00  5.6852136033e-13
 2.6824640040e+00  8.6453184763e+05 -2.2855731947e+01  0  8.7600000000e+00  5.6920463854e-13
-3.1981172963e-03  8.6626781287e+05 -7.5739897590e-04  2  1.6800000000e+01  5.7034759177e-13
-6.2937056127e+00  8.6686801890e+05 -7.9447758822e+00  1  1.2100000000e+01  5.7074276524e-13
 1.4794891158e+01  8.6712178654e+05 -8.5832221857e+00  1  1.2100000000e+01  5.7090984494e-13
 2.3677970988e+01  8.6859151464e+05 -4.2858873874e+01  3  3.2200000000e+01  5.7187750860e-13
 2.6864474078e+01  8.6891454255e+05  1.8557348625e+01  1  1.2100000000e+01  5.7209018901e-13
 3.7428789820e+00  8.6940097717e+05  5.3879546977e+00  2  1.6800000000e+01  5.7241045580e-13
-6.7244834225e+01  8.7025367150e+05 -1.4451832775e+01  1  1.2100000000e+01  5.7297186665e-13
 2.9105367131e+02  8.7286144973e+05 -2.4027393792e+02  1  1.2100000000e+01  5.7468881840e-13
 1.5668479342e+01  8.7313657150e+05 -3.4008146675e+01  0  8.7600000000e+00  5.7486995758e-13
 3.7955346118e+01  8.7371859364e+05 -2.4602535621e+01  1  1.2100000000e+01  5.7525315885e-13
 1.4059613543e+01  8.7399812737e+05 -1.6340122964e+01  3  3.2200000000e+01  5.7543720284e-13
 1.9659795131e+00  8.7656918220e+05  5.7230915170e+00  0  8.7600000000e+00  5.7712997604e-13
 3.9541204711e-04  8.7659957690e+05 -4.3097241872e-03  1  1.2100000000e+01  5.7714998780e-13
 3.5745993813e+01  8.7787495276e+05 -4.1008837594e+01  0  8.7600000000e+00  5.7798969064e-13
-3.7533908511e+01  8.7915449868e+05  7.6477891386e+00  3  3.2200000000e+01  5.7883213905e-13
 3.3284289189e+02  8.7939110883e+05 -6.2490403740e+00  1  1.2100000000e+01  5.7898792231e-13
 9.9847551211e+01  8.7962144661e+05  1.8667976905e+01  1  1.2100000000e+01  5.7913957587e-13
-4.3402095986e+00  8.8132714345e+05  1.8013210364e+01  1  1.2100000000e+01  5.8026260050e-13
 3.1337913694e-01  8.8208883786e+05 -7.7029614017e-01  2  1.6800000000e+01  5.8076409734e-13
 4.6267109957e-01  8.8220873967e+05 -5.8377954709e-01  0  8.7600000000e+00  5.8084304026e-13
-2.9299927690e+02  8.8294239895e+05  3.0995186620e+02  0  8.7600000000e+00  5.8132607887e-13
-1.8322141279e+00  8.8347649521e+05 -1.0622951207e+01  1  1.2100000000e+01  5.8167772592e-13
-4.9687861339e-01  8.8384689516e+05 -1.6959761905e+00  1  1.2100000000e+01  5.8192159590e-13
-3.2517936785e+00  8.8440585488e+05 -1.1280964932e+01  3  3.2200000000e+01  5.8228961296e-13
-1.0664169637e+01  8.8578780864e+05 -1.0066685300e+02  2  1.6800000000e+01  5.8319948631e-13
 3.5288939802e+01  8.8825551259e+05  2.8247454393e+01  1  1.2100000000e+01  5.8482421365e-13
-2.4396792659e+01  8.9011000177e+05  2.0179860834e+01  1  1.2100000000e+01  5.8604520262e-13
 3.9150427039e+01  8.9023337223e+05 -6.8768376301e+01  1  1.2100000000e+01  5.8612642928e-13
-1.5459863680e+00  8.9034579784e+05  2.4271998848e+00  2  1.6800000000e+01  5.8620044989e-13
-4.4798372469e+00  8.9036235824e+05  7.1893540719e+00  0  8.7600000000e+00  5.8621135320e-13
-1.1276357982e+00  8.9075310521e+05 -8.9041713871e-01  0  8.7600000000e+00  5.8646861959e-13
-3.5344135475e-03  8.9088938345e+05 -2.8884928990e-03  3  3.2200000000e+01  5.8655834470e-13
 3.0998471184e-03  8.9141628808e+05 -8.6948077002e-04  4  4.0000000000e+01  5.8690525680e-13
 1.1624243953e+01  8.9152824430e+05  3.1805436431e+00  3  3.2200000000e+01  5.8697896837e-13
 7.5974269606e+00  8.9273182699e+05  2.5435671127e+00  1  1.2100000000e+01  5.8777140285e-13
 4.6531871444e+00  8.9334261131e+05  5.5583363791e+00  1  1.2100000000e+01  5.8817354104e-13
 2.8736983128e+01  8.9593047083e+05 -8.9847990183e+01  2  1.6800000000e+01  5.8987737838e-13
 1.9192748597e+01  8.9628494896e+05  1.1837957521e+01  2  1.6800000000e+01  5.9011076549e-13
 2.0992724267e+00  8.9705754626e+05  5.7963972567e+00  0  8.7600000000e+00  5.9061944076e-13
 2.5111923695e+02  8.9777885417e+05  2.8323971825e+02  3  3.2200000000e+01  5.9109434727e-13
 2.1544127220e+01  8.9823061584e+05  1.2222608131e+01  1  1.2100000000e+01  5.9139178552e-13
-3.3633017346e-03  8.9827747623e+05  2.9877464231e-03  3  3.2200000000e+01  5.9142263823e-13
 1.2199930149e+02  9.0026503486e+05  1.6515144808e+02  0  8.7600000000e+00  5.9273123964e-13
 3.2279527646e+00  9.0072414931e+05 -4.5040439672e+00  0  8.7600000000e+00  5.9303351893e-13
-4.9458668800e-03  9.0112373340e+05  4.8153481445e-03  2  1.6800000000e+01  5.9329660365e-13
-9.0947955788e-01  9.0149992012e+05 -2.0791424140e+00  1  1.2100000000e+01  5.9354428363e-13
 1.5562651942e-03  9.0167467811e+05 -3.8508806093e-03  1  1.2100000000e+01  5.9365934365e-13
-1.1114010869e+00  9.0236654577e+05  8.0936565258e-01  3  3.2200000000e+01  5.9411486682e-13
-5.5604229758e-01  9.0245225264e+05 -3.0212755976e+00  1  1.2100000000e+01  5.9417129591e-13
-6.7897147648e+00  9.0296934829e+05 -2.6270779776e-01  0  8.7600000000e+00  5.9451174981e-13
 1.9041738767e+00  9.0387702665e+05 -3.9840227923e+00  2  1.6800000000e+01  5.9510936196e-13
-5.7450914370e+02  9.0620668409e+05 -1.1060232945e+03  0  8.7600000000e+00  5.9664319998e-13
-1.7504003396e-03  9.0649577290e+05  1.0214922978e-03  3  3.2200000000e+01  5.9683353501e-13
-8.0947402405e+00  9.0703668519e+05  1.5812752037e+01  2  1.6800000000e+01  5.9718966970e-13
-6.4591836144e+00  9.0769175354e+05 -2.9534720172e+00  2  1.6800000000e+01  5.9762096433e-13
-2.0217384552e+01  9.0795887078e+05  5.7505849992e+01  1  1.2100000000e+01  5.9779683336e-13
-1.7789513603e-03  9.0811239594e+05  1.1644878500e-03  2  1.6800000000e+01  5.9789791376e-13
 2.2268916021e+00  9.1084231342e+05 -3.2191579105e+00  1  1.2100000000e+01  5.9969528155e-13
-8.5036042511e+00  9.1172304234e+05 -3.1762448290e+00  0  8.7600000000e+00  6.0027515029e-13
-2.0039703270e+00  9.1253064014e+05  1.4827798286e+00  3  3.2200000000e+01  6.0080686975e-13
 4.2457436079e+00  9.1259785465e+05  3.5672879401e+00  0  8.7600000000e+00  6.0085112354e-13
-3.9493196869e+01  9.1282301987e+05  4.6601022354e+01  0  8.7600000000e+00  6.0099937150e-13
 4.0964548645e-01  9.1529730810e+05  8.2702096388e-01  1  1.2100000000e+01  6.0262843392e-13
 2.5386956098e+00  9.1567587848e+05  5.0155366946e+00  1  1.2100000000e+01  6.0287768328e-13
-1.7120059154e+02  9.1748929949e+05  2.5356403993e+02  1  1.2100000000e+01  6.0407163312e-13
-1.2744152702e+01  9.2183335223e+05 -9.8267464639e+00  2  1.6800000000e+01  6.0693174171e-13
 3.5248260641e+00  9.2352192128e+05  2.4546295575e+00  0  8.7600000000e+00  6.0804348946e-13
 5.7684267511e+01  9.2421243540e+05 -7.3834897701e+01  0  8.7600000000e+00  6.0849812145e-13
-3.8296010015e+02  9.2433809419e+05  1.1311054661e+02  3  3.2200000000e+01  6.0858085475e-13
-1.8701657141e+01  9.2445286927e+05 -3.1843375395e+01  1  1.2100000000e+01  6.0865642224e-13
 1.6820244670e+00  9.2473741347e+05 -2.7310577584e+00  0  8.7600000000e+00  6.0884376512e-13
 1.5472949094e-03  9.2515659122e+05 -4.6144578930e-03  2  1.6800000000e+01  6.0911975023e-13
-1.7083985541e+01  9.2540383961e+05 -2.2894779875e+01  1  1.2100000000e+01  6.0928253768e-13
 1.0982704833e+00  9.2573935156e+05  1.8526613870e+00  0  8.7600000000e+00  6.0950343753e-13
-5.2117121197e+00  9.2594963522e+05 -8.5067085019e+00  0  8.7600000000e+00  6.0964188753e-13
-2.4668239678e+00  9.2650754432e+05  1.8647739144e+01  0  8.7600000000e+00  6.1000921286e-13
 4.8061922518e-03  9.2679649044e+05 -2.3268246126e-03  2  1.6800000000e+01  6.1019945394e-13
 1.5334819650e+01  9.2766904214e+05 -6.6247890471e+00  2  1.6800000000e+01  6.1077393882e-13
-2.6607516044e+00  9.2977743664e+05  1.8047819410e-01  0  8.7600000000e+00  6.1216209812e-13
-9.5826767844e+00  9.3061065257e+05  1.5398319580e+00  1  1.2100000000e+01  6.1271068448e-13
-6.0658818496e+00  9.3114307126e+05 -2.2252175611e+00  0  8.7600000000e+00  6.1306122702e-13
-6.4921797415e-01  9.3114515208e+05 -4.6997302587e-01  0  8.7600000000e+00  6.1306259702e-13
 3.0587359974e-03  9.3216246130e+05 -1.8240909683e-03  0  8.7600000000e+00  6.1373238972e-13
 1.3158683677e+02  9.3286752897e+05 -1.0484104068e+02  2  1.6800000000e+01  6.1419660373e-13
-3.3591294976e+01  9.3378006963e+05 -3.6006702928e+01  2  1.6800000000e+01  6.1479741720e-13
 3.0429823295e+00  9.3399255562e+05  3.0412671215e+00  1  1.2100000000e+01  6.1493731720e-13
 2.7974110128e-01  9.3622792431e+05 -9.3650976308e-01  2  1.6800000000e+01  6.1640907585e-13
 1.9635305443e+01  9.3634001516e+05 -6.4794172702e+01  2  1.6800000000e+01  6.1648287606e-13
-2.2146135395e+01  9.3803383724e+05  2.3371829032e+01  0  8.7600000000e+00  6.1759808239e-13
 1.8254236909e+01  9.3857482166e+05 -8.6226578613e+01  0  8.7600000000e+00  6.1795426457e-13
 1.8334449840e+00  9.3908569746e+05 -4.8348054502e+00  2  1.6800000000e+01  6.1829062335e-13
 1.5295431593e-01  9.4246283695e+05 -2.3992773771e+01  1  1.2100000000e+01  6.2051411976e-13
-1.2520375972e+02  9.4310565390e+05 -1.7035838308e+02  0  8.7600000000e+00  6.2093734811e-13
 2.5030962878e-03  9.4313118737e+05 -4.6069029507e-04  3  3.2200000000e+01  6.2095415926e-13
-2.8217892851e-03  9.4393295851e+05  4.1874855753e-03  3  3.2200000000e+01  6.2148204247e-13
 3.1970838655e+00  9.4529104857e+05  1.2464500871e+00  2  1.6800000000e+01  6.2237620406e-13
-9.2993597310e-04  9.4775002506e+05  5.6610002442e-04  1  1.2100000000e+01  6.2399518527e-13
-1.8532099595e+01  9.4829005788e+05  3.7881251702e+00  1  1.2100000000e+01  6.2435074093e-13
 4.2025739032e+01  9.5158809786e+05 -6.7924141674e+00  0  8.7600000000e+00  6.2652215851e-13
-1.9927929387e+02  9.5165598022e+05  5.9201978552e+01  0  8.7600000000e+00  6.2656685201e-13
-1.2733828401e+01  9.5239363005e+05  3.2552758683e+01  2  1.6800000000e+01  6.2705251799e-13
-8.4715782254e+00  9.5445069666e+05  2.6594253735e+00  2  1.6800000000e+01  6.2840688320e-13
-5.1603914734e+01  9.5519563406e+05  5.6617211595e+01  0  8.7600000000e+00  6.2889734728e-13
 4.4431103624e-03  9.5584639081e+05 -4.6441396930e-03  3  3.2200000000e+01  6.2932580317e-13
-4.0558194598e-03  9.5694138105e+05  3.8423399622e-03  2  1.6800000000e+01  6.3004674078e-13
 9.5121319578e+00  9.5970276833e+05  4.8533131027e-01  0  8.7600000000e+00  6.3186482817e-13
-1.1057733033e+02  9.6113883526e+05 -1.3961752646e+02  2  1.6800000000e+01  6.3281032944e-13
 1.1242912967e+00  9.6140748814e+05  1.0324462648e+01  0  8.7600000000e+00  6.3298720952e-13
-1.7922556106e-03  9.6152978397e+05 -2.4400472955e-03  3  3.2200000000e+01  6.3306772865e-13
 1.6759678797e+01  9.6225478185e+05 -1.6087631054e+01  2  1.6800000000e+01  6.3354506463e-13
-1.1282587736e+02  9.6412185870e+05 -2.5679102545e+02  1  1.2100000000e+01  6.3477434127e-13
-1.7738511480e+00  9.6426039645e+05  5.7855953001e+00  0  8.7600000000e+00  6.3486555402e-13
 1.2510447536e-04  9.6452847593e+05  2.6309173590e-03  3  3.2200000000e+01  6.3504205658e-13
 9.9359002656e+00  9.6598864600e+05  1.5972287098e+01  0  8.7600000000e+00  6.3600342727e-13
-3.9058139732e+01  9.6652687136e+05  1.7818427911e+01  1  1.2100000000e+01  6.3635779290e-13
 4.9656232454e+00  9.6656124165e+05  3.2170149158e+01  0  8.7600000000e+00  6.3638042217e-13
-2.1719477638e-03  9.6659503110e+05 -3.9260669793e-03  3  3.2200000000e+01  6.3640266902e-13
 4.5922794796e-03  9.6663435110e+05  2.4412144616e-03  0  8.7600000000e+00  6.3642855717e-13
-6.9367968455e+00  9.6699669226e+05 -3.5643414235e+00  3  3.2200000000e+01  6.3666712128e-13
 6.6340740274e-02  9.6723191177e+05 -4.8234320460e-01  0  8.7600000000e+00  6.3682198895e-13
 6.7081715769e+00  9.6723673030e+05 -3.1394264391e+01  0  8.7600000000e+00  6.3682516145e-13
-4.5217132746e+01  9.7270951741e+05  4.0019918659e+01  1  1.2100000000e+01  6.4042842467e-13
 3.3978044616e+01  9.7311131130e+05  1.9894187473e+01  1  1.2100000000e+01  6.4069296431e-13
 2.1952210837e+02  9.7342126664e+05 -2.1085420490e+02  1  1.2100000000e+01  6.4089703779e-13
-5.8715079189e+00  9.7350788522e+05  7.4004111258e+00  0  8.7600000000e+00  6.4095406715e-13
 8.1881019688e+01  9.7533469251e+05  1.1901817005e+02  1  1.2100000000e+01  6.4215683045e-13
 5.1210677465e-01  9.7692156950e+05 -5.7045271264e-01  0  8.7600000000e+00  6.4320162452e-13
-2.1061030083e+00  9.7821710284e+05 -1.9336422868e+01  0  8.7600000000e+00  6.4405459898e-13
 2.1326095851e+02  9.8262300958e+05 -9.3634507885e+01  2  1.6800000000e+01  6.4695543202e-13
-6.2539312093e+01  9.8509962979e+05 -8.3916781604e+01  1  1.2100000000e+01  6.4858602981e-13
-5.0854471769e-04  9.8599929666e+05  2.8889298429e-03  0  8.7600000000e+00  6.4917836722e-13
 4.2438699488e-03  9.8604325151e+05 -3.2777708528e-03  1  1.2100000000e+01  6.4920730693e-13
-2.3604098169e+01  9.8807690808e+05  7.4420931867e+01  0  8.7600000000e+00  6.5054625905e-13
-2.3093408884e+00  9.8962753483e+05  6.7296577590e+00  0  8.7600000000e+00  6.5156718609e-13
-1.4247734880e+01  9.9047569595e+05 -1.0670225303e+01  2  1.6800000000e+01  6.5212561230e-13
-1.7930824619e+00  9.9055397321e+05  8.4545682727e+01  1  1.2100000000e+01  6.5217714977e-13
-1.0412103742e+00  9.9242848331e+05 -1.6532112761e+00  1  1.2100000000e+01  6.5341132043e-13
-3.3855902120e+00  9.9246286493e+05 -3.4681067245e+00  0  8.7600000000e+00  6.5343395716e-13
 5.0527700014e-04  9.9281449518e+05  2.1905413071e-03  3  3.2200000000e+01  6.5366546925e-13
 4.9853060329e+01  9.9285933027e+05 -2.1911906350e+02  0  8.7600000000e+00  6.5369498851e-13
-1.9153001000e+01  9.9334643999e+05 -4.8381668348e+00  0  8.7600000000e+00  6.5401569978e-13
-3.5722521593e-03  9.9352905912e+05  1.1579590925e-03  3  3.2200000000e+01  6.5413593556e-13
-1.1897557135e+01  9.9376473852e+05  2.5546115960e+01  0  8.7600000000e+00  6.5429110603e-13
 5.4818343536e+01  9.9626891719e+05 -1.0381656768e+02  1  1.2100000000e+01  6.5593984819e-13
-7.4193849049e+00  9.9761541073e+05  3.4973752274e+00  1  1.2100000000e+01  6.5682637467e-13
 1.8184673445e-03  9.9989142276e+05  2.9806596590e-03  1  1.2100000000e+01  6.5832489274e-13
 2.5365606419e+02  1.0000773436e+06 -1.6723091081e+01  2  1.6800000000e+01  6.5844730235e-13