 x                 y                 z               Event            Energy              Time
-1.6167356524e-03  3.3141836069e+02 -2.4761094886e-03  0  8.7600000000e+00  2.1820464881e-16
-5.9311041047e+00  4.3011578503e+03  8.4824711196e-02  1  1.2100000000e+01  2.8318667567e-15
 3.4388811658e+00  4.6165368723e+03  7.3609549014e-01  1  1.2100000000e+01  3.0395111630e-15
 4.0278247087e-03  8.5230388444e+03 -4.3501202200e-03  1  1.2100000000e+01  5.6115379184e-15
-1.4388125376e+00  1.1336261258e+04 -4.9385182795e+00  0  8.7600000000e+00  7.4637533709e-15
-3.0751491551e+01  1.2041599466e+04 -6.0438172849e+01  2  1.6800000000e+01  7.9281454934e-15
 1.0751516329e+01  1.6343949747e+04 -9.2730503504e+00  0  8.7600000000e+00  1.0760797342e-14
-4.8903677169e+00  1.6376003630e+04  7.6033082500e-01  2  1.6800000000e+01  1.0781901502e-14
-3.5007919786e-01  1.6789901597e+04 -1.0207834290e+00  0  8.7600000000e+00  1.1054410425e-14
 9.8584141391e+00  1.7314584265e+04 -2.8372220294e+01  2  1.6800000000e+01  1.1399859594e-14
-2.4705380562e-03  1.7559512675e+04 -2.3331107047e-03  1  1.2100000000e+01  1.1561119573e-14
 1.0234228006e+00  1.7670432343e+04 -1.3127691175e+00  2  1.6800000000e+01  1.1634148681e-14
-1.3002814000e+00  1.7717731187e+04  1.8475436824e+00  1  1.2100000000e+01  1.1665290068e-14
-6.7490053830e+00  1.8089928428e+04  1.4682273506e+01  0  8.7600000000e+00  1.1910343385e-14
 5.7644327435e+01  1.8514252500e+04 -1.3451878461e+01  0  8.7600000000e+00  1.2189716817e-14
 5.4969962491e+00  1.8758931212e+04  4.7095147098e+00  3  3.2200000000e+01  1.2350812396e-14
-2.5916140189e-03  1.8888227437e+04  2.7431837505e-03  3  3.2200000000e+01  1.2435940562e-14
-7.2212223642e-01  2.0282138900e+04  1.3835844911e-01  0  8.7600000000e+00  1.3353686823e-14
 3.7578001714e+00  2.0685036784e+04 -1.2881803013e+01  3  3.2200000000e+01  1.3618953331e-14
 4.6892953197e-03  2.0751488867e+04  2.9864381244e-03  0  8.7600000000e+00  1.3662705141e-14
 1.6402213474e+01  2.1513564273e+04  5.0887023084e+00  2  1.6800000000e+01  1.4164452830e-14
-7.3458630815e+00  2.3437455230e+04  6.9544465768e+01  0  8.7600000000e+00  1.5431135671e-14
 3.0655573672e-03  2.3777550059e+04  2.8226705118e-03  0  8.7600000000e+00  1.5655052874e-14
 4.1269366831e+00  2.3825066010e+04  7.8222192929e+00  0  8.7600000000e+00  1.5686337205e-14
 5.3215852877e+00  2.5782530991e+04 -5.0700050705e+00  2  1.6800000000e+01  1.6975125062e-14
 3.3631486549e+00  2.6433772627e+04 -2.1106026571e+00  1  1.2100000000e+01  1.7403900197e-14
 6.2329213862e-04  2.7939114174e+04 -4.3290261362e-03  0  8.7600000000e+00  1.8395011622e-14
 3.0734301464e+01  3.0884160975e+04 -2.6062914576e+01  0  8.7600000000e+00  2.0334019773e-14
 2.0577283004e-03  3.1461145963e+04  4.2395442115e-03  0  8.7600000000e+00  2.0713904600e-14
-5.7474052543e+00  3.1984135426e+04  2.9750751554e+01  2  1.6800000000e+01  2.1058238969e-14
-1.9874785290e+01  3.5049126938e+04  2.1274174949e+01  0  8.7600000000e+00  2.3076218284e-14
 5.7352892125e+01  3.5511958712e+04 -1.8086144496e+00  0  8.7600000000e+00  2.3380945049e-14
 8.6751221113e+01  3.5574562935e+04  1.5630443296e+02  1  1.2100000000e+01  2.3422163443e-14
 5.9517373114e+01  3.8235808963e+04 -8.2594668122e+01  1  1.2100000000e+01  2.5174318193e-14
-8.1303341144e+00  3.8642427675e+04 -6.7589000183e+00  1  1.2100000000e+01  2.5442034481e-14
 3.4750177497e+01  3.8679691767e+04 -2.6267089622e+01  0  8.7600000000e+00  2.5466569024e-14
 4.0195632302e-03  3.8884400150e+04 -3.2007895355e-03  3  3.2200000000e+01  2.5601348282e-14
 5.8433262206e+02  3.9145982171e+04 -1.7074979608e+02  0  8.7600000000e+00  2.5773572938e-14
 9.6225930489e-01  4.0524601603e+04 -1.4517101670e+00  1  1.2100000000e+01  2.6681250980e-14
-6.0539526806e+00  4.0899713223e+04 -3.3828803858e+00  0  8.7600000000e+00  2.6928223113e-14
-2.2205438513e+00  4.1173202800e+04 -1.0295633480e+01  0  8.7600000000e+00  2.7108287661e-14
 4.3302766557e-03  4.1513663411e+04 -1.0402484453e-03  3  3.2200000000e+01  2.7332445694e-14
 1.8685136732e+01  4.1751661422e+04 -4.1457216153e-01  2  1.6800000000e+01  2.7489142723e-14
-4.8017951403e+00  4.2273103151e+04  2.8085760467e-01  1  1.2100000000e+01  2.7832458069e-14
-3.4556193829e-03  4.2503492394e+04  1.4050318657e-03  3  3.2200000000e+01  2.7984145513e-14
-9.3462015365e+00  4.3456403429e+04  6.6318752047e+00  1  1.2100000000e+01  2.8611538689e-14
 9.1549359979e-01  4.4930274611e+04  5.1305271830e+00  0  8.7600000000e+00  2.9581930139e-14
 1.5964695158e+01  4.5245092640e+04  5.0328826237e+01  1  1.2100000000e+01  2.9789205189e-14
 8.3343113508e+01  4.5361001595e+04  6.9749914874e+01  0  8.7600000000e+00  2.9865519226e-14
 4.3705660009e-03  4.6660467079e+04 -3.8972233976e-03  0  8.7600000000e+00  3.0721082596e-14
 1.0907330611e+01  4.6733198601e+04 -5.4328656942e-01  1  1.2100000000e+01  3.0768968766e-14
 6.9096899713e-01  4.6759409318e+04 -5.1818830738e+00  1  1.2100000000e+01  3.0786225808e-14
-2.9648225854e+01  4.7458507019e+04  1.2707026940e+01  3  3.2200000000e+01  3.1246509203e-14
-1.0240534796e+02  4.7827916784e+04 -9.5361918261e+01  0  8.7600000000e+00  3.1489727255e-14
 2.7400341198e+01  4.8479042700e+04 -1.7212511451e+01  1  1.2100000000e+01  3.1918426201e-14
-6.3364305796e-04  4.8979645940e+04  3.6112489894e-04  3  3.2200000000e+01  3.2248021561e-14
-1.1526646508e+02  5.0406127969e+04  2.3755230532e+01  2  1.6800000000e+01  3.3187212165e-14
 3.4083282315e+00  5.0746612356e+04  1.7836947915e+00  1  1.2100000000e+01  3.3411385852e-14
-2.4942092547e+00  5.2311919696e+04  2.2750915120e+00  0  8.7600000000e+00  3.4441978538e-14
 4.3146460821e+00  5.2521016532e+04 -4.9106926289e+01  2  1.6800000000e+01  3.4579647138e-14
-5.4469289879e+00  5.3930712152e+04  2.9750250163e-01  0  8.7600000000e+00  3.5507785631e-14
-3.3789592976e+00  5.6381080978e+04 -4.3756217600e-01  1  1.2100000000e+01  3.7121099594e-14
 3.0432628795e+01  5.6391126705e+04 -1.6139748629e+01  3  3.2200000000e+01  3.7127713665e-14
-7.2270362622e+02  5.6775115359e+04 -6.8304738879e+02  1  1.2100000000e+01  3.7380530404e-14
-7.3527470788e+00  5.7510701461e+04 -4.1134211832e+00  1  1.2100000000e+01  3.7864837631e-14
-3.5421997530e+00  5.7798327812e+04 -1.3311532872e+01  1  1.2100000000e+01  3.8054209779e-14
-3.8030295782e+01  5.8631452189e+04  4.6356922271e+01  0  8.7600000000e+00  3.8602735853e-14
-5.7784688036e+00  5.8688718719e+04  3.3686951170e+01  3  3.2200000000e+01  3.8640439929e-14
 2.7278045384e+01  5.8823690995e+04 -3.6115480492e+01  1  1.2100000000e+01  3.8729305186e-14
 3.5951865012e+01  6.0453417381e+04  8.8206635553e+01  0  8.7600000000e+00  3.9802311138e-14
-2.8575927105e+00  6.0558285210e+04  1.3971970383e+00  0  8.7600000000e+00  3.9871355737e-14
-5.7382350116e-04  6.1383646160e+04 -4.2515839540e-03  0  8.7600000000e+00  4.0414770399e-14
 1.7455213584e+01  6.1515040194e+04 -7.1615265540e+01  0  8.7600000000e+00  4.0501279755e-14
 2.1711943446e+01  6.1784081291e+04  2.8345056663e+01  0  8.7600000000e+00  4.0678415439e-14
-1.8721899117e+00  6.3563768915e+04 -8.4530796600e+00  2  1.6800000000e+01  4.1850155328e-14
 3.6284856119e-03  6.3672992048e+04  3.9576797508e-03  3  3.2200000000e+01  4.1922067443e-14
 2.8261135587e+01  6.5591339426e+04  2.0970453148e+01  1  1.2100000000e+01  4.3185100412e-14
-3.0018925294e+00  6.5922150557e+04 -1.7136455212e+01  2  1.6800000000e+01  4.3402905263e-14
-2.3624195499e+00  6.8222603799e+04 -3.2373893622e+01  0  8.7600000000e+00  4.4917515349e-14
-1.8920230355e+00  6.8789952304e+04  7.8161530280e+00  2  1.6800000000e+01  4.5291055550e-14
 1.5976196027e+02  6.9059806623e+04  5.8449694461e+01  2  1.6800000000e+01  4.5468726657e-14
 8.6034618334e+00  6.9574406463e+04 -4.1484858121e+00  2  1.6800000000e+01  4.5807537329e-14
-3.2764275690e-03  7.0680740427e+04  3.0818478754e-03  1  1.2100000000e+01  4.6535943605e-14
-3.2077139676e+00  7.2228465158e+04  1.4911786717e+00  1  1.2100000000e+01  4.7554959965e-14
 1.0707731389e+01  7.3089325761e+04  4.2053975602e+00  1  1.2100000000e+01  4.8121747469e-14
 2.7641369603e+02  7.4922091258e+04  2.0799804160e+02  0  8.7600000000e+00  4.9328433637e-14
 8.7154730162e-01  7.5036413418e+04 -3.7706093158e+00  1  1.2100000000e+01  4.9403702933e-14
 1.6458085765e+02  7.7372413665e+04 -1.0723086942e+02  0  8.7600000000e+00  5.0941717038e-14
-1.8980266094e-01  7.7878046540e+04  4.6628077928e-01  2  1.6800000000e+01  5.1274623893e-14
 1.9367787152e+00  7.8345918324e+04 -2.6457168119e+00  0  8.7600000000e+00  5.1582668981e-14
 6.8043967002e+00  7.9654191462e+04  7.2752244074e+00  1  1.2100000000e+01  5.2444031279e-14
-4.6602876430e+01  8.0353838666e+04 -3.7280564771e+00  0  8.7600000000e+00  5.2904676465e-14
-4.3738765607e+01  8.0879721111e+04 -4.6912128553e+01  2  1.6800000000e+01  5.3250915563e-14
 9.0805543876e+01  8.3343055787e+04  2.9356076306e+01  0  8.7600000000e+00  5.4872766196e-14
-3.3827578641e-03  8.8692331858e+04 -4.0114225908e-03  0  8.7600000000e+00  5.8394710194e-14
 2.9672110548e+01  8.9623870821e+04 -5.0361443079e+01  1  1.2100000000e+01  5.9008032075e-14
 2.9119555808e+01  8.9849253933e+04 -5.3047996585e+02  0  8.7600000000e+00  5.9156423500e-14
 9.1321225297e+01  9.0520397469e+04  2.4580107085e+00  1  1.2100000000e+01  5.9598301974e-14
-2.3333037576e+01  9.0910415252e+04 -5.2676463997e+01  1  1.2100000000e+01  5.9855088271e-14
 2.0516028172e-05  9.2640123083e+04  4.8128854808e-03  3  3.2200000000e+01  6.0993921644e-14
-8.9573277261e+00  9.3372552591e+04  3.4261684898e+01  0  8.7600000000e+00  6.1476150581e-14
-1.5629199049e+00  9.3428379976e+04  5.0729708069e+00  0  8.7600000000e+00  6.1512907129e-14
-7.3190680612e+01  9.3770657547e+04 -8.5248319294e+01  2  1.6800000000e+01  6.1738261442e-14
 1.3113518413e+01  9.4049846068e+04  5.7583757346e+00  0  8.7600000000e+00  6.1922078154e-14
-3.5245113204e+01  9.6440015057e+04  3.2046783924e+01  0  8.7600000000e+00  6.3495756763e-14
-2.5637556843e+00  9.6523428059e+04  6.1300605186e+00  2  1.6800000000e+01  6.3550675581e-14
-8.8885778063e-01  9.8839806786e+04 -1.3074889009e-01  0  8.7600000000e+00  6.5075770949e-14
-2.6490659886e+01  9.8946467100e+04  1.5017407317e+02  1  1.2100000000e+01  6.5145995713e-14
 7.3369666448e+00  9.9595263353e+04 -7.0471070070e+00  0  8.7600000000e+00  6.5573160817e-14
 1.6627657468e-04  1.0126575740e+05  4.6103906117e-03  3  3.2200000000e+01  6.6673008052e-14
 3.6507857137e+00  1.0401318286e+05 -1.7744163440e+01  2  1.6800000000e+01  6.8481903025e-14
-8.5958655145e+00  1.0482844363e+05 -4.2552262172e+00  0  8.7600000000e+00  6.9018667765e-14
-6.5758257077e+00  1.0596374693e+05 -4.1008150287e+00  0  8.7600000000e+00  6.9766147346e-14
-3.1649884387e-03  1.0882948233e+05 -3.9606888215e-03  3  3.2200000000e+01  7.1652937162e-14
-1.0298484789e+01  1.0951501581e+05 -2.8755471168e+01  2  1.6800000000e+01  7.2104289919e-14
 2.7029772604e-03  1.1013099119e+05 -1.0611838457e-03  3  3.2200000000e+01  7.2509845882e-14
 3.8534821871e+00  1.1075785993e+05  5.5298569822e+00  1  1.2100000000e+01  7.2922573990e-14
-6.9448447939e-01  1.1697392095e+05 -1.4774857377e+00  1  1.2100000000e+01  7.7015206062e-14
 2.3173099180e+00  1.1832901104e+05 -3.9951475993e+00  1  1.2100000000e+01  7.7907392470e-14
-5.0331035500e+00  1.1850810404e+05  4.5195076660e+00  0  8.7600000000e+00  7.8025306657e-14
 4.6831061131e-03  1.1900792548e+05 -1.0355575038e-03  0  8.7600000000e+00  7.8354387278e-14
-8.0520167565e+01  1.1924786767e+05 -1.4864126749e+02  1  1.2100000000e+01  7.8512364348e-14
 8.0555577845e+00  1.2023262778e+05  1.4440059948e+01  1  1.2100000000e+01  7.9160726841e-14
-1.2394668549e+02  1.2090979698e+05 -3.7042058381e+01  1  1.2100000000e+01  7.9606572589e-14
 1.9853461985e+00  1.2118294222e+05  9.8523589278e-02  2  1.6800000000e+01  7.9786410429e-14
-4.6149668468e-03  1.2285056884e+05 -3.7477945577e-03  3  3.2200000000e+01  8.0884369757e-14
 2.0882357743e+01  1.2301687620e+05  2.4455011524e+01  3  3.2200000000e+01  8.0993865921e-14
 8.1686855099e-04  1.2501868008e+05 -8.9026350802e-04  1  1.2100000000e+01  8.2311846346e-14
 1.2900108526e+01  1.2590089483e+05 -2.5864923078e+01  3  3.2200000000e+01  8.2892693349e-14
-1.1261069627e+01  1.2645807623e+05  2.4062951592e-01  0  8.7600000000e+00  8.3259539562e-14
-1.6658194006e+00  1.2659516034e+05  1.8457892700e+00  3  3.2200000000e+01  8.3349795244e-14
-2.6587793406e-03  1.2696053957e+05  3.8956219092e-03  3  3.2200000000e+01  8.3590359607e-14
 2.9359515168e+00  1.2890837851e+05 -7.0306037046e-01  0  8.7600000000e+00  8.4872809713e-14
-3.1785637369e+00  1.2914753352e+05  1.2113807686e+00  0  8.7600000000e+00  8.5030268504e-14
 9.0479222492e+00  1.2920984930e+05 -1.3209180980e+01  0  8.7600000000e+00  8.5071296992e-14
-5.7787088617e+00  1.2923009344e+05 -7.8415316395e+00  3  3.2200000000e+01  8.5084625660e-14
 1.5575438119e+01  1.2945794582e+05 -2.4314687041e+01  2  1.6800000000e+01  8.5234642842e-14
-5.2316701266e+00  1.3122031929e+05 -4.5307947630e-01  0  8.7600000000e+00  8.6394983151e-14
-4.0649690399e+00  1.3143745136e+05  5.1043609475e+00  1  1.2100000000e+01  8.6537942121e-14
 3.7174286920e-03  1.3223556295e+05 -1.1759732320e-03  1  1.2100000000e+01  8.7063415904e-14
-4.3754441184e-01  1.3687723067e+05 -6.4202508405e-02  0  8.7600000000e+00  9.0119473122e-14
 3.9345243968e+00  1.3704978890e+05  2.1314211449e+00  0  8.7600000000e+00  9.0233084841e-14
-4.0461918435e-01  1.3710496474e+05 -1.4469017662e+00  3  3.2200000000e+01  9.0269412409e-14
 4.1039727678e+00  1.3897073457e+05 -5.2474800847e-01  2  1.6800000000e+01  9.1497828515e-14
-1.1708288343e+02  1.3940375652e+05 -8.7811550462e+01  2  1.6800000000e+01  9.1782928595e-14
 1.3034465728e+01  1.4000065989e+05 -2.1217908122e+01  0  8.7600000000e+00  9.2175927616e-14
-1.4054968756e+02  1.4309327822e+05 -3.7928597126e+01  0  8.7600000000e+00  9.4212096326e-14
 5.2310558077e+01  1.4393205540e+05 -2.1191542668e+00  2  1.6800000000e+01  9.4764344187e-14
 3.1911840935e+01  1.4495172063e+05  7.7678448408e+01  3  3.2200000000e+01  9.5435688078e-14
 5.1550131991e+01  1.4510304998e+05  1.8067420639e+01  0  8.7600000000e+00  9.5535322779e-14
 4.1564634084e+01  1.4583915540e+05 -8.8293682664e+00  0  8.7600000000e+00  9.6019971919e-14
 1.3181760392e+01  1.4637998533e+05 -2.1529127385e+01  0  8.7600000000e+00  9.6376052388e-14
-1.0732255875e+01  1.4753425496e+05  2.9962192342e-02  0  8.7600000000e+00  9.7136019335e-14
 1.0323290542e+00  1.4921911066e+05  7.6467684109e+00  1  1.2100000000e+01  9.8245322227e-14
-5.5821278521e+00  1.4980253082e+05 -3.9387901124e+01  0  8.7600000000e+00  9.8629443947e-14
 2.0853194848e+01  1.5497996607e+05 -1.8674932744e+02  0  8.7600000000e+00  1.0203824858e-13
 8.8511023431e+00  1.5961527677e+05 -5.3409276955e+00  0  8.7600000000e+00  1.0509012035e-13
-4.5821099913e-03  1.6037707715e+05 -1.5226232151e-03  3  3.2200000000e+01  1.0559168697e-13
 1.0586694457e+02  1.6047409733e+05  6.0993753498e+01  0  8.7600000000e+00  1.0565556470e-13
-3.2775537416e+01  1.6134134934e+05  1.3003964848e+01  0  8.7600000000e+00  1.0622656028e-13
 3.7471779784e-02  1.6134159873e+05  1.0552152495e+00  2  1.6800000000e+01  1.0622672448e-13
 2.2627952316e+02  1.6752676935e+05 -1.9018655801e+01  1  1.2100000000e+01  1.1029901843e-13
 4.8502020848e+00  1.6991292545e+05 -2.9023458104e+00  0  8.7600000000e+00  1.1187005497e-13
-7.2837642195e-04  1.7012825327e+05 -1.8225237293e-03  0  8.7600000000e+00  1.1201182602e-13
-8.1984287741e+00  1.7071249584e+05 -1.5812011957e+00  1  1.2100000000e+01  1.1239648921e-13
-3.2809790496e-02  1.7094285988e+05  5.8946982185e+00  0  8.7600000000e+00  1.1254816007e-13
-4.1755463732e+00  1.7271507919e+05 -2.1984945163e+01  1  1.2100000000e+01  1.1371498284e-13
 1.1169934135e+01  1.7531497531e+05  2.1517119556e+01  3  3.2200000000e+01  1.1542674504e-13
-3.1190524450e+02  1.7568675605e+05 -1.5376875644e+02  0  8.7600000000e+00  1.1567152413e-13
 3.7418608861e-01  1.7642855411e+05 -5.8178393254e+00  0  8.7600000000e+00  1.1615992129e-13
-1.1563188053e-03  1.7781337491e+05 -4.2501598919e-03  2  1.6800000000e+01  1.1707168229e-13
 9.6910587826e-01  1.7786007814e+05 -1.1871118708e+00  1  1.2100000000e+01  1.1710243152e-13
-1.2418977556e+01  1.8345567831e+05  2.0928962695e+01  0  8.7600000000e+00  1.2078655442e-13
 1.6447306567e+01  1.8651466571e+05  4.8019535059e+01  0  8.7600000000e+00  1.2280058065e-13
-2.4373032374e-03  1.8722648891e+05 -3.7555102253e-03  1  1.2100000000e+01  1.2326924247e-13
-7.2099065300e-01  1.8825604905e+05 -1.6793689551e+00  0  8.7600000000e+00  1.2394710114e-13
-4.6145033939e-01  1.8858188557e+05  1.7622588464e+00  3  3.2200000000e+01  1.2416163072e-13
 4.6578378658e+00  1.9293260230e+05 -1.2207361766e+01  1  1.2100000000e+01  1.2702612686e-13
 1.6624181539e+02  1.9336257418e+05 -3.3679628457e+02  1  1.2100000000e+01  1.2730921879e-13
-1.8059256417e+01  1.9477392321e+05  6.3685326438e+00  1  1.2100000000e+01  1.2823844588e-13
-4.0012349622e-01  1.9808468391e+05 -2.4622542089e+00  1  1.2100000000e+01  1.3041823874e-13
-3.3494651856e+01  1.9964995260e+05  1.5183784416e+01  0  8.7600000000e+00  1.3144880598e-13
 1.8297264468e+01  2.0055082841e+05  1.1983246207e+00  0  8.7600000000e+00  1.3204193935e-13
 1.2821792664e+00  2.0128357344e+05  3.3233684455e-01  0  8.7600000000e+00  1.3252437603e-13
 1.0518078994e+01  2.0144624008e+05  3.2997258510e+00  3  3.2200000000e+01  1.3263147515e-13
-1.5193947986e+01  2.0171978171e+05 -1.6466299206e+01  1  1.2100000000e+01  1.3281157397e-13
 4.7906479131e-02  2.0645308344e+05  2.4770184617e+00  0  8.7600000000e+00  1.3592796270e-13
-3.8093035889e+00  2.0653834820e+05 -2.4983512232e+00  1  1.2100000000e+01  1.3598410071e-13
-1.3673559737e+01  2.0700617326e+05  1.1255229215e+01  2  1.6800000000e+01  1.3629211503e-13
 4.1594339378e+02  2.0924239972e+05  5.5315940767e+02  0  8.7600000000e+00  1.3776443843e-13
-5.1657379063e-01  2.1044375940e+05  1.6438077010e-01  0  8.7600000000e+00  1.3855540930e-13
-2.0263956494e+02  2.1083161915e+05 -1.5317747578e+02  1  1.2100000000e+01  1.3881077476e-13
 2.0844621079e+00  2.1301104354e+05 -2.0419935677e+00  0  8.7600000000e+00  1.4024569988e-13
 1.5997057453e+01  2.1383419479e+05 -1.4483398493e+01  2  1.6800000000e+01  1.4078765969e-13
-7.0627430931e-01  2.1473475934e+05  4.5665987970e+00  0  8.7600000000e+00  1.4138058813e-13
 1.6205688907e+00  2.1626369541e+05 -2.0760913714e+00  1  1.2100000000e+01  1.4238723410e-13
 1.1396431719e-03  2.1708512204e+05  3.9827895719e-03  1  1.2100000000e+01  1.4292805842e-13
 3.0512427789e+01  2.1938372690e+05  4.5492258071e+00  0  8.7600000000e+00  1.4444145154e-13
-1.2556658388e-03  2.2082532041e+05 -3.9757533413e-03  3  3.2200000000e+01  1.4539059149e-13
 1.2927214890e+01  2.2321445168e+05  6.5065516195e+00  1  1.2100000000e+01  1.4696358687e-13
 3.3156097503e+00  2.2346869310e+05 -1.7705752064e+01  0  8.7600000000e+00  1.4713097849e-13
-1.1782033518e+00  2.2492601966e+05  4.2259204667e+00  1  1.2100000000e+01  1.4809047702e-13
-6.2598561902e+01  2.2601390592e+05  9.1526999761e+01  2  1.6800000000e+01  1.4880673740e-13
 1.3918173869e+02  2.2791047199e+05  7.8433468388e+02  0  8.7600000000e+00  1.5005542963e-13
-4.8640764108e-04  2.2858249498e+05  4.9467763304e-03  3  3.2200000000e+01  1.5049788713e-13
 5.2317887527e-01  2.2907410394e+05  4.1572875089e+00  0  8.7600000000e+00  1.5082156070e-13
 8.0309794951e-02  2.2954227841e+05  2.7158824629e+01  0  8.7600000000e+00  1.5112980507e-13
-9.0828326845e-01  2.3013440574e+05  3.9262284273e+00  0  8.7600000000e+00  1.5151965956e-13
 4.6978581020e-04  2.3015409349e+05 -4.3098879463e-03  0  8.7600000000e+00  1.5153262191e-13
 6.0611929465e+00  2.3076664858e+05 -2.4505080036e+01  0  8.7600000000e+00  1.5193592596e-13
-2.5475376387e+00  2.3358651057e+05  2.6290732019e+01  2  1.6800000000e+01  1.5379251289e-13
 1.7355151954e+00  2.3427785474e+05 -8.3966707988e+00  0  8.7600000000e+00  1.5424769138e-13
-3.1566282193e+01  2.3549049289e+05 -4.9463162990e+01  0  8.7600000000e+00  1.5504608795e-13
 2.3278220152e+00  2.3645988900e+05 -2.8714669751e+00  0  8.7600000000e+00  1.5568433484e-13
-1.6813231321e+01  2.3647035205e+05  3.2817721988e+01  2  1.6800000000e+01  1.5569122368e-13
 3.7132871750e-03  2.3744664597e+05 -7.8244920624e-04  0  8.7600000000e+00  1.5633401206e-13
 3.2483341975e-01  2.3916609514e+05 -2.9334695996e+00  1  1.2100000000e+01  1.5746609116e-13
-1.6816722850e+01  2.4111009593e+05 -3.4795387952e+00  1  1.2100000000e+01  1.5874601424e-13
 4.6706096985e-01  2.4313083760e+05  1.1843166997e+00  0  8.7600000000e+00  1.6007646325e-13
 2.1063620268e+01  2.4440230706e+05 -4.1993508368e+00  1  1.2100000000e+01  1.6091359413e-13
 8.0490153208e+01  2.4607508205e+05  6.1145867071e+01  2  1.6800000000e+01  1.6201494313e-13
-2.4402497708e+01  2.4690296960e+05  2.3447655184e+01  2  1.6800000000e+01  1.6256002130e-13
-2.9611926178e+02  2.4727296701e+05 -2.6143878239e+02  0  8.7600000000e+00  1.6280362626e-13
-4.1218731118e+02  2.4729625897e+05 -3.9379607222e+02  1  1.2100000000e+01  1.6281896160e-13
-6.1397992515e+00  2.4741353990e+05 -2.6332285501e+00  0  8.7600000000e+00  1.6289617893e-13
 2.5448178671e+01  2.4741577284e+05 -6.1920212825e+01  1  1.2100000000e+01  1.6289764910e-13
 6.8454265331e+00  2.4749168814e+05  1.0100241867e+00  2  1.6800000000e+01  1.6294763145e-13
-1.1026284322e+01  2.4816483598e+05  1.7690514705e+01  0  8.7600000000e+00  1.6339082956e-13
 1.7584964949e+01  2.4828178222e+05  1.9467276401e+01  1  1.2100000000e+01  1.6346782653e-13
 3.4828979013e+02  2.4894455395e+05 -8.0059928010e+02  0  8.7600000000e+00  1.6390419304e-13
 2.8970225645e+01  2.5011540467e+05 -1.5537493880e+01  1  1.2100000000e+01  1.6467507692e-13
-2.9799445838e+00  2.5089695479e+05 -5.6452607636e+00  1  1.2100000000e+01  1.6518964669e-13
-1.6912297651e+01  2.5138710677e+05 -1.9067843865e+02  1  1.2100000000e+01  1.6551236097e-13
-1.0175624018e+01  2.5323286983e+05  1.3428336155e+01  0  8.7600000000e+00  1.6672760469e-13
-1.2725372324e+01  2.5439643429e+05  7.9672145538e+01  1  1.2100000000e+01  1.6749369132e-13
-6.2380920892e-04  2.5477023599e+05 -4.3613742894e-03  1  1.2100000000e+01  1.6773980101e-13
 2.0080774746e+00  2.5522258093e+05  7.2680660819e+00  0  8.7600000000e+00  1.6803762328e-13
-3.3473774890e+00  2.5624036339e+05  6.5221318686e-01  0  8.7600000000e+00  1.6870772756e-13
 2.5875992055e+02  2.5633493301e+05 -1.2449875011e+02  0  8.7600000000e+00  1.6876999186e-13
-4.3687011562e+00  2.5683385495e+05  1.9460090369e+00  0  8.7600000000e+00  1.6909848026e-13
-1.6176824722e-03  2.5720036329e+05  1.6106904236e-03  1  1.2100000000e+01  1.6933978803e-13
-6.0097721666e+00  2.6452316587e+05 -5.1870804584e+00  0  8.7600000000e+00  1.7416109473e-13
 8.8285300396e+01  2.6494282752e+05 -1.0676519460e+02  0  8.7600000000e+00  1.7443739844e-13
-2.0054821351e+01  2.6585714796e+05 -2.5776187380e+01  2  1.6800000000e+01  1.7503938371e-13
 2.4219114051e+00  2.6608290135e+05  4.3800263606e+00  0  8.7600000000e+00  1.7518801893e-13
 9.6756413579e+00  2.6817660271e+05 -1.2534361967e+01  2  1.6800000000e+01  1.7656650432e-13
-7.7782804430e+01  2.6930081584e+05  3.0570755252e+01  0  8.7600000000e+00  1.7730668217e-13
-6.1507757597e+01  2.6979337223e+05 -9.6823502454e+00  0  8.7600000000e+00  1.7763097952e-13
 4.9036688050e+01  2.7149508909e+05  5.2459233729e+01  0  8.7600000000e+00  1.7875138374e-13
 2.8814149149e+00  2.7359098216e+05 -5.9368381704e+00  0  8.7600000000e+00  1.8013131215e-13
 8.7394897168e-04  2.7575105179e+05 -1.5396329372e-03  1  1.2100000000e+01  1.8155349417e-13
 3.3892246328e-03  2.7671163371e+05  2.6984038799e-03  3  3.2200000000e+01  1.8218593783e-13
-9.9286492109e+00  2.7783452469e+05  1.8985177312e+01  1  1.2100000000e+01  1.8292524519e-13
 1.7162185906e+00  2.7784825689e+05 -3.0579441499e+00  0  8.7600000000e+00  1.8293428642e-13
 1.0522852813e+00  2.8267178200e+05  2.7906647867e+00  0  8.7600000000e+00  1.8611007788e-13
-8.3093513162e+01  2.8338413269e+05  5.2842379498e+01  0  8.7600000000e+00  1.8657908700e-13
 2.6536181711e+01  2.8539931236e+05 -9.3236277900e+01  0  8.7600000000e+00  1.8790587400e-13
 2.0740088015e-03  2.8574197123e+05 -2.1340728398e-03  0  8.7600000000e+00  1.8813147936e-13
-3.0564953982e-01  2.8824491903e+05  5.2567926687e-01  0  8.7600000000e+00  1.8977941113e-13
 2.6377813041e-03  2.9018202976e+05  3.1903786576e-03  2  1.6800000000e+01  1.9105479782e-13
 6.9409880121e-04  2.9101986472e+05 -4.2814480696e-03  2  1.6800000000e+01  1.9160642532e-13
 6.1621099239e+00  2.9210295978e+05 -1.0952284746e+00  3  3.2200000000e+01  1.9231953119e-13
-1.4092774051e+01  2.9257917125e+05  3.6784018179e+01  2  1.6800000000e+01  1.9263306710e-13
 1.7022938080e-03  2.9300583155e+05  4.5203051318e-04  0  8.7600000000e+00  1.9291397870e-13
 1.2452068320e-01  2.9388434976e+05  3.4673736883e-01  3  3.2200000000e+01  1.9349239191e-13
-2.7231649764e-03  2.9414340698e+05  1.7662408793e-03  1  1.2100000000e+01  1.9366295424e-13
 3.7011287260e+00  2.9519025219e+05 -7.7229266252e-01  1  1.2100000000e+01  1.9435219334e-13
-5.1963747427e+02  2.9713861079e+05  1.3991546794e+02  0  8.7600000000e+00  1.9563498558e-13
-4.7895412891e-03  2.9735846978e+05  2.1795538893e-03  3  3.2200000000e+01  1.9577973995e-13
 4.1948771663e+02  2.9747996261e+05 -9.8306001612e+01  0  8.7600000000e+00  1.9585973039e-13
 8.3129154139e-01  3.0033700219e+05 -8.3173871296e-01  0  8.7600000000e+00  1.9774079490e-13
 1.7622172538e-03  3.0275636732e+05 -2.4146153580e-03  3  3.2200000000e+01  1.9933369615e-13
-2.4403211230e-03  3.0339561445e+05 -4.4771137040e-03  0  8.7600000000e+00  1.9975457414e-13
-4.5648104331e+01  3.0651418264e+05 -4.8876114351e+01  1  1.2100000000e+01  2.0180782815e-13
 1.4562223323e+00  3.0730691438e+05 -6.2777282945e+00  1  1.2100000000e+01  2.0232975986e-13
 3.1499776515e-03  3.0825084985e+05  1.6743886688e-03  3  3.2200000000e+01  2.0295124356e-13
 7.1223129511e+01  3.0902416259e+05  3.7664681024e+02  1  1.2100000000e+01  2.0346038986e-13
-2.2188769137e+01  3.0942617423e+05 -9.2383095338e+00  0  8.7600000000e+00  2.0372507287e-13
 3.2314448978e+01  3.1032291383e+05 -2.0868023075e+01  1  1.2100000000e+01  2.0431548297e-13
-4.5779755759e+01  3.1120488604e+05 -8.8602815521e+01  2  1.6800000000e+01  2.0489617028e-13
 2.1777626118e+01  3.1135288303e+05  4.0021555082e+01  0  8.7600000000e+00  2.0499361097e-13
 6.4510178654e+00  3.1247695898e+05  1.5401125451e+01  0  8.7600000000e+00  2.0573369850e-13
 2.3653491494e+02  3.1356049725e+05 -4.7208250279e+02  0  8.7600000000e+00  2.0644709618e-13
 5.2362089276e+00  3.1541103683e+05  4.5676094619e+00  2  1.6800000000e+01  2.0766548474e-13
-1.5268966730e+01  3.1636199358e+05  1.0622726251e+01  0  8.7600000000e+00  2.0829159122e-13
 6.2179004275e-01  3.1759448125e+05 -1.2039437350e+02  1  1.2100000000e+01  2.0910305664e-13
 1.4503567556e-03  3.1787070094e+05 -3.8540083723e-03  2  1.6800000000e+01  2.0928491868e-13
-4.3187139087e-03  3.1799457865e+05 -4.6246634841e-03  3  3.2200000000e+01  2.0936647932e-13
 4.2809848495e+01  3.1828205855e+05 -3.7035377144e+01  1  1.2100000000e+01  2.0955575504e-13
-2.1223439837e+02  3.2222575548e+05 -5.4755960352e+01  0  8.7600000000e+00  2.1215227083e-13
 3.2808225966e-03  3.2456599123e+05  7.8538178736e-04  0  8.7600000000e+00  2.1369307357e-13
-8.8299897075e-05  3.2467586385e+05 -4.0563701368e-03  3  3.2200000000e+01  2.1376541330e-13
 1.6541208819e+01  3.2500212044e+05  6.1934931306e+02  2  1.6800000000e+01  2.1398021946e-13
 8.7307890145e-01  3.2801146115e+05  2.8619931857e+00  3  3.2200000000e+01  2.1596155849e-13
 2.7834591779e+00  3.2989600311e+05 -1.7022405873e+01  1  1.2100000000e+01  2.1720233409e-13
 3.0611682500e+00  3.3227598288e+05  1.1733150947e+01  0  8.7600000000e+00  2.1876930416e-13
 3.2050273147e+01  3.3384746351e+05  1.0111136483e+01  3  3.2200000000e+01  2.1980396131e-13
 3.2514912750e+01  3.3393285056e+05  2.7673477334e+01  1  1.2100000000e+01  2.1986017984e-13
-1.0081973432e+00  3.3475373664e+05  1.0526359983e+01  1  1.2100000000e+01  2.2040064826e-13
-2.0326656836e+00  3.3594599835e+05  2.5215615301e-01  1  1.2100000000e+01  2.2118562906e-13
-2.3747057956e+00  3.3723602804e+05  8.8097000034e+01  1  1.2100000000e+01  2.2203497993e-13
 3.8745335523e+01  3.3818521855e+05 -5.1129305988e+01  1  1.2100000000e+01  2.2265992353e-13
 5.8589998550e+00  3.3849849687e+05  1.5662543860e+01  2  1.6800000000e+01  2.2286618484e-13
-2.4811745198e+01  3.3896480149e+05  1.1000662073e+01  0  8.7600000000e+00  2.2317319812e-13
 8.4336301424e+01  3.4058033288e+05  1.7009766237e+01  2  1.6800000000e+01  2.2423685813e-13
-9.6992397289e-01  3.4070109322e+05  4.9007141627e+00  0  8.7600000000e+00  2.2431636630e-13
-3.7414773704e+00  3.4183185472e+05 -6.0874406013e-01  2  1.6800000000e+01  2.2506085558e-13
-3.0681826118e+00  3.4254636846e+05  3.5510006819e+00  0  8.7600000000e+00  2.2553128884e-13
 3.7227395224e+00  3.4380696101e+05  7.5451141758e-02  2  1.6800000000e+01  2.2636125842e-13
 1.6334154908e+01  3.4461872543e+05  1.7604194724e+00  1  1.2100000000e+01  2.2689572117e-13
-1.4093717210e+02  3.5240138028e+05 -1.3166748459e+01  2  1.6800000000e+01  2.3201979294e-13
-3.7351721415e-02  3.5390748150e+05  1.3865526442e+00  1  1.2100000000e+01  2.3301140454e-13
 1.6719611228e+01  3.5695459264e+05 -6.9956235931e+00  2  1.6800000000e+01  2.3501761148e-13
 6.0523902910e+01  3.5699515647e+05 -1.2644212104e+02  1  1.2100000000e+01  2.3504431855e-13
 9.8244859205e+00  3.5709098501e+05  3.0706337657e+01  1  1.2100000000e+01  2.3510741172e-13
 1.2760621817e+00  3.5718622263e+05  7.5094784535e+00  3  3.2200000000e+01  2.3517011583e-13
 1.6893413930e+02  3.5913612663e+05  5.1139420030e+02  1  1.2100000000e+01  2.3645392556e-13
-6.3641030066e+01  3.6053207030e+05 -4.8753005605e+01  1  1.2100000000e+01  2.3737300982e-13
 5.0671452493e+00  3.6062599564e+05 -4.5882268845e+00  0  8.7600000000e+00  2.3743484992e-13
 4.5871104671e-03  3.6087010911e+05 -4.4343800747e-03  1  1.2100000000e+01  2.3759557335e-13
-3.9263068567e+00  3.6102283012e+05  2.4815748427e+00  1  1.2100000000e+01  2.3769612430e-13
 3.4642469207e+01  3.6149914170e+05 -5.0606245101e+01  2  1.6800000000e+01  2.3800972613e-13
 1.3740845241e-03  3.6165241980e+05  4.2385957619e-03  1  1.2100000000e+01  2.3811064387e-13
 4.7397067504e-01  3.6302622771e+05  2.4103903294e+00  3  3.2200000000e+01  2.3901515403e-13
 4.2659216966e+01  3.6312288151e+05 -1.3531288124e+01  2  1.6800000000e+01  2.3907879054e-13
-2.7144674062e+02  3.6621500873e+05  5.1428515711e+02  0  8.7600000000e+00  2.4111463591e-13
 7.7238356961e+00  3.6627755457e+05 -7.2583171395e+00  0  8.7600000000e+00  2.4115581586e-13
-3.7601875871e-01  3.6681709978e+05  1.2985099508e+00  0  8.7600000000e+00  2.4151105047e-13
-1.3357073392e+01  3.6684774185e+05  1.0209274232e+01  0  8.7600000000e+00  2.4153122510e-13
-8.8259312613e+01  3.6729251782e+05 -2.2438293473e+01  1  1.2100000000e+01  2.4182406399e-13
 4.0599008426e+01  3.6813664820e+05 -7.2710739896e+01  3  3.2200000000e+01  2.4237983638e-13
 6.4518620993e+01  3.7041462916e+05  1.4088294643e+02  0  8.7600000000e+00  2.4387965079e-13
-1.6888435738e+01  3.7070577374e+05  7.2918351237e+00  1  1.2100000000e+01  2.4407133933e-13
-1.5534019595e+00  3.7084687801e+05  1.9190477135e-01  2  1.6800000000e+01  2.4416424187e-13
-1.1372152534e+00  3.7240582922e+05  3.2934600184e+00  0  8.7600000000e+00  2.4519064970e-13
 3.1378720183e+02  3.7564092068e+05  9.6219896361e+01  0  8.7600000000e+00  2.4732062221e-13
-1.0491743254e+01  3.7876861194e+05 -2.5179616328e+01  0  8.7600000000e+00  2.4937988281e-13
 1.1856658514e+01  3.7981610216e+05  2.2141001304e+01  2  1.6800000000e+01  2.5006954658e-13
 1.0883641711e+00  3.8326997093e+05  1.4724199208e+00  1  1.2100000000e+01  2.5234356127e-13
-1.1853276046e+00  3.8360570226e+05  8.7827671293e-01  1  1.2100000000e+01  2.5256460556e-13
-1.9210291500e-03  3.8454654817e+05  3.2630762263e-03  0  8.7600000000e+00  2.5318405511e-13
 2.5042069042e+01  3.8519013737e+05 -1.2109161206e+01  1  1.2100000000e+01  2.5360779191e-13
-3.4932348844e-01  3.8556494604e+05 -6.7731809613e+00  2  1.6800000000e+01  2.5385456458e-13
 4.4694470153e+00  3.8562383279e+05  1.0604181411e+00  1  1.2100000000e+01  2.5389333540e-13
-9.2228470193e-01  3.8600548025e+05  3.2762458800e+00  2  1.6800000000e+01  2.5414461071e-13
-2.7361027065e+01  3.8671164933e+05 -9.8514088889e+01  1  1.2100000000e+01  2.5460954987e-13
-5.5252244603e+00  3.8703704371e+05  3.9006165041e-01  0  8.7600000000e+00  2.5482378835e-13
 2.5221362559e-03  3.8732014256e+05 -4.5594748829e-04  2  1.6800000000e+01  2.5501017961e-13
 1.6166359249e+01  3.8900321004e+05  1.3162974347e+01  0  8.7600000000e+00  2.5611830515e-13
-2.8217294024e+00  3.9320770316e+05  1.1574163268e+01  0  8.7600000000e+00  2.5888652819e-13
 1.9155609431e+00  3.9365576004e+05  1.6731233314e+00  2  1.6800000000e+01  2.5918152722e-13
-2.1904068982e+02  3.9507951138e+05 -1.9068071372e+02  2  1.6800000000e+01  2.6011891995e-13
-4.4040096325e+01  3.9559725732e+05 -1.7255361526e+02  2  1.6800000000e+01  2.6045980200e-13
-6.9493484593e-01  3.9595543978e+05 -4.5118127923e+00  1  1.2100000000e+01  2.6069562804e-13
-4.5340019089e+00  3.9601631616e+05 -3.6008020601e+01  0  8.7600000000e+00  2.6073570883e-13
-1.4952517096e+01  3.9644495936e+05 -2.6035096953e+01  0  8.7600000000e+00  2.6101792596e-13
-2.1057668871e+01  3.9676101942e+05 -7.2518524732e+01  0  8.7600000000e+00  2.6122601876e-13
 9.0098112126e-01  3.9732840857e+05  4.8149946968e-01  0  8.7600000000e+00  2.6159958572e-13
-7.0299775984e+00  3.9817435957e+05 -7.7885735342e+01  2  1.6800000000e+01  2.6215655679e-13
 1.1104840171e+00  3.9903297253e+05  4.4386200624e+00  1  1.2100000000e+01  2.6272186446e-13
 5.3595702639e+00  4.0604040443e+05  1.8010688782e+01  3  3.2200000000e+01  2.6733553225e-13
 1.2143865957e+01  4.0706481351e+05 -6.0783068516e+01  0  8.7600000000e+00  2.6800999948e-13
 2.8489923071e+01  4.0720517282e+05 -2.8202907415e+01  3  3.2200000000e+01  2.6810241154e-13
 1.0075006342e+02  4.0912778605e+05 -4.2692413836e+02  0  8.7600000000e+00  2.6936825313e-13
-1.2574548877e+00  4.0945704059e+05 -8.1787485451e-01  2  1.6800000000e+01  2.6958503313e-13
-3.2841635807e-01  4.1275195136e+05 -4.3509152136e+00  2  1.6800000000e+01  2.7175439045e-13
 8.8307949728e-01  4.1329219626e+05  2.2427858801e+00  1  1.2100000000e+01  2.7211008574e-13
-3.1094357409e-03  4.1347055631e+05 -2.8649746221e-04  3  3.2200000000e+01  2.7222751735e-13
 1.6006084933e+01  4.1402305749e+05 -2.3255011087e+01  2  1.6800000000e+01  2.7259128213e-13
-1.1191011568e+02  4.1514296286e+05 -1.7617387483e+02  2  1.6800000000e+01  2.7332862377e-13
-5.1634816672e-01  4.1599990115e+05  5.4526490035e+00  1  1.2100000000e+01  2.7389282883e-13
 2.7636517709e+00  4.1693042291e+05 -1.4114903392e+01  0  8.7600000000e+00  2.7450548099e-13
 5.5579247924e+01  4.1768332640e+05 -7.5387220855e+01  0  8.7600000000e+00  2.7500118992e-13
 4.8371526598e-03  4.1849108585e+05 -1.9752464522e-03  1  1.2100000000e+01  2.7553301582e-13
-4.4205003749e+00  4.2360942191e+05  2.3604879421e+01  1  1.2100000000e+01  2.7890290976e-13
 9.4768530652e-01  4.2564501765e+05  1.3871036520e+00  0  8.7600000000e+00  2.8024313862e-13
 8.5935625970e+01  4.2666820115e+05  3.7000686311e+01  1  1.2100000000e+01  2.8091679893e-13
 4.6617320227e+00  4.2781219878e+05 -5.0935029481e+00  2  1.6800000000e+01  2.8167000283e-13
 1.2208859866e+01  4.2792094452e+05  7.0299129824e+01  0  8.7600000000e+00  2.8174160063e-13
-1.5143091419e+00  4.3302952409e+05 -6.1919713326e+01  0  8.7600000000e+00  2.8510507092e-13
 6.7807275798e+00  4.3498239498e+05  1.6418546900e-01  2  1.6800000000e+01  2.8639083405e-13
-1.8040720701e+01  4.3545305038e+05  2.6321677952e+02  2  1.6800000000e+01  2.8670071186e-13
 8.4896804714e+01  4.3554721727e+05  8.6446513916e+01  1  1.2100000000e+01  2.8676271100e-13
 2.0328770471e-03  4.3778144491e+05 -3.4354694599e-03  2  1.6800000000e+01  2.8823371839e-13
 1.1112020130e+00  4.3784992515e+05  1.0329691873e+00  2  1.6800000000e+01  2.8827880553e-13
-1.5611804267e+01  4.3814791262e+05 -5.7771558923e+00  0  8.7600000000e+00  2.8847499940e-13
 9.1124422935e+01  4.4152887327e+05  8.7141792710e+00  0  8.7600000000e+00  2.9070101165e-13
 5.6302078594e+01  4.4258392817e+05 -2.9636453911e+01  0  8.7600000000e+00  2.9139565598e-13
 8.7518247027e+00  4.4266170604e+05 -2.7784871868e+01  0  8.7600000000e+00  2.9144686465e-13
-1.6876931454e+01  4.4334760199e+05  1.1694716729e+01  2  1.6800000000e+01  2.9189845606e-13
-9.0561175195e+00  4.4398728887e+05  1.8787635029e+00  0  8.7600000000e+00  2.9231962359e-13
 6.4786702890e-05  4.4451893967e+05 -1.1298845225e-03  3  3.2200000000e+01  2.9266966055e-13
-4.5140185760e+01  4.4492886249e+05  3.0943848843e+01  0  8.7600000000e+00  2.9293955224e-13
-5.4966066831e+01  4.4639479348e+05 -5.4977680494e+01  1  1.2100000000e+01  2.9390471590e-13
-3.3842134617e+01  4.4765994928e+05 -4.3771367832e+01  0  8.7600000000e+00  2.9473768990e-13
 2.1674672002e+01  4.4771054495e+05  5.8556440515e+00  1  1.2100000000e+01  2.9477100191e-13
 1.2398403327e+02  4.4896408736e+05  5.2162380249e+01  1  1.2100000000e+01  2.9559632969e-13
 3.0830868069e-05  4.5061838246e+05 -1.8256003721e-03  2  1.6800000000e+01  2.9668551159e-13
 2.2282696690e+00  4.5156681187e+05  5.6780299162e+00  1  1.2100000000e+01  2.9730995409e-13
-2.2071027732e+02  4.5204558113e+05 -1.5364369070e+02  2  1.6800000000e+01  2.9762517404e-13
-2.1326869768e+01  4.5326243880e+05  9.6020081500e+00  0  8.7600000000e+00  2.9842634872e-13
-4.4628371866e+00  4.5382166826e+05 -2.0481368509e-01  0  8.7600000000e+00  2.9879454337e-13
-4.7818137950e+01  4.5383808819e+05 -1.0809545839e+01  1  1.2100000000e+01  2.9880535419e-13
-3.8113807761e+01  4.5399506129e+05  5.1842133889e+00  0  8.7600000000e+00  2.9890870472e-13
-3.3692912119e+02  4.5576831361e+05 -2.0060939337e+02  0  8.7600000000e+00  3.0007620762e-13
 7.8732600725e+00  4.5813259542e+05 -1.2829508862e+01  0  8.7600000000e+00  3.0163284220e-13
 5.3845158794e+01  4.5826411238e+05  1.5829079319e+01  1  1.2100000000e+01  3.0171943250e-13
-2.1685743591e+00  4.5980750695e+05 -1.9695220334e+01  2  1.6800000000e+01  3.0273559789e-13
-2.8654535570e-03  4.6018200865e+05  3.2206668301e-04  0  8.7600000000e+00  3.0298216846e-13
-3.5395178900e+00  4.6068609262e+05 -9.2072261260e+00  0  8.7600000000e+00  3.0331405552e-13
 5.8906591644e+01  4.6131975004e+05 -3.4383901290e+01  0  8.7600000000e+00  3.0373125327e-13
 7.4737514621e+00  4.6246973852e+05 -3.0723203797e+01  0  8.7600000000e+00  3.0448840152e-13
 2.3753372957e+01  4.6337727416e+05  2.9033123216e+01  1  1.2100000000e+01  3.0508591970e-13
 3.1561375950e+01  4.6518550409e+05  1.4881709120e+01  1  1.2100000000e+01  3.0627645174e-13
 1.7059897136e+00  4.6611235036e+05 -7.8292533162e+00  2  1.6800000000e+01  3.0688668397e-13
-4.2794696300e+01  4.6693244270e+05  8.2616175000e+02  0  8.7600000000e+00  3.0742662979e-13
-1.1386579422e+01  4.6956086741e+05  3.6149611896e-01  0  8.7600000000e+00  3.0915717511e-13
-1.1719054034e+00  4.7057201827e+05  1.6640109879e+00  2  1.6800000000e+01  3.0982291317e-13
-2.1276811641e+02  4.7078367361e+05  1.6382700107e+00  0  8.7600000000e+00  3.0996226628e-13
 2.9747412903e-03  4.7716446133e+05 -3.5231337317e-03  3  3.2200000000e+01  3.1416335382e-13
 1.2049889981e+01  4.7749980106e+05 -1.6427589619e+01  0  8.7600000000e+00  3.1438414028e-13
-3.3086285267e-03  4.7882375262e+05  1.8803524258e-03  0  8.7600000000e+00  3.1525582519e-13
 3.0832204027e-03  4.7904528396e+05 -3.1469099937e-04  3  3.2200000000e+01  3.1540168063e-13
-4.2731825631e+02  4.7909847453e+05  3.7212072333e+02  0  8.7600000000e+00  3.1543670111e-13
-6.9996498871e+01  4.8036225573e+05 -1.0115167627e+02  1  1.2100000000e+01  3.1626877007e-13
 1.3387515714e+01  4.8167046288e+05  7.4606695478e+00  2  1.6800000000e+01  3.1713008892e-13
-1.9325589467e+01  4.8238341977e+05  3.2725904678e+01  0  8.7600000000e+00  3.1759949716e-13
 8.0845326863e+01  4.8316846993e+05  2.6612674162e+01  1  1.2100000000e+01  3.1811637134e-13
 9.8837362881e-04  4.8467257120e+05  1.5955794447e-03  3  3.2200000000e+01  3.1910666617e-13
-3.0962727908e-03  4.8504650838e+05  9.4320419521e-04  4  4.0000000000e+01  3.1935286506e-13
-4.2933999687e+01  4.8694096916e+05 -1.1080185450e+01  2  1.6800000000e+01  3.2060017118e-13
-2.9716181368e-01  4.8778124302e+05  5.4746774614e-01  3  3.2200000000e+01  3.2115340445e-13
 6.7234410832e+00  4.8805273404e+05 -3.6805525630e+00  0  8.7600000000e+00  3.2133215315e-13
 3.7755955001e+00  4.8870292091e+05  7.1708058927e-01  3  3.2200000000e+01  3.2176023383e-13
-1.7177695106e+02  4.9007112068e+05  4.0649373866e+01  1  1.2100000000e+01  3.2266105161e-13
-1.6207236579e+01  4.9076767538e+05  1.2109653535e+00  0  8.7600000000e+00  3.2311966070e-13
-3.3303194016e+00  4.9083444769e+05 -6.6485954305e+00  0  8.7600000000e+00  3.2316362334e-13
 4.0907936901e-01  4.9359257791e+05  1.0721697421e+00  1  1.2100000000e+01  3.2497956630e-13
 2.4329089315e-03  4.9499284017e+05 -9.9588565109e-05  3  3.2200000000e+01  3.2590149390e-13
-7.5733381799e+00  4.9535435971e+05 -1.1865513809e+01  2  1.6800000000e+01  3.2613951706e-13
-3.7850137887e-03  4.9602153623e+05 -4.7267474419e-03  3  3.2200000000e+01  3.2657878366e-13
-1.1472190298e+02  5.0154716682e+05 -3.8626734019e+01  1  1.2100000000e+01  3.3021683884e-13
-5.1999519274e+00  5.0243957412e+05 -2.8620962880e+00  3  3.2200000000e+01  3.3080439657e-13
 1.9042133971e+01  5.0315062097e+05 -1.3664891125e+00  3  3.2200000000e+01  3.3127254724e-13
-2.2345411906e+01  5.0392000843e+05  1.5006272999e+01  0  8.7600000000e+00  3.3177910916e-13
-7.2655600411e+02  5.0492662667e+05 -3.9491693126e+02  1  1.2100000000e+01  3.3244186297e-13
 9.8292836797e+01  5.0546203530e+05 -1.8173221753e+02  1  1.2100000000e+01  3.3279437407e-13
 4.3024117040e+01  5.0840224697e+05  1.0471855720e+02  0  8.7600000000e+00  3.3473019879e-13
 4.6789188940e+00  5.0897245368e+05 -4.5018642042e+00  0  8.7600000000e+00  3.3510562083e-13
 2.4743928228e+00  5.1283675157e+05  2.1664864171e+00  0  8.7600000000e+00  3.3764986057e-13
-1.9276685950e+02  5.1321651758e+05 -1.4113764699e+02  2  1.6800000000e+01  3.3789989713e-13
-2.4442561751e-03  5.1490448991e+05 -6.1353407596e-04  0  8.7600000000e+00  3.3901125200e-13
-1.6672146491e-03  5.1568472784e+05 -8.7660757167e-04  2  1.6800000000e+01  3.3952495783e-13
-2.0961661013e+01  5.1599862182e+05 -7.8058802878e+00  0  8.7600000000e+00  3.3973162449e-13
-2.1425281194e+00  5.1723458968e+05  3.9547207082e+00  2  1.6800000000e+01  3.4054538126e-13
-1.2765489516e+00  5.1826666324e+05 -5.3693049165e+00  2  1.6800000000e+01  3.4122489475e-13
 5.9133552878e+01  5.1840519631e+05 -5.1586329732e+02  0  8.7600000000e+00  3.4131610442e-13
-9.1020900554e-01  5.2159196480e+05  6.8631377446e-01  0  8.7600000000e+00  3.4341426126e-13
-5.2437477125e+00  5.2176422320e+05 -4.6863691539e-01  2  1.6800000000e+01  3.4352767557e-13
 1.6272478114e+01  5.2271031728e+05 -3.0333420780e+00  2  1.6800000000e+01  3.4415058048e-13
-1.0882415925e+00  5.2554604958e+05 -1.0594274579e+00  2  1.6800000000e+01  3.4601761636e-13
 1.2966427041e+01  5.2570346534e+05 -1.0785685444e+02  1  1.2100000000e+01  3.4612125833e-13
 1.6531198787e+00  5.2661709649e+05 -4.1122977018e-01  1  1.2100000000e+01  3.4672278977e-13
 2.9534301466e+01  5.3010562242e+05  2.8839060586e+02  1  1.2100000000e+01  3.4901962261e-13
 4.6370533951e+01  5.3012694336e+05  1.7434309919e+01  2  1.6800000000e+01  3.4903366024e-13
 1.7440584617e+00  5.3048931843e+05 -5.3122654582e-01  1  1.2100000000e+01  3.4927224667e-13
 5.7686694322e+01  5.3210129985e+05 -2.6883639673e+01  0  8.7600000000e+00  3.5033356941e-13
-3.1434570756e-03  5.3250850444e+05 -2.0830704119e-03  3  3.2200000000e+01  3.5060167144e-13
 1.4647575936e+01  5.3256557236e+05  1.8630583640e+02  0  8.7600000000e+00  3.5063924474e-13
-1.6721148487e+01  5.3265089231e+05 -1.0265187204e+01  1  1.2100000000e+01  3.5069541909e-13
 2.0720332786e+02  5.3664380145e+05  2.1349800337e+02  3  3.2200000000e+01  3.5332433601e-13
-1.2906908279e+01  5.3795677260e+05 -3.8071598158e+00  0  8.7600000000e+00  3.5418879147e-13
 4.1260151208e+00  5.3849472144e+05  3.9763736175e+00  0  8.7600000000e+00  3.5454297503e-13
-3.5388056801e+00  5.3909161137e+05  2.9040777015e+00  1  1.2100000000e+01  3.5493596520e-13
-3.8974944420e+00  5.4167774638e+05 -8.1173073290e-01  1  1.2100000000e+01  3.5663866713e-13
 1.0226373047e+02  5.4173007378e+05 -6.3345546614e+01  0  8.7600000000e+00  3.5667311930e-13
 4.7939166705e+01  5.4289487466e+05  1.7419863448e+01  2  1.6800000000e+01  3.5744001998e-13
-2.0866796885e-01  5.4452158640e+05 -1.1826285448e+00  0  8.7600000000e+00  3.5851104110e-13
 1.5908583960e+01  5.4485697132e+05 -1.4643124994e+01  2  1.6800000000e+01  3.5873185732e-13
 9.8397704758e+01  5.4537446939e+05 -8.2785885894e+01  0  8.7600000000e+00  3.5907257618e-13
-9.3768432879e+01  5.4897028645e+05 -7.7719893765e+01  1  1.2100000000e+01  3.6144004911e-13
 5.0922721575e+01  5.5014756410e+05 -2.1583706112e+02  0  8.7600000000e+00  3.6221516445e-13
 4.1837096254e+01  5.5113380535e+05 -3.9691311314e+00  3  3.2200000000e+01  3.6286450212e-13
 2.2317258103e+01  5.5164713140e+05  5.0142482242e+01  2  1.6800000000e+01  3.6320247414e-13
-5.5789601380e+00  5.5306614648e+05  3.4728277043e+00  2  1.6800000000e+01  3.6413674853e-13
-1.6441198306e-04  5.5387564885e+05 -3.2721993505e-03  1  1.2100000000e+01  3.6466972195e-13
 2.0080913365e+01  5.5489965614e+05  2.4955435279e+00  1  1.2100000000e+01  3.6534392465e-13
-7.6321652457e+01  5.5490042252e+05  5.7456465105e+01  3  3.2200000000e+01  3.6534442923e-13
 7.5531123762e+00  5.5534581607e+05 -1.5214206126e+01  3  3.2200000000e+01  3.6563767473e-13
 4.1455155421e-03  5.5573627675e+05  3.6797157296e-03  2  1.6800000000e+01  3.6589475263e-13
-2.8183022602e+00  5.5589843011e+05 -9.8703133156e-01  0  8.7600000000e+00  3.6600151381e-13
 4.9822679767e-03  5.5995144071e+05 -3.0221150946e-03  3  3.2200000000e+01  3.6867000132e-13
 2.5031693250e+00  5.6006248988e+05 -1.0634215140e+00  2  1.6800000000e+01  3.6874311569e-13
 3.4508663865e+01  5.6481249570e+05 -3.5689195667e+00  0  8.7600000000e+00  3.7187050232e-13
-1.9130960376e+01  5.6499894200e+05 -5.2099335993e+00  0  8.7600000000e+00  3.7199325790e-13
-8.1772196148e-01  5.6579485003e+05  4.4041372486e+00  0  8.7600000000e+00  3.7251728086e-13
-2.6883949003e-03  5.6667712904e+05 -3.8530887751e-03  3  3.2200000000e+01  3.7309817017e-13
 1.4885806253e+01  5.6765182397e+05  9.2096924273e+00  2  1.6800000000e+01  3.7373990578e-13
 9.8114561523e-01  5.6906674533e+05 -2.6654071715e+00  0  8.7600000000e+00  3.7467148488e-13
 8.4852401570e+01  5.6925156205e+05 -6.6069681911e+01  1  1.2100000000e+01  3.7479316754e-13
-2.8975960457e-01  5.6998257825e+05 -6.0146098003e+00  1  1.2100000000e+01  3.7527446596e-13
 1.0715441627e+01  5.7094054734e+05 -1.0717955531e+01  2  1.6800000000e+01  3.7590518934e-13
-2.7763588073e+00  5.7146993777e+05  7.3454732339e-01  1  1.2100000000e+01  3.7625373808e-13
-5.9287690234e+01  5.7306477476e+05  1.8670597474e+01  1  1.2100000000e+01  3.7730377298e-13
 1.1369566322e-03  5.7390136316e+05 -1.1698825965e-03  2  1.6800000000e+01  3.7785457975e-13
 2.8280358050e+01  5.7446253260e+05 -5.0780219011e+01  1  1.2100000000e+01  3.7822405168e-13
-2.2168002078e-03  5.7449426699e+05  2.2389068535e-03  0  8.7600000000e+00  3.7824494549e-13
-2.8100593523e+01  5.7503764634e+05  8.5813747501e+01  1  1.2100000000e+01  3.7860270449e-13
-6.6016505388e+00  5.8098729989e+05  8.5942122365e-01  2  1.6800000000e+01  3.8251993485e-13
-7.9587462942e+01  5.8214760011e+05  4.9960515554e+01  1  1.2100000000e+01  3.8328387231e-13
-1.3181324777e+00  5.8232139136e+05  1.6152279578e+00  1  1.2100000000e+01  3.8339829584e-13
-1.0317769356e+00  5.8712383477e+05  1.9008159433e+01  1  1.2100000000e+01  3.8656020720e-13
 7.7338587002e-01  5.8810864720e+05  4.1458692895e+00  2  1.6800000000e+01  3.8720860413e-13
-6.9251359705e-04  5.8939033960e+05  9.2397430256e-04  3  3.2200000000e+01  3.8805246577e-13
 1.3868891726e+01  5.8998249864e+05  1.2348602901e+01  2  1.6800000000e+01  3.8844234114e-13
-7.6389684145e-04  5.9237238346e+05  1.1857858189e-03  0  8.7600000000e+00  3.9001583265e-13
 2.0421076554e+01  5.9340391752e+05 -2.8948643287e+01  1  1.2100000000e+01  3.9069499094e-13
-5.2407054942e+02  5.9730245911e+05 -2.3937574313e+02  0  8.7600000000e+00  3.9326177661e-13
 7.5324990814e-01  5.9912008276e+05 -9.6916871585e-01  0  8.7600000000e+00  3.9445849344e-13
-1.5844076700e-01  6.0183085396e+05  7.5596850780e+00  0  8.7600000000e+00  3.9624325538e-13
-1.6714482943e+01  6.0786564275e+05 -1.3362760853e+02  1  1.2100000000e+01  4.0021653848e-13
 2.3972034556e+01  6.1016174956e+05 -1.1770882517e+01  2  1.6800000000e+01  4.0172828689e-13
 3.4062475449e+01  6.1154210497e+05  6.9609466010e+01  0  8.7600000000e+00  4.0263710789e-13
-2.1626130887e+00  6.1156083313e+05 -5.9960072000e+00  1  1.2100000000e+01  4.0264943844e-13
-1.9824343775e+00  6.1239102322e+05  1.5659902232e-01  2  1.6800000000e+01  4.0319603259e-13
 2.0223423695e+01  6.1313436346e+05 -5.5821015548e+01  3  3.2200000000e+01  4.0368544512e-13
 1.2244598841e+00  6.1572430786e+05 -2.8040444913e-01  0  8.7600000000e+00  4.0539065513e-13
 9.0662847306e+00  6.1666348957e+05  1.2089665416e+00  0  8.7600000000e+00  4.0600900897e-13
-2.3146765560e+00  6.1816676848e+05  5.3481416701e+00  2  1.6800000000e+01  4.0699876236e-13
 3.7024892387e+00  6.1835681671e+05 -5.3494679582e+00  0  8.7600000000e+00  4.0712388943e-13
-4.9774121749e-04  6.1844682736e+05  4.4633576271e-03  2  1.6800000000e+01  4.0718315212e-13
-2.1591248765e+00  6.1906038676e+05 -1.4038535790e+01  0  8.7600000000e+00  4.0758711740e-13
 1.2799869804e+01  6.2028479128e+05  6.4801162182e-01  0  8.7600000000e+00  4.0839326091e-13
-1.1871155498e+02  6.2152005071e+05  1.6081151939e+02  0  8.7600000000e+00  4.0920655124e-13
-7.7720324909e+00  6.2260905077e+05 -6.0655366182e+00  1  1.2100000000e+01  4.0992354494e-13
-1.6587806250e+00  6.2286420389e+05 -1.2818347209e+01  0  8.7600000000e+00  4.1009153683e-13
-3.6904120277e-01  6.2306221199e+05  4.7546771448e+00  2  1.6800000000e+01  4.1022190465e-13
-6.6935899810e+00  6.2367606805e+05 -2.1332552351e+01  0  8.7600000000e+00  4.1062606525e-13
-4.3483606257e-03  6.2517162487e+05 -2.8970365356e-03  2  1.6800000000e+01  4.1161073445e-13
-6.4772555781e+01  6.2644301715e+05 -9.0550334268e+00  3  3.2200000000e+01  4.1244781452e-13
-1.4619957168e+00  6.2661617179e+05  7.5922370677e+00  2  1.6800000000e+01  4.1256181891e-13
-1.4765718528e+01  6.2674744475e+05 -4.1516959487e+01  0  8.7600000000e+00  4.1264824855e-13
-9.4742408552e+00  6.2694318318e+05 -2.2244329788e+01  2  1.6800000000e+01  4.1277712202e-13
-4.9305412243e-04  6.2878139426e+05  3.2393643531e-03  3  3.2200000000e+01  4.1398739354e-13
 1.2853722886e+00  6.3178002172e+05  2.0612238469e+00  0  8.7600000000e+00  4.1596167901e-13
 1.7826059108e+00  6.3221443171e+05 -8.9105876044e+00  0  8.7600000000e+00  4.1624769297e-13
 3.9966828884e-03  6.3328783389e+05  2.2493046835e-03  3  3.2200000000e+01  4.1695441708e-13
 1.9287997724e+02  6.3640095435e+05  4.1619604528e+00  0  8.7600000000e+00  4.1900408432e-13
-2.2765695628e+01  6.3648169601e+05  5.4741562149e+00  0  8.7600000000e+00  4.1905724434e-13
-1.8777060538e+01  6.3795788448e+05  4.3693732253e+01  0  8.7600000000e+00  4.2002916149e-13
 2.2961510945e+01  6.3964809838e+05  2.4965199205e+00  0  8.7600000000e+00  4.2114199220e-13
 9.6713469731e+01  6.3996068335e+05 -6.3408389234e+00  1  1.2100000000e+01  4.2134779701e-13
 1.6379812161e+01  6.4006773524e+05  3.0157910495e+00  0  8.7600000000e+00  4.2141827959e-13
 4.0277295162e-01  6.4031109332e+05  3.3039481524e+01  1  1.2100000000e+01  4.2157850566e-13
-1.9387310514e+02  6.4076258069e+05  6.7863022855e+01  1  1.2100000000e+01  4.2187576331e-13
 7.6923745699e+01  6.4099175916e+05  1.7635430729e+01  0  8.7600000000e+00  4.2202665359e-13
 1.3581965835e+02  6.4162453201e+05 -7.7699474958e+01  0  8.7600000000e+00  4.2244326894e-13
-3.7851678148e+01  6.4243005455e+05 -2.2684102616e+02  1  1.2100000000e+01  4.2297362207e-13
 2.7813978211e+01  6.4283808387e+05  1.7958432568e+01  1  1.2100000000e+01  4.2324226709e-13
 2.8247523698e+01  6.4434919821e+05 -8.2192253695e+00  0  8.7600000000e+00  4.2423717931e-13
-2.8142805679e+00  6.4453312472e+05  3.4690313377e+00  0  8.7600000000e+00  4.2435827585e-13
 3.4193486264e+02  6.4492345028e+05  3.4955452308e+02  0  8.7600000000e+00  4.2461526479e-13
-8.5598593663e-01  6.4797371951e+05  5.6085558668e-01  0  8.7600000000e+00  4.2662355100e-13
 1.1154125516e+02  6.4913809344e+05 -3.3104171968e+01  0  8.7600000000e+00  4.2739017059e-13
-3.7560561329e+01  6.5020465340e+05 -2.9038556063e+01  1  1.2100000000e+01  4.2809238980e-13
-1.4246577192e+00  6.5075284060e+05 -6.5170508102e-01  0  8.7600000000e+00  4.2845331427e-13
-1.1348225877e+02  6.5181438184e+05  6.4982539813e+01  1  1.2100000000e+01  4.2915222918e-13
-9.9360346620e+00  6.5183350345e+05  9.6447506901e+00  3  3.2200000000e+01  4.2916481878e-13
-1.5664045288e+02  6.5226179845e+05 -1.1521249171e+02  0  8.7600000000e+00  4.2944680666e-13
 6.9893584793e+00  6.5241452618e+05 -8.2959715655e+00  1  1.2100000000e+01  4.2954736204e-13
 2.1440303308e+01  6.5269832893e+05  1.2420781884e+00  2  1.6800000000e+01  4.2973421675e-13
 2.2634696544e+01  6.5305286054e+05  1.5922072714e+02  0  8.7600000000e+00  4.2996763907e-13
 1.1498815536e+00  6.5618956095e+05 -4.8744604671e+00  3  3.2200000000e+01  4.3203283126e-13
-1.5509953059e+01  6.5664806935e+05  7.7539307488e+01  2  1.6800000000e+01  4.3233471154e-13
 1.3990459514e+01  6.5703756279e+05  8.7947622918e+00  2  1.6800000000e+01  4.3259115261e-13
-1.2202347029e+00  6.5842773195e+05 -2.1020123547e+01  1  1.2100000000e+01  4.3350643495e-13
-2.1282427251e-01  6.5852142051e+05  1.2095589742e+00  0  8.7600000000e+00  4.3356811916e-13
-8.2292652676e+00  6.5853812737e+05  4.9711732120e-01  2  1.6800000000e+01  4.3357911890e-13
 4.0638160794e-03  6.6120086723e+05  5.5684704592e-04  3  3.2200000000e+01  4.3533225718e-13
-9.6379828262e+00  6.6227289440e+05  1.7146826176e+00  0  8.7600000000e+00  4.3603807599e-13
 4.9451645711e+02  6.6366103646e+05 -1.5623349182e+02  3  3.2200000000e+01  4.3695202369e-13
-3.8045830678e+02  6.6638114167e+05 -9.2703917570e+01  0  8.7600000000e+00  4.3874293112e-13
-1.1871620963e+01  6.6768457984e+05 -6.3739270617e+00  0  8.7600000000e+00  4.3960111009e-13
 2.0675766874e+01  6.6822887881e+05 -4.6704543763e+01  0  8.7600000000e+00  4.3995947456e-13
-8.7264467007e+00  6.6942792347e+05  4.7493780639e+00  0  8.7600000000e+00  4.4074892122e-13
-6.3002883575e+01  6.6997279782e+05  3.0266986552e+01  2  1.6800000000e+01  4.4110766452e-13
-1.1980461986e+02  6.7008518230e+05  4.4434427961e+01  0  8.7600000000e+00  4.4118165806e-13
-2.1354951253e-01  6.7462109218e+05  4.8052681646e+01  2  1.6800000000e+01  4.4416808470e-13
-2.7585525227e+01  6.7582875416e+05 -2.0317383733e+01  0  8.7600000000e+00  4.4496320497e-13
-1.0716991714e-03  6.7622119132e+05 -2.0479730549e-03  2  1.6800000000e+01  4.4522158418e-13
-7.3714465983e+00  6.7743552903e+05 -1.1625029728e+01  2  1.6800000000e+01  4.4602109973e-13
-2.8313453090e-04  6.7943315938e+05  1.3579392323e-03  3  3.2200000000e+01  4.4733633232e-13
-4.1588262951e+00  6.8070357704e+05 -7.1171761257e+00  0  8.7600000000e+00  4.4817277071e-13
 1.2432057735e+02  6.8168575663e+05 -8.5177554409e+00  0  8.7600000000e+00  4.4881943420e-13
-1.0804122756e+02  6.8254164671e+05  5.8904140197e+01  0  8.7600000000e+00  4.4938294913e-13
-3.6375927840e+00  6.8472540052e+05 -3.1069849544e+01  0  8.7600000000e+00  4.5082072473e-13
 3.3127606031e+00  6.8475974926e+05 -4.5974686826e+00  1  1.2100000000e+01  4.5084333982e-13
-2.5967934290e+01  6.8522345227e+05  3.6532044091e+01  0  8.7600000000e+00  4.5114864020e-13
 2.5190015228e+01  6.8653488587e+05  1.6019637806e+01  0  8.7600000000e+00  4.5201208333e-13
 2.5070677305e+02  6.8757363631e+05 -8.0835691819e+01  0  8.7600000000e+00  4.5269599286e-13
 7.0786863077e+01  6.8839758365e+05  1.6965627747e+02  2  1.6800000000e+01  4.5323847681e-13
 1.1719695232e-02  6.8870027596e+05 -1.2072954087e+01  2  1.6800000000e+01  4.5343776833e-13
-5.2286658214e-01  6.8956546509e+05  4.1861142887e-01  2  1.6800000000e+01  4.5400740572e-13
 4.1986153069e+00  6.9024869321e+05 -6.2070348857e+01  1  1.2100000000e+01  4.5445724064e-13
 9.0208581560e+00  6.9105967607e+05  4.2032249205e-01  0  8.7600000000e+00  4.5499118882e-13
 5.0389407236e+00  6.9128501588e+05 -7.1810977474e+00  2  1.6800000000e+01  4.5513955173e-13
-1.9882976996e+01  6.9209038248e+05  4.1514175727e+01  1  1.2100000000e+01  4.5566980219e-13
-9.4071688003e+00  6.9432341557e+05 -1.2755889411e+01  3  3.2200000000e+01  4.5714002309e-13
-7.1089240544e-01  6.9468168643e+05  3.7983170105e+00  0  8.7600000000e+00  4.5737590732e-13
-8.1374242330e+00  7.0010098095e+05  1.0417405058e+01  0  8.7600000000e+00  4.6094395122e-13
 4.7025433024e-01  7.0087970868e+05 -9.6151520680e-01  1  1.2100000000e+01  4.6145666274e-13
 1.3432517337e+02  7.0151599847e+05  1.6453095438e+01  2  1.6800000000e+01  4.6187559363e-13
 2.8846773914e-03  7.0314739527e+05  2.7729180259e-03  4  4.0000000000e+01  4.6294969938e-13
 4.5667194145e+00  7.0400625265e+05 -6.5849307194e+00  3  3.2200000000e+01  4.6351516797e-13
 1.2084303455e+01  7.0418848737e+05 -2.0057264167e+00  0  8.7600000000e+00  4.6363515064e-13
-3.5886620342e+00  7.0471574818e+05 -1.1993529874e+00  3  3.2200000000e+01  4.6398229725e-13
 1.4216894372e+02  7.0517754144e+05 -4.6429478131e+01  0  8.7600000000e+00  4.6428634026e-13
 4.4332605831e-03  7.0711045451e+05 -1.8938059695e-04  1  1.2100000000e+01  4.6555896323e-13
-1.0149959807e+01  7.0734817175e+05 -2.8100152499e+01  1  1.2100000000e+01  4.6571547540e-13
-1.5835679276e+01  7.0812414813e+05 -1.1638987614e+02  2  1.6800000000e+01  4.6622637544e-13
 3.1659333861e+00  7.1121857112e+05  1.6978492965e+00  2  1.6800000000e+01  4.6826373233e-13
-6.4737328668e+01  7.1477129705e+05  1.1996425516e+01  1  1.2100000000e+01  4.7060283423e-13
-5.5197758418e+00  7.1599475624e+05  1.8148866727e+00  2  1.6800000000e+01  4.7140835533e-13
 6.0248049634e+01  7.1773762557e+05  2.5627118554e+02  0  8.7600000000e+00  4.7255585418e-13
 1.9799717323e+00  7.1803510771e+05 -1.4458286170e+01  2  1.6800000000e+01  4.7275171535e-13
-1.0029294166e+00  7.1863822303e+05 -5.4748937552e-02  1  1.2100000000e+01  4.7314880429e-13
 3.4733065721e+00  7.1884637673e+05  4.4290309611e+00  2  1.6800000000e+01  4.7328585193e-13
-3.7856879856e+00  7.1913279734e+05 -6.5590839360e+00  0  8.7600000000e+00  4.7347443023e-13
-1.6029695778e+00  7.1932379869e+05 -3.8719960072e+00  1  1.2100000000e+01  4.7360018483e-13
-1.1534414945e+02  7.1960081710e+05  1.5260059596e+02  1  1.2100000000e+01  4.7378257274e-13
 9.4507816358e+00  7.2059804226e+05 -8.7072848828e+00  0  8.7600000000e+00  4.7443914218e-13
-2.1104507038e+00  7.2080644503e+05  1.8996504526e+00  0  8.7600000000e+00  4.7457635381e-13
 1.7874444665e+01  7.2103229421e+05 -2.7351748886e+00  2  1.6800000000e+01  4.7472505209e-13
 1.8886675649e+00  7.2194918539e+05  5.0771943941e+00  1  1.2100000000e+01  4.7532872992e-13
 3.4528852694e+00  7.2308854046e+05  4.4277711856e-01  1  1.2100000000e+01  4.7607887718e-13
-4.7423176249e+01  7.2357905320e+05 -1.4141992642e+01  1  1.2100000000e+01  4.7640182899e-13
-2.9196928665e-03  7.2439826889e+05 -1.2780067074e-03  3  3.2200000000e+01  4.7694119763e-13
-1.4289520514e+01  7.2534812092e+05  1.2216034142e+01  0  8.7600000000e+00  4.7756657677e-13
-1.2924565847e+00  7.2574085704e+05 -4.4285549986e-01  0  8.7600000000e+00  4.7782515281e-13
 6.7729859923e-01  7.2759640091e+05  8.7995455043e+00  3  3.2200000000e+01  4.7904683617e-13
-1.3412206572e+00  7.2786587065e+05 -5.5327760376e+00  2  1.6800000000e+01  4.7922425408e-13
 1.1628273320e+01  7.2899877479e+05  2.2805765443e+00  0  8.7600000000e+00  4.7997015406e-13
-2.3708806622e+00  7.2910105857e+05 -1.2650740769e+00  0  8.7600000000e+00  4.8003749733e-13
-4.1469307652e+00  7.2946746515e+05  4.7402730335e+00  2  1.6800000000e+01  4.8027873810e-13
 3.5332306613e+00  7.3033568382e+05 -6.0352611379e+00  0  8.7600000000e+00  4.8085037013e-13
 4.5046086659e+00  7.3069563307e+05  8.2443760971e+00  0  8.7600000000e+00  4.8108735941e-13
-2.9331128234e+02  7.3123801125e+05  5.0358576324e+01  0  8.7600000000e+00  4.8144445924e-13
-9.5805421204e+00  7.3339148173e+05 -1.7679452612e+01  2  1.6800000000e+01  4.8286229641e-13
-2.0118179707e+01  7.3358909749e+05 -2.0006634394e+01  0  8.7600000000e+00  4.8299240591e-13
-2.7093586826e-01  7.3444634941e+05 -1.3225729041e-01  0  8.7600000000e+00  4.8355681747e-13
 5.4126792845e-04  7.3465214354e+05 -2.9099264778e-03  2  1.6800000000e+01  4.8369231158e-13
-2.4075432681e+00  7.3578931995e+05  1.1746919290e+00  0  8.7600000000e+00  4.8444102441e-13
 4.6116178612e+01  7.3787890690e+05  3.0667055695e+02  2  1.6800000000e+01  4.8581680089e-13
 1.3050449191e+02  7.3795029625e+05  3.2333767207e+01  0  8.7600000000e+00  4.8586380338e-13
 4.1907144663e+01  7.3849193940e+05 -1.2398833584e+02  1  1.2100000000e+01  4.8622041927e-13
-1.2591693904e+01  7.3879015410e+05 -6.9752380682e+00  1  1.2100000000e+01  4.8641676275e-13
-4.1896914307e+01  7.4177840848e+05  2.4609305938e+01  2  1.6800000000e+01  4.8838421861e-13
-8.3160182476e-01  7.4609647997e+05  2.5153387621e+00  0  8.7600000000e+00  4.9122722125e-13
-1.0874880141e+01  7.4881842216e+05 -1.1409803756e+00  0  8.7600000000e+00  4.9301933813e-13
 2.6884281586e+01  7.5010242490e+05  2.5408426759e+02  0  8.7600000000e+00  4.9386472089e-13
-1.5984335480e+01  7.5149231277e+05 -6.8678283118e+01  0  8.7600000000e+00  4.9477981803e-13
-2.7106761312e+01  7.5278871937e+05  1.9424754371e+00  0  8.7600000000e+00  4.9563336744e-13
-7.3529025122e+00  7.5335411468e+05  1.2331581576e+01  1  1.2100000000e+01  4.9600562167e-13
 7.3902140257e-01  7.5538921270e+05  5.2442864129e+00  0  8.7600000000e+00  4.9734552284e-13
-3.3602719328e+01  7.5540959893e+05  1.9921979859e+01  1  1.2100000000e+01  4.9735894506e-13
 8.5408271461e-01  7.5614458529e+05  1.4982752737e+00  0  8.7600000000e+00  4.9784285742e-13
 5.4249838469e+00  7.5626200225e+05 -3.8622938380e+00  0  8.7600000000e+00  4.9792016432e-13
 2.8656879896e-03  7.5681247188e+05  3.6180406570e-03  2  1.6800000000e+01  4.9828259153e-13
-1.5906784947e-03  7.5740947499e+05 -4.5334604008e-03  1  1.2100000000e+01  4.9867565621e-13
 2.6280887026e+01  7.5801563238e+05  2.7323324974e+01  0  8.7600000000e+00  4.9907474804e-13
 6.8205616276e+01  7.6013298774e+05 -3.6790687345e+01  0  8.7600000000e+00  5.0046880715e-13
 6.2874413349e+01  7.6046025871e+05 -1.1581130868e+02  0  8.7600000000e+00  5.0068428117e-13
 7.2669196493e+00  7.6318709741e+05  2.1000788810e+00  1  1.2100000000e+01  5.0247962190e-13
-5.0006673482e+01  7.6474524732e+05 -1.7412645107e+00  0  8.7600000000e+00  5.0350550216e-13
 2.4409221947e+02  7.6577092307e+05  7.6244995166e+00  1  1.2100000000e+01  5.0418080336e-13
-1.7934849538e+01  7.6754100053e+05  1.0642916747e+01  1  1.2100000000e+01  5.0534621595e-13
-1.1424304685e+02  7.6765816715e+05  3.4679126575e+00  0  8.7600000000e+00  5.0542335803e-13
-3.8689559320e-03  7.6944829829e+05  4.4576503567e-03  3  3.2200000000e+01  5.0660197389e-13
-2.7045538894e-04  7.7020267130e+05  4.4562780203e-03  2  1.6800000000e+01  5.0709865035e-13
-3.3353134423e-03  7.7179649290e+05  3.3869749393e-03  3  3.2200000000e+01  5.0814801672e-13
-8.3804979668e-01  7.7209063392e+05  4.9230771502e-01  0  8.7600000000e+00  5.0834167810e-13
-5.5267615624e+01  7.7224409654e+05 -1.4018799986e+02  2  1.6800000000e+01  5.0844271734e-13
 1.0515679374e+01  7.7265888629e+05  3.9469020686e+00  0  8.7600000000e+00  5.0871581341e-13
 4.2312594508e+00  7.7281781216e+05 -2.2563206291e+00  1  1.2100000000e+01  5.0882044963e-13
 4.8878052411e-03  7.7502227464e+05 -6.5731270037e-04  2  1.6800000000e+01  5.1027185974e-13
 2.5454449596e-03  7.7728337124e+05  1.2934353744e-03  1  1.2100000000e+01  5.1176055755e-13
 5.8972305075e+00  7.7879395417e+05 -3.7262740976e+00  1  1.2100000000e+01  5.1275511989e-13
-1.7217827507e+01  7.7911361977e+05  1.4566648407e+00  0  8.7600000000e+00  5.1296558656e-13
-5.7493895555e+01  7.8126806012e+05 -1.3777206931e+02  0  8.7600000000e+00  5.1438406228e-13
 4.0113343301e+01  7.8145276838e+05 -2.8311434003e+01  0  8.7600000000e+00  5.1450567354e-13
-2.8745242179e+00  7.8223265808e+05 -4.0299371911e+01  1  1.2100000000e+01  5.1501915009e-13
 1.6124239263e+02  7.8299339064e+05  3.7699590845e+01  0  8.7600000000e+00  5.1552001366e-13
 4.9156101920e-01  7.8365797719e+05 -1.3553127881e+00  1  1.2100000000e+01  5.1595757503e-13
-1.6783672581e+00  7.8374859894e+05  2.6329287823e+01  0  8.7600000000e+00  5.1601724006e-13
 5.3683926519e+01  7.8391974425e+05  6.7753210193e+00  2  1.6800000000e+01  5.1612992152e-13
-1.2316622661e-03  7.8517180745e+05 -5.4770574232e-04  0  8.7600000000e+00  5.1695427540e-13
-5.4641250362e+00  7.8571003350e+05  1.4881223940e+02  1  1.2100000000e+01  5.1730864148e-13
-9.3867113292e+01  7.8606579642e+05 -4.2860245000e+01  0  8.7600000000e+00  5.1754287450e-13
-1.1552451628e+00  7.8720004502e+05 -1.0667506820e+00  0  8.7600000000e+00  5.1828965967e-13
-3.2138856330e+00  7.9051503178e+05  7.7733863556e-01  0  8.7600000000e+00  5.2047223495e-13
-1.4228324530e+00  7.9076150391e+05  2.1065240491e+00  3  3.2200000000e+01  5.2063451131e-13
-1.3201502038e+01  7.9111253210e+05  2.3798808966e+01  0  8.7600000000e+00  5.2086562699e-13
 2.9959102881e+00  7.9117722752e+05  1.9771738644e+01  2  1.6800000000e+01  5.2090822222e-13
-3.8163190119e+00  7.9287262271e+05 -7.7411840314e+01  1  1.2100000000e+01  5.2202446428e-13
 1.0091303883e+02  7.9422476456e+05  6.0504177776e+01  0  8.7600000000e+00  5.2291470958e-13
-1.1542268882e+03  7.9455479791e+05  1.1832048490e+02  0  8.7600000000e+00  5.2313200235e-13
 4.5122295850e+01  7.9469452927e+05 -1.1227084184e+01  0  8.7600000000e+00  5.2322400097e-13
-3.8867214755e+00  7.9577516935e+05  1.5199948484e+00  2  1.6800000000e+01  5.2393549048e-13
 1.4080636524e+01  7.9637848329e+05 -8.3038347992e+00  2  1.6800000000e+01  5.2433271019e-13
-1.6413159130e+00  7.9743521005e+05 -1.0416010171e+01  1  1.2100000000e+01  5.2502845527e-13
 4.7095888293e-03  7.9797631897e+05  4.0594539228e-03  3  3.2200000000e+01  5.2538471943e-13
-2.0395135009e+02  7.9806821405e+05  2.0824792783e+01  0  8.7600000000e+00  5.2544522281e-13
-2.7579192108e-03  7.9883628293e+05 -2.3481763840e-03  1  1.2100000000e+01  5.2595091658e-13
-6.0189822590e+02  7.9994788358e+05  4.4733548435e+01  0  8.7600000000e+00  5.2668279043e-13
 2.3579739909e+00  8.0070899577e+05 -8.2175073899e+00  0  8.7600000000e+00  5.2718390394e-13
-3.7324798230e+00  8.0131112691e+05  3.2385034615e+00  3  3.2200000000e+01  5.2758034490e-13
 4.1995134201e-03  8.0192852762e+05  1.2220514502e-03  3  3.2200000000e+01  5.2798683929e-13
 8.8405797784e+01  8.0367618201e+05  2.8942480586e+01  0  8.7600000000e+00  5.2913748861e-13
-4.5958900582e+00  8.0385445672e+05  7.4633001764e+00  0  8.7600000000e+00  5.2925486404e-13
-1.7492538107e+00  8.0401150230e+05 -1.1801523604e-01  0  8.7600000000e+00  5.2935826228e-13
-2.8887170726e-01  8.0402791316e+05 -5.2653128654e+00  2  1.6800000000e+01  5.2936906713e-13
-9.4965567592e-04  8.0457065100e+05  5.0083487664e-01  2  1.6800000000e+01  5.2972640376e-13
-6.1433401763e+00  8.0735405744e+05  6.9328096508e-01  0  8.7600000000e+00  5.3155898848e-13
 4.4174223858e+01  8.0822682039e+05 -1.4437710270e+02  0  8.7600000000e+00  5.3213361245e-13
-9.8127724881e-04  8.1156551577e+05 -2.3267208074e-03  1  1.2100000000e+01  5.3433179739e-13
 5.7751582132e+00  8.1362851991e+05  4.8249403794e+00  0  8.7600000000e+00  5.3569007185e-13
-1.5226040328e+01  8.1506512503e+05  2.8442448946e+00  1  1.2100000000e+01  5.3663592747e-13
 7.6060783401e+00  8.1516983365e+05 -1.3768723152e+00  1  1.2100000000e+01  5.3670486724e-13
-1.2464075147e+02  8.1582456118e+05  2.9469972006e+02  2  1.6800000000e+01  5.3713593748e-13
-1.7148822595e+00  8.1665535149e+05 -4.0688083344e-01  0  8.7600000000e+00  5.3768292681e-13
-1.9709079069e+02  8.1698424899e+05  4.6569951398e+01  0  8.7600000000e+00  5.3789947173e-13
-5.0435573982e+02  8.1839745751e+05  9.1972091741e+02  0  8.7600000000e+00  5.3882992310e-13
 2.4513370046e+01  8.1855048211e+05  7.3727024644e+01  0  8.7600000000e+00  5.3893067395e-13
-3.3955993679e+01  8.1859707959e+05  8.6312382728e+01  0  8.7600000000e+00  5.3896135356e-13
-3.5571466613e+01  8.2014181418e+05 -2.1398136327e+01  0  8.7600000000e+00  5.3997840122e-13
-2.0152277156e+00  8.2150588256e+05 -3.5339570254e+00  0  8.7600000000e+00  5.4087649891e-13
 4.8033902328e-03  8.2218702227e+05  5.7964190635e-04  0  8.7600000000e+00  5.4132495882e-13
 1.7578266042e+00  8.2479972979e+05 -2.5817629804e+00  1  1.2100000000e+01  5.4304515600e-13
 1.7660646563e+00  8.2486659426e+05 -4.8333453118e+00  2  1.6800000000e+01  5.4308917932e-13
 4.2030336931e+01  8.2667924145e+05 -9.8610510028e+01  2  1.6800000000e+01  5.4428261967e-13
-7.6839064718e+02  8.2732691878e+05  2.2100886702e+02  0  8.7600000000e+00  5.4470904808e-13
 1.7131487939e+02  8.2856189242e+05 -7.3643171241e+01  1  1.2100000000e+01  5.4552215025e-13
 2.3494214850e+00  8.3196201432e+05  4.5641150863e+00  0  8.7600000000e+00  5.4776077820e-13
 2.0415200046e-03  8.3199707063e+05  1.8267180802e-03  3  3.2200000000e+01  5.4778385915e-13
 3.9365769536e+00  8.3250972671e+05  8.1455392713e+00  1  1.2100000000e+01  5.4812139005e-13
 5.8050249661e-01  8.3252610684e+05 -4.6352630124e+00  0  8.7600000000e+00  5.4813217467e-13
-3.8892174232e+01  8.3396603815e+05  5.6412117221e+01  1  1.2100000000e+01  5.4908022024e-13
-1.2976058637e+01  8.3397237101e+05 -1.6396595627e+00  0  8.7600000000e+00  5.4908438977e-13
-2.3400016544e+00  8.3404753621e+05 -3.4952898116e+00  2  1.6800000000e+01  5.4913387826e-13
 2.5308746753e+01  8.3437333872e+05 -1.8483960034e+01  0  8.7600000000e+00  5.4934838545e-13
-1.6231909888e+01  8.3465057355e+05  2.4377316426e+01  1  1.2100000000e+01  5.4953091586e-13
 1.8322848541e+01  8.3625299655e+05  2.2332197141e+01  0  8.7600000000e+00  5.5058594537e-13
 1.6507746357e-03  8.3677417020e+05  4.5693018332e-03  0  8.7600000000e+00  5.5092908421e-13
-7.5005470491e+01  8.3697225470e+05 -2.6643524616e+02  2  1.6800000000e+01  5.5105950233e-13
-7.4242479848e+01  8.3879271398e+05 -9.0416528750e+01  2  1.6800000000e+01  5.5225808613e-13
 7.0851106840e+01  8.3910403793e+05 -3.3641237394e+01  0  8.7600000000e+00  5.5246306069e-13
 8.7895495601e+01  8.4007746969e+05  5.9158324388e+01  2  1.6800000000e+01  5.5310396464e-13
-7.6136203340e+00  8.4050223996e+05  5.3485395171e+00  0  8.7600000000e+00  5.5338363184e-13
-1.5479710687e+02  8.4131734414e+05  3.6885477951e+01  1  1.2100000000e+01  5.5392029348e-13
 3.0717177630e+01  8.4291903745e+05 -2.3833847231e+01  2  1.6800000000e+01  5.5497484256e-13
 6.6865151055e+00  8.4320824024e+05 -2.7783271565e+00  0  8.7600000000e+00  5.5516525263e-13
-3.2401816836e+00  8.4340249288e+05 -5.5185088959e-03  2  1.6800000000e+01  5.5529314787e-13
-3.7440894399e-03  8.4383026975e+05  3.0887843101e-03  3  3.2200000000e+01  5.5557479461e-13
-2.9816589255e+01  8.4394342037e+05 -8.9286062970e+01  1  1.2100000000e+01  5.5564929257e-13
-5.2081369262e+01  8.4458996683e+05 -1.1978985942e+03  0  8.7600000000e+00  5.5607497641e-13
 3.1364958478e+01  8.4531476331e+05 -1.6199227742e+01  1  1.2100000000e+01  5.5655217979e-13
-4.8603100908e+01  8.4594206591e+05 -1.3546308974e+02  2  1.6800000000e+01  5.5696519356e-13
 3.1978994600e-03  8.4644347018e+05 -2.9037765637e-03  2  1.6800000000e+01  5.5729531631e-13
 1.4301763704e+01  8.4649824915e+05  2.4890381231e+01  0  8.7600000000e+00  5.5733138258e-13
 4.1110368426e-01  8.4965981160e+05  7.4832866453e-02  0  8.7600000000e+00  5.5941294385e-13
-3.7727054203e-03  8.4990780188e+05  2.1400013506e-03  1  1.2100000000e+01  5.5957621976e-13
-2.9973002421e-03  8.5213272623e+05  4.3748314862e-03  2  1.6800000000e+01  5.6104110190e-13
 1.3710803957e+00  8.5226747970e+05 -7.4291998739e-01  2  1.6800000000e+01  5.6112982309e-13
-1.6219545901e+01  8.5259592074e+05 -1.0133908538e+02  2  1.6800000000e+01  5.6134606749e-13
-2.3679995374e-01  8.5402469526e+05 -1.0570404294e-01  1  1.2100000000e+01  5.6228676745e-13
 6.8486641630e+00  8.5408556729e+05  4.4052872695e+01  1  1.2100000000e+01  5.6232684538e-13
-2.2072113991e-03  8.5503427923e+05  3.3980156334e-03  2  1.6800000000e+01  5.6295147389e-13
 4.4875073500e-04  8.5672988983e+05  2.1536032097e-03  2  1.6800000000e+01  5.6406785776e-13
-2.7725096897e+01  8.5673878959e+05 -5.6806267706e+00  1  1.2100000000e+01  5.6407371734e-13
-1.0678032307e+01  8.5714789683e+05 -2.5645951564e+01  0  8.7600000000e+00  5.6434307206e-13
 1.4932162772e+00  8.5768570408e+05  5.2394493427e+00  1  1.2100000000e+01  5.6469716241e-13
-2.8716965596e+02  8.5899028515e+05  5.0909132520e+02  0  8.7600000000e+00  5.6555609386e-13
-1.8673728091e+01  8.5978431472e+05 -3.2130875407e+01  3  3.2200000000e+01  5.6607888005e-13
-1.0490520658e+01  8.6018802507e+05  2.9325901191e+01  1  1.2100000000e+01  5.6634468149e-13
-3.4455072311e+00  8.6055164213e+05  1.2002187392e+01  2  1.6800000000e+01  5.6658408564e-13
-4.3908542392e-03  8.6104060159e+05  2.9128020992e-03  3  3.2200000000e+01  5.6690601478e-13
-4.5351185834e-03  8.6223174421e+05 -1.7380307553e-03  0  8.7600000000e+00  5.6769025877e-13
-1.0829044069e-03  8.6291602382e+05 -3.7436612666e-04  1  1.2100000000e+01  5.6814078599e-13
-1.2037921423e+01  8.6479640818e+05  6.2961749894e+00  2  1.6800000000e+01  5.6937882425e-13
 1.9033741184e-01  8.6603843089e+05 -2.2304812709e+00  0  8.7600000000e+00  5.7019656750e-13
-8.9784565715e+00  8.6651276246e+05  1.0398024373e+00  1  1.2100000000e+01  5.7050886569e-13
 4.9169706512e+00  8.6716063739e+05  2.1233321588e+00  0  8.7600000000e+00  5.7093542419e-13
 1.6851100583e+01  8.6763157870e+05 -2.6510283110e+01  1  1.2100000000e+01  5.7124549025e-13
 4.1114638001e+01  8.6828564141e+05  5.5298997727e+01  2  1.6800000000e+01  5.7167612277e-13
-2.1474768859e+01  8.7023659383e+05 -4.2373965665e+01  0  8.7600000000e+00  5.7296062278e-13
-1.9714908288e-03  8.7042097278e+05 -4.8463591839e-03  2  1.6800000000e+01  5.7308201721e-13
 7.3851047800e+00  8.7099985825e+05 -3.2872397962e-01  0  8.7600000000e+00  5.7346315331e-13
 1.9071794245e+00  8.7108101694e+05 -7.8464291577e+00  1  1.2100000000e+01  5.7351658790e-13
 5.6852905580e+01  8.7576330649e+05  1.1032005897e+02  1  1.2100000000e+01  5.7659939038e-13
-5.7215866712e+00  8.7625007583e+05 -7.5521407931e+00  2  1.6800000000e+01  5.7691987756e-13
-2.7588044842e-03  8.7970058240e+05  2.7730347532e-03  0  8.7600000000e+00  5.7919167859e-13
 5.2521647119e+00  8.8082427813e+05 -2.2913117709e+00  0  8.7600000000e+00  5.7993151579e-13
-1.9738594156e+01  8.8084399954e+05 -3.0027951636e+01  2  1.6800000000e+01  5.7994450030e-13
-6.7029161387e+01  8.8347879889e+05 -6.2962145039e+01  0  8.7600000000e+00  5.8167924265e-13
-3.6049034347e-03  8.8423428630e+05  2.3879732505e-03  2  1.6800000000e+01  5.8217665282e-13
 3.3558641116e+00  8.8541561567e+05 -2.7057265915e+00  1  1.2100000000e+01  5.8295443580e-13
-1.8279416091e+01  8.8617889097e+05 -4.2487055665e+00  0  8.7600000000e+00  5.8345697350e-13
-5.6280878227e+01  8.8695843469e+05 -2.7513449609e+01  0  8.7600000000e+00  5.8397022226e-13
 1.2120553053e+02  8.8861518043e+05 -9.8790798403e+01  1  1.2100000000e+01  5.8506101766e-13
 4.6664217625e-03  8.8996466210e+05 -1.4494374564e-03  3  3.2200000000e+01  5.8594951151e-13
-6.9532996309e-04  8.9235166983e+05  3.5893103846e-03  3  3.2200000000e+01  5.8752110876e-13
-4.4603655252e-03  8.9341651448e+05  4.6366180385e-03  1  1.2100000000e+01  5.8822219861e-13
-1.5750227415e+00  8.9839367325e+05 -3.2108921095e+01  0  8.7600000000e+00  5.9149914193e-13
 3.5561420299e+00  8.9862910991e+05  4.9737651502e-01  0  8.7600000000e+00  5.9165415258e-13
 1.6167976823e+01  8.9867121265e+05 -2.5930782991e+00  0  8.7600000000e+00  5.9168187286e-13
 2.9407524212e+00  8.9936877129e+05  1.2003467428e+00  2  1.6800000000e+01  5.9214114295e-13
 4.2756767208e+01  8.9958503148e+05  1.3237310774e+02  1  1.2100000000e+01  5.9228352788e-13
 5.9529963618e+01  9.0020416064e+05 -4.5952600245e+01  0  8.7600000000e+00  5.9269116027e-13
 1.3134132920e-02  9.0091971550e+05 -3.5040326439e-01  1  1.2100000000e+01  5.9316227901e-13
 1.4440344234e+00  9.0133525361e+05 -1.0542389935e+00  2  1.6800000000e+01  5.9343586779e-13
 5.3179482820e+00  9.0213902247e+05  7.0917255808e+00  2  1.6800000000e+01  5.9396506630e-13
 1.0762134032e+01  9.0274377211e+05  2.4541509363e+01  0  8.7600000000e+00  5.9436323127e-13
-5.3690556281e+00  9.0295996903e+05 -2.1686860620e+00  0  8.7600000000e+00  5.9450557454e-13
-1.8879081384e+01  9.0494923368e+05  2.8919890008e+01  1  1.2100000000e+01  5.9581529918e-13
-2.3606274311e-03  9.0498549145e+05  4.9347650865e-03  3  3.2200000000e+01  5.9583917117e-13
 1.0862477377e+00  9.0707094288e+05 -4.0775284299e-01  0  8.7600000000e+00  5.9721222484e-13
-2.6725098373e+01  9.0740710359e+05 -1.7697817924e+01  0  8.7600000000e+00  5.9743355183e-13
 1.0132456467e+01  9.0795021369e+05 -1.3520644152e+01  0  8.7600000000e+00  5.9779113356e-13
-4.7504493850e+00  9.0899956367e+05  3.3344725435e+00  2  1.6800000000e+01  5.9848202179e-13
-3.9301693381e+00  9.1079347015e+05  1.0208847776e+00  1  1.2100000000e+01  5.9966312332e-13
-1.8451303772e+00  9.1106441557e+05 -3.6433297470e+00  1  1.2100000000e+01  5.9984151280e-13
-3.4043310992e+01  9.1169602796e+05  1.1060210751e+02  2  1.6800000000e+01  6.0025736411e-13
-9.4208200093e+00  9.1253901025e+05 -1.4406248389e+01  0  8.7600000000e+00  6.0081238060e-13
-3.1214975265e+00  9.1551899742e+05 -6.6105589895e+00  0  8.7600000000e+00  6.0277439336e-13
-3.2559727963e-01  9.1718102547e+05 -4.2882478822e+00  0  8.7600000000e+00  6.0386866661e-13
 6.6675043780e+00  9.1737690470e+05  1.6423281338e+00  2  1.6800000000e+01  6.0399763279e-13
-1.4031915490e-03  9.2015372333e+05 -3.4403633692e-03  3  3.2200000000e+01  6.0582588012e-13
-4.0621707480e-01  9.2100639347e+05  6.5634674556e-01  0  8.7600000000e+00  6.0638727506e-13
-5.2495033855e+01  9.2144490206e+05  9.5129684137e+01  0  8.7600000000e+00  6.0667598752e-13
 6.2925920482e+00  9.2248323119e+05  7.9500903933e+00  3  3.2200000000e+01  6.0735961967e-13
-8.4032499812e+00  9.2288830347e+05 -1.1715140290e-01  0  8.7600000000e+00  6.0762631779e-13
-2.2718592050e+01  9.2497693671e+05 -4.4608438315e+00  2  1.6800000000e+01  6.0900146635e-13
-2.1871454023e-03  9.3001180893e+05  6.4722393902e-04  1  1.2100000000e+01  6.1231640799e-13
 3.1660917402e+01  9.3024257567e+05  3.0577259132e+00  2  1.6800000000e+01  6.1246834398e-13
 2.5730567377e+01  9.3089383101e+05 -2.8123934224e+01  1  1.2100000000e+01  6.1289712814e-13
-2.5431780795e-01  9.3095793249e+05  1.5086174836e+00  0  8.7600000000e+00  6.1293933232e-13
-1.4792209817e-01  9.3117428800e+05  1.5326577097e+00  0  8.7600000000e+00  6.1308178000e-13
-2.1072568312e-03  9.3185333705e+05  3.3344382645e-03  0  8.7600000000e+00  6.1352886344e-13
 8.0130195348e+00  9.3200994067e+05 -2.6571582947e+00  1  1.2100000000e+01  6.1363197070e-13
-1.3200655665e+01  9.3256221444e+05  5.0020807479e+00  0  8.7600000000e+00  6.1399558575e-13
 1.9039118834e-03  9.3438762633e+05 -9.5297515204e-04  1  1.2100000000e+01  6.1519743032e-13
-5.2198530913e+00  9.3439244187e+05 -3.6243057030e-01  0  8.7600000000e+00  6.1520060086e-13
 3.7881614604e+01  9.3490572548e+05 -2.2701982856e+01  0  8.7600000000e+00  6.1553854493e-13
 2.9118568727e+00  9.3545589688e+05  7.9653829037e+01  1  1.2100000000e+01  6.1590077579e-13
-3.6340050929e+02  9.3565907614e+05 -1.9681310478e+01  0  8.7600000000e+00  6.1603454828e-13
-2.1797531901e+01  9.3633881147e+05  4.4803547535e+00  0  8.7600000000e+00  6.1648208356e-13
 2.1679847437e+01  9.3707671824e+05 -4.9958072704e+00  2  1.6800000000e+01  6.1696791870e-13
-4.9964589290e+00  9.3857725644e+05 -4.4569495412e+00  0  8.7600000000e+00  6.1795586762e-13
-1.0615731668e+02  9.3927523617e+05 -8.4812248806e+00  0  8.7600000000e+00  6.1841541495e-13
 1.6337676732e+00  9.4183750002e+05 -4.7524361106e+00  3  3.2200000000e+01  6.2010240019e-13
 2.7998145461e+00  9.4274113547e+05  1.0395233825e+00  0  8.7600000000e+00  6.2069735050e-13
-5.0418554087e+00  9.4471326237e+05 -8.4177702124e-01  0  8.7600000000e+00  6.2199579171e-13
-4.1178638216e+00  9.4477854812e+05 -5.4719998983e+01  0  8.7600000000e+00  6.2203877562e-13
-6.4386215915e+01  9.4940090937e+05  1.2029434448e+01  0  8.7600000000e+00  6.2508212153e-13
-2.1755587803e+00  9.5021331388e+05  6.4411247060e+00  2  1.6800000000e+01  6.2561700572e-13
-1.0634429151e+01  9.5433245426e+05  3.2364917794e+00  1  1.2100000000e+01  6.2832903283e-13
-7.3849597749e+00  9.5654891966e+05 -2.0093213511e+02  0  8.7600000000e+00  6.2978834562e-13
-1.5091227122e+01  9.5865695744e+05 -7.5774464719e+00  2  1.6800000000e+01  6.3117627006e-13
 3.3466196891e-03  9.5874012065e+05 -3.3628858479e-03  2  1.6800000000e+01  6.3123102442e-13
-4.4835765078e-01  9.6000095564e+05  6.1226557277e+00  1  1.2100000000e+01  6.3206115362e-13
-5.3777743614e+01  9.6044841976e+05 -3.5185366539e+01  0  8.7600000000e+00  6.3235576237e-13
-3.0110371441e+02  9.6120714452e+05  1.2152123872e+02  0  8.7600000000e+00  6.3285530400e-13
-2.9381467856e+01  9.6138126703e+05 -5.4408731150e-01  2  1.6800000000e+01  6.3296994564e-13
-1.5408496281e+00  9.6175518904e+05  2.2286470944e+00  0  8.7600000000e+00  6.3321613454e-13
-1.4110719558e+01  9.6197147058e+05  1.8791548228e+00  0  8.7600000000e+00  6.3335853352e-13
-3.0824786068e+01  9.6538652973e+05 -1.1205965126e+02  0  8.7600000000e+00  6.3560699610e-13
 1.2833043877e+00  9.6584162064e+05  4.1994393251e+00  1  1.2100000000e+01  6.3590662631e-13
 3.9858031523e+00  9.6658178983e+05 -3.0584950087e+00  1  1.2100000000e+01  6.3639395102e-13
-2.2444927610e-05  9.6720819610e+05  2.7681016632e-03  3  3.2200000000e+01  6.3680637464e-13
 8.5366683321e-01  9.6828524344e+05  5.8771185128e-01  0  8.7600000000e+00  6.3751549871e-13
 1.5045775507e+01  9.6873333072e+05 -1.0840236797e+01  1  1.2100000000e+01  6.3781051775e-13
 3.4846537507e-03  9.6921792871e+05 -3.4244126540e-03  1  1.2100000000e+01  6.3812957531e-13
 2.9514338076e+02  9.6987374227e+05  1.2484384728e+02  0  8.7600000000e+00  6.3856136059e-13
-1.4486251712e+00  9.7423849038e+05  5.1007314320e+00  2  1.6800000000e+01  6.4143509494e-13
-3.2908482981e+00  9.7559447024e+05 -8.2145100279e+00  1  1.2100000000e+01  6.4232786717e-13
 3.6143464758e+00  9.7831834549e+05  3.4175117552e+00  0  8.7600000000e+00  6.4412125678e-13
 7.8064820777e+01  9.7850512357e+05  1.1254739266e+02  1  1.2100000000e+01  6.4424423079e-13
-1.6036228929e+01  9.7892495231e+05  1.3365526206e+01  1  1.2100000000e+01  6.4452064451e-13
-2.5427611004e+01  9.7903665249e+05 -1.5709722938e+01  2  1.6800000000e+01  6.4459418750e-13
-1.1553876687e+02  9.7943865193e+05 -2.1787853633e+02  0  8.7600000000e+00  6.4485886248e-13
 6.4587982078e+01  9.8060474227e+05  7.7272570683e+00  1  1.2100000000e+01  6.4562661213e-13
 1.8569467724e+00  9.8081150626e+05  2.4904288108e+00  0  8.7600000000e+00  6.4576274480e-13
-3.9007456916e+02  9.8091913038e+05  1.8035010704e+02  1  1.2100000000e+01  6.4583360413e-13
-3.3867607217e+00  9.8094147476e+05 -6.7068071913e+00  1  1.2100000000e+01  6.4584831559e-13
-1.0760517593e+03  9.8159187186e+05 -4.2479317024e+02  0  8.7600000000e+00  6.4627653469e-13
 3.6693806238e+01  9.8255784038e+05 -2.2924980548e+01  0  8.7600000000e+00  6.4691252486e-13
-7.4686670340e+00  9.8281730757e+05 -6.5450332444e+00  0  8.7600000000e+00  6.4708335712e-13
 1.2912569110e+01  9.8298542381e+05 -3.1834075523e+01  1  1.2100000000e+01  6.4719404425e-13
 1.1917028207e+00  9.8520853219e+05  2.2125866002e+00  0  8.7600000000e+00  6.4865773075e-13
-7.1979865554e+00  9.8580798568e+05  1.1866480919e+01  1  1.2100000000e+01  6.4905240876e-13
 1.0928346022e+01  9.8729628774e+05  2.5715586306e+00  1  1.2100000000e+01  6.5003230145e-13
-1.1344741511e+02  9.8810898794e+05 -1.2028221915e+02  1  1.2100000000e+01  6.5056738032e-13
-4.1034754268e-03  9.9033191506e+05  2.8885011412e-03  1  1.2100000000e+01  6.5203094748e-13
-4.2078038702e+01  9.9073385606e+05 -5.7651315207e+01  0  8.7600000000e+00  6.5229558398e-13
-1.4229396149e+02  9.9394327835e+05 -1.0867583733e+01  0  8.7600000000e+00  6.5440865600e-13
 6.5666925893e+01  9.9451630639e+05  3.9315829122e+02  0  8.7600000000e+00  6.5478593559e-13
 3.3929837796e+00  9.9626322811e+05  1.2456453737e+01  0  8.7600000000e+00  6.5593610252e-13
-1.2467297074e+02  9.9676992611e+05 -7.4324195537e+00  0  8.7600000000e+00  6.5626971065e-13
 2.6381719753e+01  9.9726142763e+05  1.6448603965e+01  0  8.7600000000e+00  6.5659331348e-13
 3.7150212624e+01  9.9906075678e+05  4.0719692764e+02  2  1.6800000000e+01  6.5777798527e-13
-1.9549552610e+01  9.9945125067e+05 -4.4535058959e+01  0  8.7600000000e+00  6.5803508503e-13
-3.1688484445e+00  1.0013339071e+06  4.0962559953e+00  0  8.7600000000e+00  6.5927461922e-13