 x                 y                 z               Event            Energy              Time
-2.1997717476e-03  1.1092043034e+02 -1.5637611023e-03  2  1.6800000000e+01  6.0296842019e-17
-9.3400448212e+00  6.2989826340e+02  8.2602501617e+00  1  1.2100000000e+01  3.4241551317e-16
-2.4255138918e+00  1.9488554172e+03 -1.4346008639e+00  1  1.2100000000e+01  1.0594065209e-15
-2.1328463252e-03  3.5610217013e+03  3.2518118239e-03  3  3.2200000000e+01  1.9357873233e-15
 4.2999418800e+00  5.5384423301e+03  5.0896882513e+00  0  8.7600000000e+00  3.0107220210e-15
 1.8093457938e+01  6.9270639463e+03  4.2088171281e+00  1  1.2100000000e+01  3.7655829421e-15
 6.0556198382e+01  7.4244111093e+03  5.7368772719e+01  1  1.2100000000e+01  4.0359430842e-15
 3.2013247061e-03  8.2212029436e+03  4.6643347431e-03  4  4.0000000000e+01  4.4690826890e-15
-2.9226051223e-01  1.1298290039e+04 -8.1734782028e-01  1  1.2100000000e+01  6.1418009963e-15
-2.5708016154e+00  1.1435374496e+04  1.6560421324e-01  0  8.7600000000e+00  6.2163207202e-15
-1.1032312349e+02  1.4973090075e+04  1.6965021512e+02  1  1.2100000000e+01  8.1394387308e-15
-1.0522026170e+02  1.6246848370e+04 -2.4759160507e+02  2  1.6800000000e+01  8.8318594369e-15
 5.2251145523e+01  2.0290762644e+04 -8.2374192393e+01  0  8.7600000000e+00  1.1030149322e-14
 3.4740277419e-03  2.1563327456e+04 -2.0157415313e-03  1  1.2100000000e+01  1.1721921246e-14
 9.6699623109e-02  2.2457677556e+04 -2.3441669055e+00  3  3.2200000000e+01  1.2208093960e-14
 5.0896834525e+01  2.6465582715e+04  1.0435517294e+01  1  1.2100000000e+01  1.4386809130e-14
-4.6861442683e-01  2.6794144271e+04 -4.2674462104e+00  3  3.2200000000e+01  1.4565416661e-14
-1.9952590662e+01  2.7257936917e+04  1.0207617140e+01  2  1.6800000000e+01  1.4817536417e-14
-4.9920942628e+00  2.7757373115e+04 -7.6030417596e-01  1  1.2100000000e+01  1.5089032168e-14
-5.5154959701e+00  2.9736768165e+04 -4.9280908329e+00  1  1.2100000000e+01  1.6165040170e-14
-9.4477258191e+00  3.0179645804e+04 -3.1453656726e+00  1  1.2100000000e+01  1.6405790436e-14
-2.0413822504e+01  3.2536078145e+04 -1.9024619110e+01  0  8.7600000000e+00  1.7686757595e-14
-8.9920930536e-01  3.2841916256e+04  2.4072649601e-02  0  8.7600000000e+00  1.7853012560e-14
-2.7048194763e+00  3.3402367026e+04 -2.1568062522e+01  0  8.7600000000e+00  1.8157676105e-14
 1.0545942292e+00  3.5491574741e+04 -8.7636030269e+01  2  1.6800000000e+01  1.9293378763e-14
-1.9730587752e+01  3.6938515934e+04 -1.5168906964e+01  0  8.7600000000e+00  2.0079942467e-14
 1.4320837969e-03  4.0911892052e+04 -9.6762531715e-04  2  1.6800000000e+01  2.2239887495e-14
-2.8787053180e-03  4.1560738647e+04 -2.4002801196e-03  2  1.6800000000e+01  2.2592603406e-14
 2.0752539720e+00  4.3128109091e+04 -8.9333389552e-01  0  8.7600000000e+00  2.3444632990e-14
 4.9647506312e+01  4.5319140629e+04  8.0194076146e+00  0  8.7600000000e+00  2.4635687533e-14
 4.4092104463e-01  4.5360917506e+04 -5.2290908538e-01  2  1.6800000000e+01  2.4658397630e-14
-1.9039051830e+02  4.6234439885e+04  4.1146695088e+01  2  1.6800000000e+01  2.5133248302e-14
 1.4598489590e+02  4.6754181272e+04  3.4302243714e+01  0  8.7600000000e+00  2.5415782045e-14
-5.9998308361e+00  4.7860544046e+04  1.9055887637e+02  1  1.2100000000e+01  2.6017205797e-14
 4.9197407409e+00  4.9205875200e+04 -8.5560784537e-01  0  8.7600000000e+00  2.6748533829e-14
 6.9028340454e+00  4.9275068870e+04 -1.4997278182e+01  2  1.6800000000e+01  2.6786147817e-14
 5.7927085137e+00  5.1178138230e+04  1.1220021192e+02  1  1.2100000000e+01  2.7820664833e-14
-1.5079696460e-03  5.2328378492e+04 -4.4458406556e-03  0  8.7600000000e+00  2.8445940584e-14
-1.2517029163e+01  5.2480325838e+04 -3.5414606299e+00  2  1.6800000000e+01  2.8528539841e-14
-4.9321436451e-01  5.6401603470e+04  2.1782549772e-01  3  3.2200000000e+01  3.0660163899e-14
 2.5055106598e+01  5.7582977466e+04 -4.9710113012e+01  0  8.7600000000e+00  3.1302364087e-14
-2.2682355165e+02  5.8635881796e+04 -1.6893072929e+02  1  1.2100000000e+01  3.1874727590e-14
-6.9772120342e+01  6.0778146522e+04  4.6302478259e+01  1  1.2100000000e+01  3.3039272276e-14
-3.7412926372e+00  6.0906957485e+04  5.6610594071e-01  0  8.7600000000e+00  3.3109294492e-14
 3.4540285407e+01  6.1800823034e+04  3.6342145938e+01  2  1.6800000000e+01  3.3595203802e-14
 2.0870623442e+02  6.2636531141e+04 -3.0362622580e+02  0  8.7600000000e+00  3.4049498466e-14
 3.2228025276e+01  6.3224761307e+04  4.1198545937e+00  1  1.2100000000e+01  3.4369263015e-14
-6.1958112062e+01  6.3238428650e+04  1.8076904784e+02  2  1.6800000000e+01  3.4376692644e-14
-1.2438981311e-03  6.4583696973e+04  3.8041111588e-03  1  1.2100000000e+01  3.5107986521e-14
-4.3037532127e-03  6.7887108986e+04 -3.1802458727e-03  3  3.2200000000e+01  3.6903736066e-14
-8.2592854471e+01  6.8695114690e+04 -6.0182587148e+01  1  1.2100000000e+01  3.7342971580e-14
-3.9238197980e-04  7.3250559124e+04 -4.7639345144e-03  2  1.6800000000e+01  3.9819331548e-14
 2.1209018360e+01  7.5577480113e+04 -8.8630742013e+00  0  8.7600000000e+00  4.1084256205e-14
 1.9888536884e+00  7.5955577417e+04  7.4466729619e-01  0  8.7600000000e+00  4.1289791591e-14
-8.4052748865e+01  7.8455313344e+04  2.9016131245e+01  2  1.6800000000e+01  4.2648659220e-14
 3.3071434654e-01  7.9724654555e+04  3.1709160357e+00  0  8.7600000000e+00  4.3338678780e-14
-1.1762705042e+01  8.0657404766e+04 -2.4651494678e+00  1  1.2100000000e+01  4.3845725966e-14
-9.5643402909e-01  8.2092789802e+04  1.4517511965e+00  2  1.6800000000e+01  4.4626007691e-14
 2.5526168931e-03  8.3389673435e+04  1.8321224241e-03  2  1.6800000000e+01  4.5330999435e-14
-4.7165735569e+02  8.4477916201e+04 -1.8687975001e+02  0  8.7600000000e+00  4.5922573069e-14
 2.4815814046e-03  8.4713529831e+04 -2.0613334966e-03  3  3.2200000000e+01  4.6050653692e-14
-9.2566523490e+00  8.4909795906e+04  4.1135385039e+00  0  8.7600000000e+00  4.6157344808e-14
-9.6895237497e+00  8.4932397134e+04 -1.0916239399e+00  3  3.2200000000e+01  4.6169630937e-14
-4.6313236967e+01  8.7241530833e+04 -6.5354946941e+00  0  8.7600000000e+00  4.7424886343e-14
-4.8320776549e-03  8.8175998200e+04 -2.7291464376e-03  2  1.6800000000e+01  4.7932866983e-14
 5.3296375395e+01  8.8628660956e+04  4.4521941923e+01  0  8.7600000000e+00  4.8178936482e-14
-1.4148052356e+02  9.5950941134e+04  3.3589245923e+01  1  1.2100000000e+01  5.2159360735e-14
 1.2358233688e-03  9.7235266950e+04  4.8335880762e-04  3  3.2200000000e+01  5.2857525993e-14
-2.2744905915e+00  1.0091227703e+05  1.4996502348e+00  0  8.7600000000e+00  5.4856365119e-14
 7.1464574220e+02  1.0494419146e+05 -9.1523639927e+01  1  1.2100000000e+01  5.7048131837e-14
-1.9072524965e+02  1.0703981980e+05 -7.9239740189e+01  2  1.6800000000e+01  5.8187324773e-14
 4.1723734326e+00  1.0705679342e+05  2.4922587044e+00  2  1.6800000000e+01  5.8196551707e-14
-3.2528823589e+01  1.0771196570e+05 -1.4161792160e+01  1  1.2100000000e+01  5.8552706288e-14
-1.1168175728e+00  1.0863429108e+05 -3.5355660281e+00  0  8.7600000000e+00  5.9054086489e-14
 3.8114796899e-03  1.0912729190e+05 -4.6085132540e-04  1  1.2100000000e+01  5.9322083944e-14
 4.4717739613e-03  1.0992681542e+05 -2.8950322130e-03  0  8.7600000000e+00  5.9756708502e-14
 3.6875107160e+00  1.1020595950e+05 -5.5780326961e+00  1  1.2100000000e+01  5.9908452474e-14
-1.9702531768e+02  1.1121903926e+05  2.5104147368e+02  0  8.7600000000e+00  6.0459167164e-14
 2.4547186552e-01  1.1287273293e+05 -3.9203517154e+00  0  8.7600000000e+00  6.1358122438e-14
 3.4914164776e+01  1.1540043806e+05 -1.5591549587e+01  2  1.6800000000e+01  6.2732194252e-14
 3.8327751487e+02  1.1602577405e+05 -3.6402704851e+02  1  1.2100000000e+01  6.3072129690e-14
-3.1289210249e+02  1.1698882436e+05  8.2291081505e+02  0  8.7600000000e+00  6.3595648145e-14
 1.4702728742e+01  1.1699510797e+05 -7.7585723948e+00  0  8.7600000000e+00  6.3599063946e-14
 3.1935957625e-03  1.1912220932e+05  4.7639795764e-03  3  3.2200000000e+01  6.4755365752e-14
-9.2622866494e-01  1.2073306337e+05 -4.3237719822e+00  3  3.2200000000e+01  6.5631033220e-14
-1.2591567636e+02  1.2110930749e+05 -1.0418828495e+02  1  1.2100000000e+01  6.5835561206e-14
-1.7952591399e-03  1.2380042587e+05 -2.9203638099e-03  0  8.7600000000e+00  6.7298465193e-14
 3.3507462627e+01  1.2643656041e+05 -6.5753662644e+00  0  8.7600000000e+00  6.8731479719e-14
 4.7100299085e+01  1.2733459423e+05  1.7830162738e+02  1  1.2100000000e+01  6.9219654919e-14
-5.1096054906e+01  1.3087601938e+05 -7.2685452284e+01  0  8.7600000000e+00  7.1144789470e-14
-6.3288643638e-01  1.3088391885e+05 -9.6761590496e-01  2  1.6800000000e+01  7.1149083659e-14
 5.3959880713e-03  1.3373281007e+05 -7.0052696454e-01  0  8.7600000000e+00  7.2697753668e-14
-1.1098228189e+00  1.3457075860e+05 -6.7957232618e+00  0  8.7600000000e+00  7.3153266236e-14
 9.1580473379e+00  1.3523688221e+05  7.8984835048e+00  2  1.6800000000e+01  7.3515374008e-14
 1.4174713630e+02  1.3547912856e+05  9.8135778792e+00  2  1.6800000000e+01  7.3647060210e-14
-2.5545525912e-03  1.3562444668e+05 -4.3654002712e-03  1  1.2100000000e+01  7.3726055786e-14
-1.0428770642e+00  1.3806993463e+05 -3.4151536899e+00  1  1.2100000000e+01  7.5055433973e-14
 4.4302358032e+00  1.4133970091e+05 -3.3181817757e+01  0  8.7600000000e+00  7.6832893547e-14
-2.6218884778e+00  1.4179833877e+05 -1.8457345847e-01  2  1.6800000000e+01  7.7082211140e-14
 7.1764203055e-04  1.4228693199e+05  1.4096074069e-03  0  8.7600000000e+00  7.7347812600e-14
-3.3069802024e+02  1.4455934618e+05 -3.8214556717e+00  0  8.7600000000e+00  7.8583107119e-14
-6.9016112623e+02  1.4543927301e+05  3.8019964831e+01  0  8.7600000000e+00  7.9061439276e-14
-3.8925848682e+00  1.4574232479e+05  1.3466804531e+00  3  3.2200000000e+01  7.9226179580e-14
-1.4774723994e+00  1.5062228819e+05 -1.6976325337e+00  0  8.7600000000e+00  8.1878949511e-14
-2.9872498292e+00  1.5179495100e+05  1.1324100117e+00  1  1.2100000000e+01  8.2516414256e-14
-2.6859956702e+00  1.5268556247e+05  1.6321075221e+00  2  1.6800000000e+01  8.3000554638e-14
-3.5312381740e+02  1.5870161075e+05 -6.7618089014e+01  0  8.7600000000e+00  8.6270905385e-14
 2.8227188749e+01  1.5919989649e+05 -1.3510924969e+01  1  1.2100000000e+01  8.6541775746e-14
-9.8723406823e-01  1.6557808952e+05  2.7631237632e+00  0  8.7600000000e+00  9.0008990003e-14
 1.2716877071e-03  1.6756536448e+05  3.2552925396e-03  0  8.7600000000e+00  9.1089281555e-14
 1.9941780293e+00  1.7240733420e+05  2.9912212694e+00  0  8.7600000000e+00  9.3721397950e-14
-2.1878757869e-01  1.7276060790e+05 -3.8348237844e+00  0  8.7600000000e+00  9.3913439118e-14
 1.7017131190e-03  1.7277920202e+05  6.9239151929e-04  0  8.7600000000e+00  9.3923546965e-14
-3.1622759386e+00  1.7369319612e+05 -8.2066194925e-01  1  1.2100000000e+01  9.4420398241e-14
-1.4689879266e+02  1.7428799108e+05 -4.1479449081e+02  0  8.7600000000e+00  9.4743731441e-14
-1.6881332454e+00  1.7701379302e+05 -2.8009222713e+00  0  8.7600000000e+00  9.6225489570e-14
-2.9757352676e-03  1.7759424296e+05 -3.1826427710e-03  1  1.2100000000e+01  9.6541024750e-14
 8.9314600102e+00  1.7898155611e+05 -6.6528476266e+01  0  8.7600000000e+00  9.7295174384e-14
-6.7705246884e-04  1.7933025169e+05  7.7915616603e-04  1  1.2100000000e+01  9.7484726863e-14
-4.4492432507e+01  1.8133891077e+05  3.4420358683e+01  1  1.2100000000e+01  9.8576642920e-14
-4.9984344844e+01  1.8137894527e+05 -1.0147240004e+01  1  1.2100000000e+01  9.8598405857e-14
-6.0448099547e+00  1.8966238961e+05  6.1137321971e+00  0  8.7600000000e+00  1.0310132324e-13
 4.0547117811e-01  1.9256793963e+05 -1.4132771146e+00  2  1.6800000000e+01  1.0468079323e-13
-1.9709892401e+00  1.9300602878e+05  1.6223129015e+00  0  8.7600000000e+00  1.0491894045e-13
-6.9823999732e+00  1.9381430995e+05 -3.6770129933e+00  1  1.2100000000e+01  1.0535832571e-13
-2.5957495271e+01  1.9403526757e+05  3.8725592794e+00  2  1.6800000000e+01  1.0547843926e-13
-2.8030003205e+00  1.9741606093e+05  4.1248717176e+00  2  1.6800000000e+01  1.0731625365e-13
-4.7223176014e-03  1.9772445116e+05  2.0080728536e-03  1  1.2100000000e+01  1.0748389596e-13
-2.6521088898e+00  2.0094667710e+05 -2.2538142931e+01  0  8.7600000000e+00  1.0923551239e-13
-3.1955025407e-04  2.0119619119e+05 -6.8112007607e-04  0  8.7600000000e+00  1.0937114937e-13
 7.8362961254e-01  2.0219466384e+05  6.5484732347e-01  0  8.7600000000e+00  1.0991392357e-13
 5.2505982638e+00  2.0970289165e+05  2.4730123707e-01  0  8.7600000000e+00  1.1399542979e-13
 2.4148815206e-03  2.0980633598e+05 -3.0862827357e-03  0  8.7600000000e+00  1.1405166259e-13
-1.1539394251e-03  2.0990070051e+05 -4.2599174144e-03  2  1.6800000000e+01  1.1410295957e-13
-2.0341643451e+02  2.1333337571e+05  1.3262834420e+02  1  1.2100000000e+01  1.1596897716e-13
 4.8830542277e+01  2.1479062160e+05 -3.0853349722e+01  0  8.7600000000e+00  1.1676114254e-13
 5.2847526878e-01  2.1568988631e+05  1.0108853992e+01  1  1.2100000000e+01  1.1724998686e-13
 3.5680161363e-03  2.1636845331e+05 -2.3527967079e-03  1  1.2100000000e+01  1.1761885891e-13
 2.8152754625e+01  2.1664899587e+05  1.5885269607e+02  1  1.2100000000e+01  1.1777136311e-13
 2.0824060086e+00  2.1729808556e+05 -7.1555715006e+00  3  3.2200000000e+01  1.1812421116e-13
-1.9276019130e+01  2.1988063789e+05  1.0396950171e+01  0  8.7600000000e+00  1.1952809816e-13
-6.8146653730e+00  2.2008608700e+05 -5.1929486496e+00  0  8.7600000000e+00  1.1963978122e-13
 7.2006905943e-02  2.2012639282e+05 -3.8822898083e+00  0  8.7600000000e+00  1.1966169164e-13
-9.5508825137e+01  2.2098052168e+05  7.3902357139e+01  0  8.7600000000e+00  1.2012599991e-13
-3.3488950717e+01  2.2172471520e+05  1.6726435911e+02  0  8.7600000000e+00  1.2053054683e-13
 2.1073154874e+02  2.2229938529e+05 -5.0863281623e+01  0  8.7600000000e+00  1.2084294006e-13
 1.4281779030e+02  2.2558546760e+05 -6.7618817130e+01  0  8.7600000000e+00  1.2262926910e-13
 2.7731285369e+01  2.2677554606e+05 -1.4116327966e+01  1  1.2100000000e+01  1.2327620108e-13
 7.2288229209e-01  2.2747045029e+05 -1.5185859931e+00  0  8.7600000000e+00  1.2365395413e-13
 1.3857534961e+00  2.2748394532e+05  1.7766104553e+00  2  1.6800000000e+01  1.2366129009e-13
-3.5940398537e+00  2.3253792101e+05 -1.0222005380e+00  1  1.2100000000e+01  1.2640865387e-13
-3.4542702178e-03  2.3933165377e+05  4.0804497847e-03  3  3.2200000000e+01  1.3010175739e-13
 2.1949660761e+02  2.4081123717e+05 -1.6669791872e+02  1  1.2100000000e+01  1.3090606554e-13
 1.1953107785e-04  2.4428719914e+05 -1.0411745059e-03  2  1.6800000000e+01  1.3279561401e-13
-6.8357126621e+00  2.4815509211e+05 -5.7720056086e+00  0  8.7600000000e+00  1.3489821793e-13
 7.5649543424e+01  2.4919282359e+05  1.0987359138e+02  0  8.7600000000e+00  1.3546233340e-13
 6.3080204989e+01  2.4966234826e+05 -2.4241012595e-01  2  1.6800000000e+01  1.3571756912e-13
-5.3696419595e+00  2.4967082774e+05  1.8119940925e+01  2  1.6800000000e+01  1.3572217859e-13
 1.6016841486e+00  2.5195021175e+05 -1.0390966048e+00  3  3.2200000000e+01  1.3696126194e-13
 1.6485778553e+01  2.5912919440e+05 -3.5394761378e+02  1  1.2100000000e+01  1.4086378902e-13
-2.3271530342e-01  2.5933486998e+05 -1.8504073474e+00  2  1.6800000000e+01  1.4097559518e-13
 5.0395347760e-01  2.6231423103e+05 -9.5100161028e-01  0  8.7600000000e+00  1.4259518917e-13
 2.2336005484e+02  2.6458270982e+05  1.5596154866e+02  0  8.7600000000e+00  1.4382834439e-13
-2.4848151204e+02  2.6674896972e+05 -3.5096124559e+02  0  8.7600000000e+00  1.4500593296e-13
 7.9864659856e+01  2.6704776970e+05  3.4973504550e+01  1  1.2100000000e+01  1.4516836197e-13
-1.1343589890e+01  2.6862639966e+05  9.1214555519e+00  0  8.7600000000e+00  1.4602651227e-13
-3.2521898916e-01  2.7162390473e+05  6.6346477277e-01  1  1.2100000000e+01  1.4765596943e-13
 9.8008007090e-04  2.7360898663e+05  2.2057515509e-03  0  8.7600000000e+00  1.4873506883e-13
-4.7494694895e+02  2.7988952142e+05  3.7765312882e+02  0  8.7600000000e+00  1.5214919563e-13
 4.7141642062e+01  2.8013205951e+05 -8.9894652661e+00  2  1.6800000000e+01  1.5228104042e-13
 1.2238906863e+02  2.8115043683e+05  1.2524152692e+02  0  8.7600000000e+00  1.5283463489e-13
 4.4910950612e+00  2.8142588947e+05 -1.8892528306e+00  0  8.7600000000e+00  1.5298437218e-13
-7.4005935325e+00  2.8206510370e+05 -1.1161632311e+01  1  1.2100000000e+01  1.5333185189e-13
 2.0663167383e-03  2.8398691312e+05 -1.4145795612e-03  3  3.2200000000e+01  1.5437655608e-13
 7.4980739376e+00  2.8590257901e+05 -8.6396930432e-01  0  8.7600000000e+00  1.5541792063e-13
 8.1016173385e+00  2.9293013877e+05  1.6192648549e+00  0  8.7600000000e+00  1.5923813355e-13
 1.8689912514e+00  2.9600134122e+05  1.3606717424e-02  1  1.2100000000e+01  1.6090765294e-13
 1.2357687325e+02  2.9678074374e+05 -6.2875551218e+01  2  1.6800000000e+01  1.6133133963e-13
-1.3519885284e+00  2.9816549314e+05 -1.1303240482e+01  0  8.7600000000e+00  1.6208409560e-13
 4.0288442206e+00  2.9911290224e+05 -7.2010238328e+00  3  3.2200000000e+01  1.6259911142e-13
 1.0365568977e+02  3.0044040882e+05 -2.6435464923e+01  0  8.7600000000e+00  1.6332074994e-13
-4.8386846389e-03  3.0058745221e+05 -3.7727257743e-03  1  1.2100000000e+01  1.6340068338e-13
-3.5745198457e+00  3.0327688137e+05  3.6456309011e+00  1  1.2100000000e+01  1.6486266910e-13
 9.5671123761e+00  3.0543828340e+05  2.7676419094e+01  2  1.6800000000e+01  1.6603761691e-13
 3.4746101877e+00  3.0778479486e+05 -4.1383217595e+00  1  1.2100000000e+01  1.6731319103e-13
 6.2698607473e+01  3.1478970557e+05 -4.1801887258e+01  0  8.7600000000e+00  1.7112109182e-13
-6.8292588684e+01  3.1525819276e+05  1.6974547208e+01  2  1.6800000000e+01  1.7137576356e-13
 3.4635539656e+00  3.2088193642e+05 -1.0279723299e+01  2  1.6800000000e+01  1.7443285576e-13
 1.1346775277e+02  3.2148317060e+05  2.4138115108e+01  0  8.7600000000e+00  1.7475968935e-13
 1.7979107503e-03  3.2762424790e+05 -2.5140199799e-03  2  1.6800000000e+01  1.7809800644e-13
-1.2627167341e+00  3.2895897970e+05  1.8467703207e+00  0  8.7600000000e+00  1.7882357261e-13
 2.0673635658e+00  3.3015034057e+05 -4.3587416019e+01  3  3.2200000000e+01  1.7947120171e-13
-5.3502961454e+00  3.3040701082e+05  9.3100790254e+00  1  1.2100000000e+01  1.7961072881e-13
-1.2739149721e+01  3.3100211118e+05 -1.6359351827e+01  2  1.6800000000e+01  1.7993422802e-13
 5.9693279424e+00  3.3618725415e+05 -8.5939018134e+00  0  8.7600000000e+00  1.8275289493e-13
-1.6176607108e+01  3.3749661245e+05  5.2886162290e+00  2  1.6800000000e+01  1.8346466796e-13
 4.1589127316e+01  3.3891641164e+05 -8.0005535047e+01  0  8.7600000000e+00  1.8423647715e-13
 7.1295247348e+00  3.4008815369e+05  1.7997917204e+00  1  1.2100000000e+01  1.8487344137e-13
-3.1338016587e-03  3.4101815121e+05  1.9552222695e-04  1  1.2100000000e+01  1.8537899218e-13
 1.0354439934e+01  3.4375104074e+05  3.0734628229e+01  1  1.2100000000e+01  1.8686460315e-13
 7.3107910445e-01  3.4474425378e+05  6.1879263606e-01  0  8.7600000000e+00  1.8740451820e-13
 1.1244816520e+00  3.4500412642e+05 -7.1064234617e+00  0  8.7600000000e+00  1.8754578613e-13
 6.7463564747e+00  3.4537887021e+05  2.5096381413e+01  1  1.2100000000e+01  1.8774949853e-13
 5.0421584869e+02  3.4551078177e+05 -1.4848943889e+02  2  1.6800000000e+01  1.8782120625e-13
-3.7843043677e+00  3.4630635970e+05  4.4146000832e+00  0  8.7600000000e+00  1.8825368597e-13
-3.8579316525e-03  3.4898099260e+05 -2.5728366583e-04  3  3.2200000000e+01  1.8970762837e-13
 2.9056974079e+02  3.5063828016e+05  3.5905501691e+02  3  3.2200000000e+01  1.9060853730e-13
 1.4490378331e+02  3.5725178365e+05 -2.2247147267e+01  1  1.2100000000e+01  1.9420366738e-13
-4.1665715255e-03  3.5758703963e+05  2.4323714466e-03  1  1.2100000000e+01  1.9438591403e-13
 2.5285909561e+00  3.5911299842e+05  3.0374143194e+00  1  1.2100000000e+01  1.9521543205e-13
-3.3558421184e+02  3.6014656553e+05  3.5127114956e+02  0  8.7600000000e+00  1.9577728376e-13
-2.0722946354e+01  3.6206009760e+05  6.2416046469e+01  3  3.2200000000e+01  1.9681748835e-13
-1.4193490485e+00  3.6237518604e+05  4.6112428034e+00  0  8.7600000000e+00  1.9698877183e-13
 8.6690298089e-04  3.6462777362e+05  3.8399843051e-05  3  3.2200000000e+01  1.9821328852e-13
-4.6138378371e-03  3.6501644668e+05 -4.7725274972e-03  1  1.2100000000e+01  1.9842457293e-13
 3.5589230261e+01  3.6544092717e+05  1.5287709528e+00  2  1.6800000000e+01  1.9865532242e-13
-1.5255961894e+00  3.6694786881e+05 -5.0194308592e+00  0  8.7600000000e+00  1.9947450264e-13
 2.0259053974e+00  3.7190314977e+05  2.9277670852e+00  1  1.2100000000e+01  2.0216821553e-13
-6.8090471835e+00  3.7414341012e+05  1.0093416929e+01  0  8.7600000000e+00  2.0338603107e-13
 2.2815915957e+01  3.7414758563e+05 -3.2240962757e+00  0  8.7600000000e+00  2.0338830090e-13
 6.6891726268e+01  3.7474960362e+05 -1.3620327744e+02  0  8.7600000000e+00  2.0371556057e-13
-6.3528351843e+01  3.7552376800e+05  7.2237956862e+01  0  8.7600000000e+00  2.0413639979e-13
 8.0546345177e+00  3.7582633709e+05 -3.0296907520e+00  1  1.2100000000e+01  2.0430087770e-13
-3.2363147247e+01  3.7763116511e+05  8.0915404748e+01  2  1.6800000000e+01  2.0528199028e-13
 1.5098843013e+00  3.7923473790e+05 -1.7016010793e+00  1  1.2100000000e+01  2.0615369963e-13
-3.3639116790e+01  3.7943871475e+05  1.3207422034e+02  1  1.2100000000e+01  2.0626458236e-13
 2.8733745984e+01  3.7988957605e+05  1.8716965160e+01  0  8.7600000000e+00  2.0650967257e-13
 7.0591814672e+00  3.8256360868e+05  3.5421654065e+00  0  8.7600000000e+00  2.0796328867e-13
 2.8792506286e+01  3.8316549033e+05 -4.2694245287e+01  0  8.7600000000e+00  2.0829047423e-13
-9.1977941825e+01  3.8461077675e+05 -3.9197852458e+02  0  8.7600000000e+00  2.0907613839e-13
-1.8696446982e-03  3.8743523738e+05 -3.1184419841e-03  0  8.7600000000e+00  2.1061152782e-13
-7.0837558460e+01  3.8911095576e+05  9.1182405522e+00  3  3.2200000000e+01  2.1152245582e-13
-1.6544269801e-03  3.8915925155e+05  4.0457448359e-03  1  1.2100000000e+01  2.1154870963e-13
-3.2977604143e+00  3.9150298973e+05  1.3870112410e+01  1  1.2100000000e+01  2.1282277619e-13
-5.2754129646e+00  3.9166576978e+05  1.0305302409e+01  1  1.2100000000e+01  2.1291126415e-13
-1.8492009360e+00  3.9232836424e+05  1.2894120417e+00  1  1.2100000000e+01  2.1327145346e-13
 1.7748678351e+02  3.9408690779e+05 -3.4914000284e+01  1  1.2100000000e+01  2.1422740560e-13
 7.7433179124e+01  3.9699858951e+05  7.1113492980e+00  2  1.6800000000e+01  2.1581020881e-13
-4.0093232668e+00  4.0730279132e+05  5.4746404009e+00  2  1.6800000000e+01  2.2141161900e-13
-1.9911878194e+01  4.0756008638e+05  2.5466095433e+01  0  8.7600000000e+00  2.2155148574e-13
 1.1701603583e+01  4.0774212134e+05  1.2171291093e+01  3  3.2200000000e+01  2.2165044076e-13
-1.8149050914e+00  4.0839217069e+05 -2.4518609188e+00  1  1.2100000000e+01  2.2200381049e-13
-8.5498016150e+00  4.1444198047e+05 -4.7164657474e+01  3  3.2200000000e+01  2.2529251415e-13
-1.1456409848e+00  4.1449099621e+05 -4.1761756807e-01  0  8.7600000000e+00  2.2531915933e-13
 6.5538013204e+00  4.1542487568e+05  4.4973329709e+01  0  8.7600000000e+00  2.2582682038e-13
-3.1142627438e+01  4.1685155158e+05 -1.3955403204e+01  0  8.7600000000e+00  2.2660236778e-13
-3.1665432631e-03  4.1806700289e+05 -9.2622723939e-05  0  8.7600000000e+00  2.2726309255e-13
 9.0462011841e+01  4.1867701782e+05 -1.4671815157e+01  0  8.7600000000e+00  2.2759469939e-13
-1.2044796921e+01  4.1880198592e+05  2.6799372626e+01  0  8.7600000000e+00  2.2766263261e-13
-4.2208948281e+00  4.1909013560e+05 -5.1429061823e+00  2  1.6800000000e+01  2.2781927207e-13
 8.5297238735e+01  4.1968601560e+05  5.1318800648e+00  1  1.2100000000e+01  2.2814319510e-13
-7.7932443041e+00  4.2087868699e+05  2.0300023937e+01  0  8.7600000000e+00  2.2879153660e-13
 1.4760569493e+00  4.2251096275e+05  7.2354084801e-02  0  8.7600000000e+00  2.2967884901e-13
 4.0129895484e+00  4.2275222254e+05  6.8308942063e-01  3  3.2200000000e+01  2.2980999890e-13
 4.7760000341e+01  4.2524676714e+05 -6.4988961605e+01  0  8.7600000000e+00  2.3116604451e-13
-1.8674467807e+02  4.2653039314e+05  1.5084178921e+02  0  8.7600000000e+00  2.3186382934e-13
-1.7208460639e+00  4.2666017850e+05 -8.7943043900e+00  0  8.7600000000e+00  2.3193438124e-13
 3.0226512332e+01  4.2805886253e+05 -4.0853188520e+01  2  1.6800000000e+01  2.3269471214e-13
-3.9918732963e+02  4.2964987770e+05 -1.7277763043e+02  2  1.6800000000e+01  2.3355959510e-13
-4.0527665567e+01  4.3186731473e+05 -9.8616722924e+01  0  8.7600000000e+00  2.3476500379e-13
-5.5132848564e+00  4.3215597125e+05 -2.9255207879e+01  2  1.6800000000e+01  2.3492191876e-13
-6.8126868011e+01  4.3245872481e+05  1.5516989181e+02  2  1.6800000000e+01  2.3508649695e-13
 1.7248569122e+02  4.3421399527e+05  1.1840009122e+02  1  1.2100000000e+01  2.3604066982e-13
-8.6959129826e+00  4.3728912526e+05  1.4376963852e+01  0  8.7600000000e+00  2.3771232424e-13
 1.2747387066e+02  4.3791437730e+05 -1.5856286653e+02  0  8.7600000000e+00  2.3805221405e-13
-3.7147810744e+00  4.4323893411e+05 -6.5921012391e+00  1  1.2100000000e+01  2.4094666694e-13
-1.5826286065e+00  4.4465781162e+05  7.0024425536e+01  0  8.7600000000e+00  2.4171797510e-13
 3.2898787541e-03  4.4530049629e+05  2.9922198262e-03  3  3.2200000000e+01  2.4206734136e-13
-5.8971988983e-01  4.4735265159e+05 -7.3140349432e-01  0  8.7600000000e+00  2.4318290216e-13
 5.2933931037e+01  4.5255603797e+05 -4.5974157608e+01  1  1.2100000000e+01  2.4601148627e-13
 3.3801437523e+01  4.5465757348e+05  7.3641186858e+01  1  1.2100000000e+01  2.4715389037e-13
-1.4819439538e+01  4.5475827852e+05  1.2010435703e+01  1  1.2100000000e+01  2.4720863408e-13
 2.3861899285e-04  4.5671643301e+05  4.6941275963e-04  1  1.2100000000e+01  2.4827309562e-13
-5.8017876786e+01  4.5819945326e+05 -2.3076338149e+00  0  8.7600000000e+00  2.4907927206e-13
-1.0439228188e+01  4.5912863271e+05  8.3332931532e-01  1  1.2100000000e+01  2.4958437817e-13
-4.1476960972e+01  4.6121848525e+05  4.5729830610e+01  1  1.2100000000e+01  2.5072043136e-13
 3.8739410419e+01  4.6373290087e+05 -3.9401539487e+01  3  3.2200000000e+01  2.5208727893e-13
-1.6031923358e+01  4.6487861303e+05  2.7693911670e+01  1  1.2100000000e+01  2.5271009318e-13
 1.1185416077e+01  4.6960317453e+05  1.9628640338e-01  1  1.2100000000e+01  2.5527838595e-13
 2.1657702236e+00  4.7421968367e+05  5.1451638673e-01  0  8.7600000000e+00  2.5778794096e-13
-7.0984852198e+00  4.7521639521e+05 -1.1653964859e+01  0  8.7600000000e+00  2.5832975781e-13
-2.1361743526e+00  4.7570857210e+05 -5.4720410713e-01  1  1.2100000000e+01  2.5859730737e-13
-4.7000254713e+00  4.7591382895e+05 -1.1455443150e+00  0  8.7600000000e+00  2.5870888591e-13
 1.4590944672e+01  4.7704976251e+05 -1.8369717699e+01  1  1.2100000000e+01  2.5932638448e-13
 8.9195898308e+02  4.8002511585e+05 -1.2527310380e+03  0  8.7600000000e+00  2.6094379986e-13
 5.6827504357e+00  4.8004345849e+05  7.6301632764e+00  0  8.7600000000e+00  2.6095377100e-13
 1.7436437465e+01  4.8010657676e+05  3.9282246771e+01  1  1.2100000000e+01  2.6098808237e-13
 7.2916954373e+00  4.8214600458e+05 -1.1620657040e+02  0  8.7600000000e+00  2.6209672446e-13
-9.9052948672e+00  4.8345307158e+05  2.9934670152e+01  1  1.2100000000e+01  2.6280725193e-13
-3.9359436991e+01  4.8489486582e+05 -3.7743294502e+02  0  8.7600000000e+00  2.6359101772e-13
-8.4755069298e+01  4.8521747168e+05  7.0632404910e+01  0  8.7600000000e+00  2.6376638771e-13
-5.7974888737e-04  4.8695964810e+05 -3.8395500783e-03  1  1.2100000000e+01  2.6471344261e-13
 1.0941362757e-01  4.8759546792e+05  3.9351933005e+00  1  1.2100000000e+01  2.6505907710e-13
 7.8011377656e+00  4.8767805841e+05  6.0911494184e+00  2  1.6800000000e+01  2.6510397366e-13
 2.8785692255e+01  4.8886750375e+05  2.6891055575e+02  2  1.6800000000e+01  2.6575056147e-13
 8.2282366289e+00  4.8910978795e+05 -7.4129844023e+00  0  8.7600000000e+00  2.6588226824e-13
 2.2308943764e-01  4.9010776277e+05  2.3331588693e-01  0  8.7600000000e+00  2.6642477182e-13
-1.3181660913e-03  4.9527983488e+05 -4.4174957226e-03  1  1.2100000000e+01  2.6923633335e-13
-1.7968867420e+01  4.9602986912e+05 -9.9082830745e+00  2  1.6800000000e+01  2.6964405532e-13
-1.5336567615e+00  4.9894303656e+05  3.3075634303e+00  0  8.7600000000e+00  2.7122766617e-13
-4.9926217238e+00  4.9968203899e+05 -1.3671607068e+01  0  8.7600000000e+00  2.7162939119e-13
-3.3221608524e+02  5.0015404105e+05 -9.8316203769e+01  0  8.7600000000e+00  2.7188597363e-13
 1.1267735140e+00  5.0076620041e+05 -5.9762727330e-01  0  8.7600000000e+00  2.7221874619e-13
 2.0584010381e-01  5.0078129591e+05 -4.7279114136e+00  1  1.2100000000e+01  2.7222695217e-13
 1.3266851546e+02  5.0094016706e+05  2.1408759501e+02  0  8.7600000000e+00  2.7231331524e-13
 1.0795091186e+01  5.0441398132e+05  1.3045687614e+01  2  1.6800000000e+01  2.7420169621e-13
-1.1484581403e+01  5.0485924118e+05  3.4196966585e+00  1  1.2100000000e+01  2.7444374146e-13
-1.3494107847e+01  5.0604906568e+05 -1.0374764826e+00  2  1.6800000000e+01  2.7509053538e-13
 6.3966519375e+00  5.0632443920e+05  1.9769973124e+01  0  8.7600000000e+00  2.7524022965e-13
-3.1354635905e+00  5.0942644449e+05 -7.4939006220e+00  3  3.2200000000e+01  2.7692649360e-13
 1.5145346702e+01  5.1171123344e+05 -3.7369077537e+02  0  8.7600000000e+00  2.7816851509e-13
 1.2765181216e+00  5.1458491665e+05 -1.1679992407e+00  1  1.2100000000e+01  2.7973066214e-13
-1.4439765775e+02  5.1667355256e+05  6.3350944795e+02  0  8.7600000000e+00  2.8086605396e-13
-3.0230854630e+01  5.1722192862e+05 -1.2156294181e+01  2  1.6800000000e+01  2.8116415364e-13
-4.8506099264e-03  5.1725204255e+05 -4.2010336319e-03  2  1.6800000000e+01  2.8118052371e-13
 3.7506904434e+01  5.2450990421e+05  6.0486149954e+01  1  1.2100000000e+01  2.8512592977e-13
-1.3375885678e+02  5.2790176788e+05 -6.7805104266e+01  0  8.7600000000e+00  2.8696976203e-13
 1.0641125964e+02  5.2843235763e+05  4.3624803919e+01  2  1.6800000000e+01  2.8725819299e-13
-4.9816736876e+01  5.2993181641e+05 -2.4781313742e+01  0  8.7600000000e+00  2.8807330549e-13
-2.7511656748e+00  5.3030091220e+05 -9.8016278159e+00  0  8.7600000000e+00  2.8827394761e-13
-4.3532424901e+01  5.3149389587e+05 -3.5929775681e+01  1  1.2100000000e+01  2.8892245887e-13
-9.0970192008e+01  5.3178285696e+05  9.8339550366e+00  2  1.6800000000e+01  2.8907953941e-13
 2.8436553470e+02  5.3355940156e+05  5.1505570843e+01  1  1.2100000000e+01  2.9004527700e-13
 5.2466320587e+02  5.3425088082e+05  8.7880407093e+01  1  1.2100000000e+01  2.9042116822e-13
 6.3706657165e+00  5.3558229403e+05  6.8977068705e+00  2  1.6800000000e+01  2.9114493039e-13
-1.0213544028e+00  5.3647099009e+05  1.1174616117e+01  0  8.7600000000e+00  2.9162802954e-13
 8.4066530149e+01  5.3793917487e+05  1.7651652098e+01  0  8.7600000000e+00  2.9242614136e-13
 6.8650334023e+00  5.3930579074e+05  7.4027902698e+00  0  8.7600000000e+00  2.9316903986e-13
-2.5196534544e+02  5.3932494973e+05  3.3384686567e+02  0  8.7600000000e+00  2.9317945477e-13
 3.2277486744e-03  5.4145330960e+05 -1.2280285760e-03  1  1.2100000000e+01  2.9433644072e-13
-3.0092297675e+02  5.4266984432e+05  1.3698909080e+02  2  1.6800000000e+01  2.9499775443e-13
 7.4320396943e+02  5.4393156632e+05 -3.6619556043e+02  0  8.7600000000e+00  2.9568363215e-13
 3.3372804859e+02  5.4467794525e+05  1.3340555069e+02  1  1.2100000000e+01  2.9608936708e-13
 1.7665602796e+00  5.4554447646e+05 -2.9264775746e-01  0  8.7600000000e+00  2.9656041732e-13
 1.4768149654e+00  5.4631582857e+05 -5.2248174067e+00  2  1.6800000000e+01  2.9697972778e-13
 1.8357572635e+00  5.4701435240e+05 -1.2156577737e+00  1  1.2100000000e+01  2.9735944845e-13
 1.6193718664e+01  5.4826490143e+05  4.6926933137e+01  0  8.7600000000e+00  2.9803925250e-13
 5.2372323606e-04  5.4838381218e+05  2.2164285170e-03  3  3.2200000000e+01  2.9810389292e-13
 1.5241251182e+01  5.4931859903e+05 -1.1318008429e+02  2  1.6800000000e+01  2.9861204723e-13
-5.8700255545e+00  5.5391980733e+05  2.2299968878e+01  2  1.6800000000e+01  3.0111328464e-13
-2.7325747687e+00  5.5544492515e+05 -4.1967257090e+00  3  3.2200000000e+01  3.0194234551e-13
-5.3362459366e+00  5.5715736555e+05  6.3406428607e+00  1  1.2100000000e+01  3.0287323576e-13
-8.5978945869e+00  5.5743949675e+05 -5.6501345761e+00  1  1.2100000000e+01  3.0302660355e-13
-1.4169804485e+01  5.5846697532e+05 -2.6287325585e+01  1  1.2100000000e+01  3.0358514549e-13
 1.5140852036e-03  5.5869436415e+05 -2.7699822782e-03  3  3.2200000000e+01  3.0370875508e-13
 5.7864454368e+00  5.6700575995e+05 -1.6508826756e+01  2  1.6800000000e+01  3.0822686701e-13
-6.0695201241e+02  5.6718636904e+05  1.8452394462e+02  2  1.6800000000e+01  3.0832504692e-13
-2.8220432301e+01  5.7127724146e+05  7.1642393710e+01  0  8.7600000000e+00  3.1054886346e-13
 1.4681120555e+01  5.7152251367e+05 -1.9222952854e+01  2  1.6800000000e+01  3.1068219453e-13
 4.9078496219e-03  5.7204165741e+05 -3.7714044558e-03  0  8.7600000000e+00  3.1096440339e-13
 4.0053117876e-03  5.7485422495e+05 -2.7247858642e-03  3  3.2200000000e+01  3.1249332768e-13
-3.0591267325e+00  5.7501059739e+05  2.4067305187e+00  0  8.7600000000e+00  3.1257833244e-13
-4.6241148180e+01  5.7637588718e+05 -3.0728004205e+02  0  8.7600000000e+00  3.1332051008e-13
 1.0668001564e+01  5.7664307523e+05 -4.9267698999e+01  0  8.7600000000e+00  3.1346575470e-13
-8.7034775557e+01  5.7787134074e+05  3.3334313348e+01  2  1.6800000000e+01  3.1413344532e-13
 6.1922864278e+00  5.8086405955e+05  1.5058161713e+01  0  8.7600000000e+00  3.1576030065e-13
 1.0509874117e+01  5.8096556079e+05 -4.1877926698e+01  0  8.7600000000e+00  3.1581547718e-13
 3.6431921722e-02  5.8410377068e+05  1.7722970731e+00  3  3.2200000000e+01  3.1752142211e-13
-3.3227833846e+00  5.8464129660e+05 -3.2768094990e+00  0  8.7600000000e+00  3.1781362360e-13
-3.3585526878e+01  5.8722093478e+05  5.7181652834e+01  0  8.7600000000e+00  3.1921592646e-13
-3.0993419791e+01  5.9229476587e+05  1.8456708430e+01  2  1.6800000000e+01  3.2197408373e-13
 4.5772282545e+01  5.9230127629e+05 -1.0365974756e+01  1  1.2100000000e+01  3.2197762282e-13
-2.9879563751e+01  5.9335098959e+05  2.2565977807e+01  2  1.6800000000e+01  3.2254825167e-13
 2.3272327337e+02  5.9422361508e+05 -1.3718449930e+02  1  1.2100000000e+01  3.2302261479e-13
 4.5239799700e-03  5.9697911787e+05  4.5313563335e-03  3  3.2200000000e+01  3.2452051843e-13
 1.4799055581e+00  5.9930763322e+05 -1.3902144948e+00  1  1.2100000000e+01  3.2578630979e-13
-3.5258727630e+00  6.0114833302e+05  5.3746838172e+00  0  8.7600000000e+00  3.2678692243e-13
 3.1201471116e+02  6.0458713024e+05 -1.3571537921e+02  0  8.7600000000e+00  3.2865626798e-13
 1.1666674999e+01  6.0474093262e+05 -5.0898271983e-01  1  1.2100000000e+01  3.2873987564e-13
 1.7617402577e+02  6.0491010067e+05 -2.1996972459e+01  0  8.7600000000e+00  3.2883183615e-13
-2.5201099182e+01  6.0585008538e+05 -8.9720878927e-01  1  1.2100000000e+01  3.2934281604e-13
-4.8972136404e+01  6.0710937694e+05 -2.8013968067e+01  0  8.7600000000e+00  3.3002737256e-13
-1.4941022482e-03  6.0753649582e+05 -1.3764858462e-03  0  8.7600000000e+00  3.3025955630e-13
 1.5826264873e+01  6.0782539834e+05  9.6147091542e+00  0  8.7600000000e+00  3.3041660500e-13
-2.8258045884e-01  6.0873159691e+05 -2.7057388695e+00  1  1.2100000000e+01  3.3090921859e-13
-7.1715897504e+01  6.1366410590e+05 -3.6204845978e+01  2  1.6800000000e+01  3.3359055254e-13
-3.2908938742e+01  6.1461242781e+05  3.4747690584e+01  0  8.7600000000e+00  3.3410606457e-13
 1.4167865932e+01  6.1622577015e+05  1.6677951424e+02  1  1.2100000000e+01  3.3498308468e-13
 1.3861565305e-01  6.2066274012e+05 -7.6705333822e-01  2  1.6800000000e+01  3.3739504140e-13
 1.3964767864e+00  6.2077071036e+05 -1.1640076217e-01  0  8.7600000000e+00  3.3745373451e-13
 4.0449239455e+00  6.2236351108e+05 -7.1344095691e+01  2  1.6800000000e+01  3.3831958811e-13
-3.1330027943e+01  6.2485247809e+05 -1.3105262287e+01  0  8.7600000000e+00  3.3967260171e-13
 4.6365512891e+01  6.2486775393e+05 -3.6696785417e+01  0  8.7600000000e+00  3.3968090572e-13
-2.1037141803e+02  6.2571885832e+05  7.9742839231e+01  0  8.7600000000e+00  3.4014356987e-13
 8.8542142069e+00  6.2594306981e+05 -2.2611570056e+00  3  3.2200000000e+01  3.4026545224e-13
-1.4031826244e+00  6.2689429608e+05  4.3446456646e+01  1  1.2100000000e+01  3.4078254310e-13
 5.0992408222e+02  6.2698475742e+05 -8.1550965270e+02  0  8.7600000000e+00  3.4083171828e-13
-4.5976167589e-03  6.2705128073e+05 -2.1448675297e-03  2  1.6800000000e+01  3.4086788065e-13
 1.8731327918e+00  6.2848650964e+05  5.3639471346e-01  2  1.6800000000e+01  3.4164807751e-13
-4.5115747414e+00  6.3009451637e+05  2.2744903433e-01  1  1.2100000000e+01  3.4252219716e-13
 1.2114284263e-03  6.3139085838e+05  4.7756090084e-04  0  8.7600000000e+00  3.4322689447e-13
-9.9289126687e+01  6.3205664156e+05  1.2999222759e+02  0  8.7600000000e+00  3.4358881719e-13
 3.5005204192e+01  6.3284197339e+05 -6.9769099792e+01  0  8.7600000000e+00  3.4401572708e-13
-3.6339395859e-03  6.3383565644e+05  4.3773790446e-03  1  1.2100000000e+01  3.4455589763e-13
-9.3692712352e+00  6.3420911460e+05  9.4816894744e+00  1  1.2100000000e+01  3.4475891116e-13
 2.0877695559e+00  6.3421158829e+05 -6.0335012135e+01  2  1.6800000000e+01  3.4476025587e-13
 6.9427853466e+00  6.3736938138e+05 -9.4607790427e+01  1  1.2100000000e+01  3.4647684631e-13
 1.3038086826e+01  6.4180011358e+05  5.1023092816e-01  2  1.6800000000e+01  3.4888541215e-13
 2.4159298641e+01  6.4321188224e+05 -7.8611094666e+01  0  8.7600000000e+00  3.4965285591e-13
 5.6219950429e+00  6.4327397999e+05 -1.9109119767e+01  1  1.2100000000e+01  3.4968661253e-13
 1.0696307330e+01  6.4336119606e+05 -3.7806935195e+01  1  1.2100000000e+01  3.4973402357e-13
-7.7406979713e-01  6.4375184439e+05 -3.5340069455e+00  0  8.7600000000e+00  3.4994638175e-13
 3.3109470346e+02  6.5048861534e+05  5.8420305326e+00  0  8.7600000000e+00  3.5360852057e-13
-9.0178511005e-01  6.5064907216e+05  8.4150401865e-01  3  3.2200000000e+01  3.5369574562e-13
 9.0226101314e+00  6.5140141862e+05  2.0841428790e+00  0  8.7600000000e+00  3.5410472451e-13
-6.3544342205e+01  6.5188541099e+05  3.2011556922e+01  2  1.6800000000e+01  3.5436782493e-13
 9.6994885210e+01  6.5315000777e+05  2.3551716254e+01  1  1.2100000000e+01  3.5505526540e-13
-6.2205414842e+00  6.5318719984e+05 -5.1538606211e-01  0  8.7600000000e+00  3.5507548317e-13
 4.6846924709e-01  6.5735863252e+05 -2.9344964120e+00  1  1.2100000000e+01  3.5734309264e-13
-2.1469398983e+00  6.6104658230e+05  1.1318899998e+01  0  8.7600000000e+00  3.5934787863e-13
-4.5451152561e+00  6.6208136120e+05  1.6418515008e+00  0  8.7600000000e+00  3.5991038906e-13
 4.3377055609e+00  6.6403158935e+05  3.9112417449e+00  3  3.2200000000e+01  3.6097054181e-13
 1.3900362126e+03  6.6592481625e+05 -1.4317646810e+03  0  8.7600000000e+00  3.6199970842e-13
 7.7064947160e-01  6.6612256678e+05  2.2223592865e+00  1  1.2100000000e+01  3.6210720650e-13
-8.6163763332e+00  6.6681519589e+05  7.6449850809e+00  0  8.7600000000e+00  3.6248372278e-13
-1.1143668963e+01  6.7053884354e+05  2.0076558749e+01  0  8.7600000000e+00  3.6450791429e-13
-3.0228224909e+00  6.7079742543e+05  1.0049327316e+00  0  8.7600000000e+00  3.6464848057e-13
 3.4909422538e+02  6.7120061293e+05  2.5182117076e+02  1  1.2100000000e+01  3.6486765509e-13
-2.2640863373e+00  6.7253506985e+05  1.4211756869e+01  1  1.2100000000e+01  3.6559307184e-13
 2.4993039571e+01  6.7504885139e+05 -1.3138457336e+01  0  8.7600000000e+00  3.6695957473e-13
-3.9772980096e+01  6.7525069855e+05  1.2450889680e+02  0  8.7600000000e+00  3.6706929975e-13
 8.2114067272e+00  6.7599550501e+05 -2.3258255376e+00  2  1.6800000000e+01  3.6747417988e-13
-1.1367112193e+02  6.7708309027e+05  4.9226593700e+01  3  3.2200000000e+01  3.6806539608e-13
 6.0960260015e-04  6.7849947186e+05 -4.4090992070e-03  0  8.7600000000e+00  3.6883534745e-13
-1.7284914164e+01  6.7850186147e+05 -5.2542467252e+00  3  3.2200000000e+01  3.6883664646e-13
-1.9009973466e+02  6.7855716160e+05 -3.5248197008e+02  0  8.7600000000e+00  3.6886670785e-13
-4.3012332273e+01  6.8007654544e+05 -2.2935406125e+03  0  8.7600000000e+00  3.6969265170e-13
 1.4199148962e+01  6.8141683817e+05  3.3261177429e+00  1  1.2100000000e+01  3.7042124083e-13
-2.0466698016e+01  6.8329425049e+05 -1.7784222647e+01  0  8.7600000000e+00  3.7144181056e-13
-1.4103899836e+01  6.8622939235e+05 -6.3369567560e+01  1  1.2100000000e+01  3.7303736680e-13
 2.3988860284e-01  6.8796915707e+05  4.5493562883e+00  2  1.6800000000e+01  3.7398311068e-13
 2.8618837578e+01  6.8806027934e+05 -1.4874719230e+01  2  1.6800000000e+01  3.7403264516e-13
-2.6636214691e+00  6.9088879299e+05 -1.7612827491e+01  2  1.6800000000e+01  3.7557023783e-13
 5.3584560260e+01  6.9144285082e+05  8.0855678911e+00  0  8.7600000000e+00  3.7587142614e-13
 2.8345183593e+01  6.9274924397e+05 -2.1448049619e+02  2  1.6800000000e+01  3.7658158730e-13
 8.0966035424e+02  6.9361917385e+05 -1.1637041493e+03  0  8.7600000000e+00  3.7705448507e-13
 8.3731375202e+00  6.9442340041e+05  1.7225055379e+01  0  8.7600000000e+00  3.7749166623e-13
 3.1281961604e+02  6.9531667051e+05 -1.7205664251e+02  2  1.6800000000e+01  3.7797725185e-13
-8.6699508744e-01  6.9621984283e+05  1.6557163504e+00  2  1.6800000000e+01  3.7846822036e-13
 6.6095491664e+00  6.9869979933e+05 -7.4884895413e+01  0  8.7600000000e+00  3.7981633581e-13
-1.8928928949e+02  7.0119704732e+05 -4.2958302052e+00  2  1.6800000000e+01  3.8117385098e-13
 1.2840678525e+02  7.0300534709e+05 -1.6198107590e+02  0  8.7600000000e+00  3.8215685083e-13
 1.4928712500e+02  7.0633821114e+05  1.0397009088e-01  1  1.2100000000e+01  3.8396861063e-13
 3.1243367160e+01  7.0642333519e+05  2.1213941494e+01  1  1.2100000000e+01  3.8401488444e-13
 2.7254321097e+01  7.0653887223e+05  1.8544777834e+01  2  1.6800000000e+01  3.8407769090e-13
-5.8054580128e+01  7.0662632955e+05  1.3435055691e+02  2  1.6800000000e+01  3.8412523308e-13
 2.9555306260e+01  7.1055085378e+05  1.6025497696e+01  1  1.2100000000e+01  3.8625862201e-13
 5.5371402196e+00  7.1241378796e+05  2.4987998798e+01  1  1.2100000000e+01  3.8727132136e-13
 5.7219407070e+00  7.1526110359e+05  2.9343973353e+01  1  1.2100000000e+01  3.8881913487e-13
 3.5065262555e+00  7.1529631959e+05  1.5397513153e+01  2  1.6800000000e+01  3.8883827845e-13
-2.5285426136e+00  7.1870452387e+05  4.0475661478e+01  0  8.7600000000e+00  3.9069099354e-13
-1.4640543375e+01  7.1897766862e+05 -2.2083584222e+00  1  1.2100000000e+01  3.9083947625e-13
-4.5076106644e+02  7.1969274930e+05 -1.7035556326e+03  1  1.2100000000e+01  3.9122819730e-13
-3.7303717894e-03  7.2196970978e+05  3.6413352930e-03  1  1.2100000000e+01  3.9246596320e-13
 1.0876429383e+02  7.2386131252e+05 -2.9352352898e+02  0  8.7600000000e+00  3.9349424691e-13
 6.0492465976e+01  7.2418874656e+05 -8.7333440639e+01  2  1.6800000000e+01  3.9367224152e-13
-3.6147081696e+01  7.2472864292e+05 -2.9482237497e+01  1  1.2100000000e+01  3.9396573160e-13
-7.1905977931e+01  7.2639709094e+05 -3.5690276914e+02  0  8.7600000000e+00  3.9487270740e-13
 4.7576752736e+02  7.2684237497e+05  2.7438529871e+02  0  8.7600000000e+00  3.9511476579e-13
-7.7730247321e-05  7.2917569724e+05  3.5877332690e-03  2  1.6800000000e+01  3.9638317021e-13
-9.6694772410e-04  7.3142666973e+05 -1.4903988813e-03  2  1.6800000000e+01  3.9760680893e-13
-2.5857011846e+02  7.3159469731e+05 -1.6821233562e+02  2  1.6800000000e+01  3.9769814947e-13
 8.6600276449e-04  7.3334871625e+05  4.9084627907e-03  3  3.2200000000e+01  3.9865164201e-13
-5.6220447202e+01  7.3474922497e+05 -2.8155962879e+01  2  1.6800000000e+01  3.9941296482e-13
-3.1616853015e+00  7.3512528024e+05  5.3691887348e+00  0  8.7600000000e+00  3.9961739014e-13
 3.4508338701e+02  7.4219416159e+05 -4.3199737593e+02  1  1.2100000000e+01  4.0346006566e-13
 9.7287467051e+00  7.4263120747e+05  2.1058525010e+01  1  1.2100000000e+01  4.0369764575e-13
-1.3583049305e+02  7.4409937202e+05  9.7689166252e+00  0  8.7600000000e+00  4.0449574657e-13
 7.4489939984e-01  7.4422356392e+05  9.9056680877e+01  2  1.6800000000e+01  4.0456325784e-13
-4.2062583330e+00  7.4652494573e+05  1.5953860317e-01  0  8.7600000000e+00  4.0581429929e-13
-1.4286462861e-01  7.4753186390e+05 -1.0463353434e+03  1  1.2100000000e+01  4.0636166451e-13
-2.3215418660e+01  7.5189403576e+05 -5.3868421352e+01  1  1.2100000000e+01  4.0873296064e-13
-3.4658762060e-03  7.5284765298e+05 -9.8139493539e-04  3  3.2200000000e+01  4.0925135123e-13
 2.0895760923e+02  7.5305761489e+05  2.2053561486e+01  2  1.6800000000e+01  4.0936548746e-13
 3.7954277768e+00  7.5356379821e+05  1.6621318535e+00  1  1.2100000000e+01  4.0964065098e-13
-2.9160331813e+01  7.5439642403e+05 -1.4278874870e+01  2  1.6800000000e+01  4.1009327010e-13
 1.1164892879e+02  7.5484245584e+05  2.2038027317e+02  2  1.6800000000e+01  4.1033573498e-13
-1.5191413522e+00  7.5521944403e+05  4.3478551633e+00  2  1.6800000000e+01  4.1054066745e-13
-4.3046791103e-03  7.5533876032e+05  1.2581928104e-03  0  8.7600000000e+00  4.1060552831e-13
 4.9643258621e-01  7.6008163619e+05 -1.0177151024e+00  3  3.2200000000e+01  4.1318377685e-13
 2.0214230585e+02  7.6012269946e+05 -5.6694459028e+01  0  8.7600000000e+00  4.1320609903e-13
-3.5534364444e-03  7.6262208113e+05 -2.6063210087e-03  1  1.2100000000e+01  4.1456477408e-13
-2.4522960621e+00  7.6363063811e+05  2.2930138407e+00  2  1.6800000000e+01  4.1511303017e-13
-1.2724256234e+00  7.6370128213e+05 -3.2443211078e+00  3  3.2200000000e+01  4.1515143258e-13
 2.6560554306e+02  7.6434157631e+05 -3.5230240136e+02  0  8.7600000000e+00  4.1549949936e-13
-4.4371930973e-03  7.6714337929e+05  4.0956139374e-03  4  4.0000000000e+01  4.1702257198e-13
 2.5249129835e+00  7.6771636019e+05  9.2020153221e-01  2  1.6800000000e+01  4.1733404696e-13
-9.8714894505e+00  7.7035055431e+05 -1.9633898383e+01  2  1.6800000000e+01  4.1876600667e-13
 4.9834459461e-03  7.7042484508e+05 -3.2239835701e-03  1  1.2100000000e+01  4.1880639147e-13
 5.1704228727e+01  7.7114257009e+05 -8.6787372253e+00  0  8.7600000000e+00  4.1919654999e-13
-9.3566927397e-01  7.7185035949e+05  7.2128999646e+00  2  1.6800000000e+01  4.1958130747e-13
-8.3019374454e-01  7.7197446202e+05 -1.4956168729e+00  2  1.6800000000e+01  4.1964877016e-13
-2.1779973095e+00  7.7288844303e+05  1.9278114964e+00  1  1.2100000000e+01  4.2014561433e-13
-1.0904579833e+01  7.7378913879e+05  6.6155521244e+00  1  1.2100000000e+01  4.2063523657e-13
 5.3570586895e+00  7.7442870853e+05 -1.7165222342e+00  2  1.6800000000e+01  4.2098290954e-13
-1.6182306026e+01  7.7584846902e+05  5.8329855034e+00  0  8.7600000000e+00  4.2175469770e-13
-1.1745121549e+00  7.7819186624e+05 -1.6577252596e+01  0  8.7600000000e+00  4.2302857890e-13
 6.5966314661e-01  7.7848907727e+05  3.9400957143e-01  0  8.7600000000e+00  4.2319014415e-13
-1.8816480409e+00  7.7891949983e+05 -4.0447586737e+00  1  1.2100000000e+01  4.2342412378e-13
 4.5081372231e-03  7.7904037324e+05 -1.7376916654e-03  3  3.2200000000e+01  4.2348983110e-13
 4.6161794242e-03  7.8083370990e+05  4.1275818456e-03  1  1.2100000000e+01  4.2446469694e-13
-3.8410632328e+01  7.8326243083e+05 -6.6798026688e+01  0  8.7600000000e+00  4.2578496049e-13
-9.4856296190e+01  7.8575356639e+05  4.2527968113e+02  3  3.2200000000e+01  4.2713915293e-13
 1.6756734243e+01  7.8580045074e+05  3.3552292189e+02  0  8.7600000000e+00  4.2716463947e-13
 5.2794623310e+00  7.8648883533e+05 -4.6112821604e+00  1  1.2100000000e+01  4.2753884841e-13
-1.2155080886e+01  7.8705236030e+05 -7.6897800515e+01  0  8.7600000000e+00  4.2784518310e-13
 2.2680783725e-03  7.8769984298e+05 -4.0679384740e-04  0  8.7600000000e+00  4.2819715758e-13
 2.6685671562e+00  7.9565469461e+05 -2.9569293912e+00  0  8.7600000000e+00  4.3252145051e-13
-2.2337422540e+01  7.9576315773e+05 -4.3758621300e+01  1  1.2100000000e+01  4.3258041154e-13
-1.4147313461e+00  7.9720026052e+05  1.8711250248e+00  0  8.7600000000e+00  4.3336162705e-13
 7.6471724678e+00  7.9765112484e+05 -6.6343650734e+00  0  8.7600000000e+00  4.3360671891e-13
 3.7259963820e+01  8.0079012651e+05  2.2682709501e+01  3  3.2200000000e+01  4.3531309426e-13
 7.7844302710e+02  8.0161485645e+05 -5.3145675805e+01  1  1.2100000000e+01  4.3576142114e-13
 3.0158066833e-03  8.0226198777e+05 -3.3370729947e-03  3  3.2200000000e+01  4.3611320462e-13
 1.3406961692e+01  8.0332608880e+05 -1.9151007443e+01  0  8.7600000000e+00  4.3669165470e-13
 1.3051049316e+00  8.0406404480e+05 -1.6193558801e+00  1  1.2100000000e+01  4.3709281088e-13
-1.8916923872e+01  8.0454200445e+05  1.6544606428e+01  2  1.6800000000e+01  4.3735263189e-13
 1.4005785441e+00  8.0483520926e+05 -8.8607358761e+00  2  1.6800000000e+01  4.3751201933e-13
-4.7517800359e+02  8.0485909193e+05 -1.3162826486e+03  1  1.2100000000e+01  4.3752500206e-13
 6.7565448749e+01  8.0785638691e+05 -5.9586368720e+01  2  1.6800000000e+01  4.3915434501e-13
 3.8141777920e-03  8.1035725102e+05  4.8861495917e-03  1  1.2100000000e+01  4.4051382593e-13
 3.3600582832e-01  8.1538669037e+05  1.1704448640e+00  1  1.2100000000e+01  4.4324785166e-13
-2.7360649870e+00  8.1564491699e+05 -1.8036074054e+01  2  1.6800000000e+01  4.4338822480e-13
-7.8252157668e-01  8.1566574223e+05  1.0867728636e-03  0  8.7600000000e+00  4.4339954549e-13
 5.9430537416e+01  8.1650171851e+05 -1.2999304701e+02  0  8.7600000000e+00  4.4385398594e-13
 2.8356887405e+02  8.1655732715e+05  1.3291120495e+02  1  1.2100000000e+01  4.4388421504e-13
-5.2964465915e+01  8.1699665702e+05 -3.9505297688e+01  0  8.7600000000e+00  4.4412303673e-13
-3.4614946375e-01  8.1727571632e+05 -1.2204811027e+00  0  8.7600000000e+00  4.4427473461e-13
 8.9756553005e+01  8.1729274085e+05  8.2100339773e+01  0  8.7600000000e+00  4.4428398922e-13
-9.2921063607e-01  8.2263972690e+05 -6.6272225946e+00  2  1.6800000000e+01  4.4719063475e-13
-3.9326141223e-01  8.2394283736e+05  1.0394608626e+00  0  8.7600000000e+00  4.4789901143e-13
-5.5184819889e+01  8.2704400951e+05 -5.0470243088e+01  1  1.2100000000e+01  4.4958482247e-13
-2.5818238687e+00  8.2759526597e+05  2.0528953463e+00  2  1.6800000000e+01  4.4988448795e-13
 1.5161879251e-03  8.2900887626e+05  2.5704576949e-03  0  8.7600000000e+00  4.5065293283e-13
-3.1234605428e+02  8.3241048306e+05  7.3192241501e+02  0  8.7600000000e+00  4.5250206150e-13
 9.8172007714e+00  8.3246073633e+05  5.6884156627e+01  1  1.2100000000e+01  4.5252937940e-13
 1.7478549738e+01  8.3275611973e+05 -1.2196332017e+01  0  8.7600000000e+00  4.5268995114e-13
 6.8972853439e+01  8.3282209171e+05  2.3873236912e+01  0  8.7600000000e+00  4.5272581380e-13
-6.4320234214e+00  8.3680473917e+05  4.2306627610e+00  1  1.2100000000e+01  4.5489079877e-13
 2.8750144714e+01  8.3700984726e+05 -7.7445106188e+00  0  8.7600000000e+00  4.5500229645e-13
-5.6857095381e+01  8.3847081026e+05  6.5189833708e+00  2  1.6800000000e+01  4.5579648246e-13
-2.4857266727e+02  8.4277474632e+05 -4.1998269895e+01  0  8.7600000000e+00  4.5813612136e-13
 6.9631512311e+00  8.4561393054e+05  2.5263230129e+01  2  1.6800000000e+01  4.5967951460e-13
-1.1398179364e+01  8.5076066397e+05  1.4714023862e+01  0  8.7600000000e+00  4.6247730191e-13
-5.2713268442e+01  8.5079010670e+05 -2.3254727223e+01  2  1.6800000000e+01  4.6249330711e-13
-7.9614098075e-01  8.5146935628e+05 -2.2959395073e+00  0  8.7600000000e+00  4.6286255022e-13
 7.3045026656e-01  8.5289226170e+05  1.9326034934e+00  2  1.6800000000e+01  4.6363604797e-13
 1.6824773777e-03  8.5345528224e+05 -2.6027134515e-03  0  8.7600000000e+00  4.6394210845e-13
-1.9572726478e+01  8.5487460440e+05  2.5946963787e+01  0  8.7600000000e+00  4.6471365833e-13
 2.3110857495e+00  8.5616241281e+05 -1.1279026454e+01  2  1.6800000000e+01  4.6541371674e-13
-2.7164031011e+01  8.5770278714e+05  2.9917491743e+01  2  1.6800000000e+01  4.6625107111e-13
-4.4260251096e-01  8.5943531724e+05  1.3981385113e+00  2  1.6800000000e+01  4.6719288222e-13
 7.6689607140e+01  8.5987176336e+05 -6.7082901085e+01  2  1.6800000000e+01  4.6743013629e-13
-3.8049799617e-03  8.6150309027e+05 -2.9821696938e-04  3  3.2200000000e+01  4.6831693289e-13
 1.2406108094e+01  8.6176185038e+05 -1.7183889073e+01  1  1.2100000000e+01  4.6845759605e-13
-5.4918400466e-01  8.6265973465e+05  7.6547092614e-01  0  8.7600000000e+00  4.6894568995e-13
-2.1326043583e-03  8.6384186917e+05 -2.6814501815e-03  1  1.2100000000e+01  4.6958830356e-13
 8.5795701816e+01  8.6434882836e+05  3.4529829702e+02  0  8.7600000000e+00  4.6986388885e-13
-8.9019210253e+00  8.6654177447e+05  3.3052532834e+00  1  1.2100000000e+01  4.7105598416e-13
-8.3269289337e+00  8.6984435644e+05  1.7767827801e+01  2  1.6800000000e+01  4.7285128249e-13
-1.3279231528e+01  8.7020458741e+05  6.6207887056e+01  1  1.2100000000e+01  4.7304710566e-13
 2.8667996581e-03  8.7044618539e+05  2.3018537263e-03  0  8.7600000000e+00  4.7317843940e-13
 2.7039734323e+00  8.7084479851e+05 -4.3914280641e+00  0  8.7600000000e+00  4.7339512727e-13
 9.8725025560e+01  8.7185967539e+05 -1.7293443081e+01  2  1.6800000000e+01  4.7394681888e-13
 5.1678303025e+01  8.7192548890e+05 -9.1136376822e+01  0  8.7600000000e+00  4.7398259540e-13
-1.2022554946e+01  8.7380793992e+05 -1.3555518180e+01  1  1.2100000000e+01  4.7500590419e-13
-5.2404927140e+01  8.7425685954e+05 -1.0936241647e+02  0  8.7600000000e+00  4.7524993890e-13
 5.5326045336e-01  8.7683846667e+05  1.1175407517e+00  0  8.7600000000e+00  4.7665331209e-13
-3.3184235648e+02  8.7729884624e+05 -1.9765276367e+01  1  1.2100000000e+01  4.7690357648e-13
 1.2750157636e+01  8.7783937042e+05 -2.6795428625e+01  1  1.2100000000e+01  4.7719740785e-13
-5.4712247229e+00  8.7989941433e+05  1.5238040400e-01  1  1.2100000000e+01  4.7831725693e-13
-2.7444221954e-03  8.7999930404e+05  4.4961625801e-03  2  1.6800000000e+01  4.7837155742e-13
 1.5231096017e+01  8.8224990741e+05 -2.4236647825e+00  0  8.7600000000e+00  4.7959499548e-13
-5.6349950686e+01  8.8626070373e+05 -1.1702681364e+00  2  1.6800000000e+01  4.8177528229e-13
 6.5615005672e+02  8.8741989552e+05 -8.9712959715e+01  0  8.7600000000e+00  4.8240542414e-13
 1.5823985139e-02  8.9025485969e+05 -1.3324392421e+00  2  1.6800000000e+01  4.8394652334e-13
-4.6848150397e+00  8.9180591147e+05 -3.0089511862e+00  0  8.7600000000e+00  4.8478968202e-13
-2.4400017665e+00  8.9694378892e+05 -1.6690985831e-03  2  1.6800000000e+01  4.8758265518e-13
-2.9368736747e+01  8.9706463004e+05 -9.6746988496e+00  0  8.7600000000e+00  4.8764834496e-13
-2.9955164008e-03  8.9887224243e+05  4.3558520541e-03  1  1.2100000000e+01  4.8863097114e-13
-1.1629973674e+00  8.9900194452e+05  2.0512154974e+00  0  8.7600000000e+00  4.8870147777e-13
-1.1945262021e-03  9.0116290959e+05  3.5981207008e-03  2  1.6800000000e+01  4.8987618805e-13
 1.9937892647e+02  9.0557449067e+05  1.2513097267e+02  0  8.7600000000e+00  4.9227434326e-13
 9.0120884366e+00  9.0859465898e+05 -5.5514189100e+00  1  1.2100000000e+01  4.9391612025e-13
 4.4293110983e+00  9.0955286944e+05 -2.5091193110e+00  2  1.6800000000e+01  4.9443700775e-13
-1.1607496775e+02  9.1078911297e+05 -1.0920291041e+02  3  3.2200000000e+01  4.9510903526e-13
-7.6168098562e-01  9.1144683857e+05  2.2682271058e+00  0  8.7600000000e+00  4.9546657784e-13
 5.5034679784e+01  9.1186162939e+05 -5.6597356772e+01  0  8.7600000000e+00  4.9569205998e-13
 2.2513067634e+02  9.1487649149e+05 -3.8168200406e+02  0  8.7600000000e+00  4.9733095250e-13
 2.9782492541e-02  9.1834626110e+05  1.9213827283e+00  2  1.6800000000e+01  4.9921713478e-13
 3.6146191268e-03  9.1882774473e+05  9.0366462520e-04  0  8.7600000000e+00  4.9947887144e-13
 8.0927886482e+01  9.1927629280e+05 -1.1782453207e+02  1  1.2100000000e+01  4.9972270417e-13
-8.0845479880e+01  9.1990472611e+05  2.7310781289e+02  1  1.2100000000e+01  5.0006432333e-13
-2.1086441805e-03  9.2108275330e+05  1.7258066226e-05  3  3.2200000000e+01  5.0070470418e-13
-6.9792455020e+01  9.2185891605e+05 -3.9505150231e+02  0  8.7600000000e+00  5.0112662972e-13
-8.7867563592e+01  9.2189248276e+05 -7.6071093818e+00  1  1.2100000000e+01  5.0114487674e-13
 1.4814150997e+01  9.2239986356e+05  7.2253523924e+01  0  8.7600000000e+00  5.0142069121e-13
-5.8939892113e+00  9.2352601103e+05  7.8723080248e+00  0  8.7600000000e+00  5.0203287001e-13
 5.6319066815e-05  9.2919771335e+05 -3.4454440365e-03  0  8.7600000000e+00  5.0511603276e-13
-6.8636225651e+00  9.3111954946e+05  9.2168654028e+00  1  1.2100000000e+01  5.0616075146e-13
 3.0958640967e+01  9.3134825306e+05  2.6841458818e+01  0  8.7600000000e+00  5.0628507576e-13
 2.2553832361e-01  9.3320608482e+05 -1.9945936636e+00  1  1.2100000000e+01  5.0729500141e-13
-5.2035238591e+00  9.3326389538e+05 -1.3978578644e+00  2  1.6800000000e+01  5.0732642749e-13
 2.0741639765e+01  9.3478271674e+05 -1.1057375872e+01  0  8.7600000000e+00  5.0815206558e-13
 2.4220788374e-03  9.3564593280e+05 -2.1209802977e-03  2  1.6800000000e+01  5.0862131369e-13
 2.3181618433e+01  9.3820921304e+05 -2.6782103769e+01  0  8.7600000000e+00  5.1001472429e-13
 5.5690657961e+00  9.3863574427e+05  7.6000078034e+00  0  8.7600000000e+00  5.1024658858e-13
 6.7010294876e+02  9.4260547351e+05 -3.1589378901e+02  0  8.7600000000e+00  5.1240455114e-13
-1.0706753927e+01  9.4659825982e+05 -3.1122067232e+00  2  1.6800000000e+01  5.1457504764e-13
-7.1795139998e+00  9.4714401918e+05 -3.5695705520e+00  0  8.7600000000e+00  5.1487172487e-13
 8.5018848183e+01  9.4748375827e+05 -2.7729263347e+01  2  1.6800000000e+01  5.1505640856e-13
 7.7146935530e+01  9.4843956907e+05 -8.3188652383e+01  1  1.2100000000e+01  5.1557599159e-13
 2.6841359295e-03  9.4927132260e+05  2.2725676826e-03  1  1.2100000000e+01  5.1602813652e-13
 6.5813526127e+01  9.5312717673e+05  6.9198037082e+01  0  8.7600000000e+00  5.1812419608e-13
-8.7368065164e+01  9.5360217968e+05 -6.3943201793e+00  0  8.7600000000e+00  5.1838240980e-13
 1.7566637590e-01  9.5548362800e+05  4.5143931868e+00  1  1.2100000000e+01  5.1940517352e-13
 7.7767816134e+00  9.5605810514e+05  1.1754934201e+01  1  1.2100000000e+01  5.1971746187e-13
 6.3243042151e+01  9.5878943451e+05 -2.8846736790e+01  0  8.7600000000e+00  5.2120222473e-13
 8.2577886498e+01  9.6099659025e+05  9.0592358545e+01  1  1.2100000000e+01  5.2240204446e-13
-4.9549592007e-03  9.6116277112e+05  2.0007142690e-03  2  1.6800000000e+01  5.2249238113e-13
 1.3096332104e+00  9.6150820485e+05  9.6833942661e-01  1  1.2100000000e+01  5.2268016044e-13
 6.7428435463e+01  9.6330700818e+05 -7.3868426994e+01  1  1.2100000000e+01  5.2365799798e-13
-4.2792598148e+00  9.6401274573e+05  3.1988593598e+00  2  1.6800000000e+01  5.2404164007e-13
 1.1463721183e+00  9.6550417683e+05  3.4006390720e+00  0  8.7600000000e+00  5.2485238869e-13
-3.5716181838e-01  9.6621454945e+05 -6.2836434852e+00  2  1.6800000000e+01  5.2523855042e-13
-4.0366209251e+02  9.6696673818e+05  8.5672876231e+01  1  1.2100000000e+01  5.2564744358e-13
 8.1187533310e+01  9.6772857626e+05 -4.1604215336e+00  0  8.7600000000e+00  5.2606158216e-13
-9.4397939495e+01  9.6926478692e+05 -1.5305200827e+02  0  8.7600000000e+00  5.2689667315e-13
-2.5279624397e+00  9.7302304034e+05  5.8915104140e-01  1  1.2100000000e+01  5.2893967651e-13
 3.8919780562e+00  9.7420698677e+05  3.2532244108e+00  0  8.7600000000e+00  5.2958327509e-13
 5.9455650468e+00  9.7671644353e+05 -4.2101387528e+00  1  1.2100000000e+01  5.3094742701e-13
 2.8966479704e+01  9.7926827108e+05 -1.0817043681e+01  0  8.7600000000e+00  5.3233461188e-13
-3.9952808940e-03  9.8806643751e+05  1.3140148280e-03  3  3.2200000000e+01  5.3711733450e-13
-3.3708106975e+00  9.8973177126e+05 -4.7069941237e+00  1  1.2100000000e+01  5.3802261737e-13
 4.2408391491e+00  9.9010061898e+05  2.8146496154e+01  1  1.2100000000e+01  5.3822312464e-13
-1.0493686652e+01  9.9316581610e+05  1.0800530666e+01  0  8.7600000000e+00  5.3988937951e-13
 4.6472138398e-03  9.9355968845e+05 -4.2769951277e-03  2  1.6800000000e+01  5.4010349028e-13
 3.6951151474e+01  9.9422982701e+05 -1.0316856302e+02  1  1.2100000000e+01  5.4046778060e-13
-3.4571109845e-03  9.9442518036e+05 -3.6643158824e-03  3  3.2200000000e+01  5.4057397555e-13
-5.9541007593e-01  9.9668982233e+05  8.6234133848e-01  0  8.7600000000e+00  5.4180504505e-13
-4.0783405365e+00  9.9672830977e+05 -2.1727651708e+00  3  3.2200000000e+01  5.4182596700e-13
-1.8665762435e+00  9.9684903977e+05  4.0702633983e+00  1  1.2100000000e+01  5.4189159637e-13
 1.5420537616e+01  9.9892450064e+05 -1.1578389116e+01  2  1.6800000000e+01  5.4301982618e-13
 1.5958508660e+00  1.0004681940e+06  2.2029157178e+00  1  1.2100000000e+01  5.4385898477e-13