 x                 y                 z               Event            Energy              Time
 1.7816004036e+00  1.9686470928e+03 -5.6656286849e+00  0  8.7600000000e+00  1.2961501186e-15
-2.1114711450e-03  2.4210512216e+03  2.5044659839e-03  1  1.2100000000e+01  1.5940113591e-15
 1.2207039078e+02  3.1013905740e+03  7.2672370505e+01  0  8.7600000000e+00  2.0419443257e-15
-1.6662397526e+00  3.4169711883e+03  7.0270589406e-01  0  8.7600000000e+00  2.2497214596e-15
 4.2168692304e+00  6.3970924389e+03  1.4798908273e+01  3  3.2200000000e+01  4.2118225018e-15
-1.6344879308e+01  6.5049636088e+03  6.8373536589e+00  2  1.6800000000e+01  4.2828444895e-15
-8.5345058073e+00  6.5093764219e+03 -1.3378143968e+01  0  8.7600000000e+00  4.2857498697e-15
 1.6604756699e+02  7.8303195989e+03  1.1293292477e+02  2  1.6800000000e+01  5.1554540751e-15
-8.3726233462e+01  7.8582707819e+03  1.9219098389e+01  0  8.7600000000e+00  5.1738570328e-15
-6.8970988222e+01  7.9239301257e+03 -2.8711128781e+01  0  8.7600000000e+00  5.2170869071e-15
 8.7407133542e+01  9.7754439677e+03  1.1602501748e+02  0  8.7600000000e+00  6.4361169174e-15
 2.5597922446e-03  1.3972812849e+04  2.4282550241e-03  3  3.2200000000e+01  9.1996493924e-15
 1.6821900460e-03  1.4151753925e+04  2.5681036606e-03  1  1.2100000000e+01  9.3174635491e-15
 3.3112391623e+00  1.5032202416e+04 -2.3924069918e+00  0  8.7600000000e+00  9.8971476485e-15
-6.6885123008e+00  1.6869099139e+04 -6.0259159319e+00  0  8.7600000000e+00  1.1106553800e-14
 2.1182241790e-03  1.7695033325e+04  9.9377580732e-04  3  3.2200000000e+01  1.1650345878e-14
-9.1860631899e+01  1.8125850118e+04  2.5302782924e+01  0  8.7600000000e+00  1.1933994095e-14
 1.2590025229e+01  2.0930210175e+04  5.2972308623e+01  2  1.6800000000e+01  1.3780374604e-14
-1.5356150915e+01  2.1092675115e+04  2.7428735780e+01  2  1.6800000000e+01  1.3887340932e-14
-8.8407140810e+00  2.1371862866e+04 -5.9900043920e+00  2  1.6800000000e+01  1.4071157137e-14
-1.4684232682e+01  2.2083315200e+04  1.0932441914e+01  1  1.2100000000e+01  1.4539574778e-14
-9.1632673912e+00  2.3917208258e+04  4.5272945235e+00  0  8.7600000000e+00  1.5747003327e-14
-2.3267067666e+00  2.5808539386e+04  1.6242363398e+00  1  1.2100000000e+01  1.6992248894e-14
-2.1891317285e+01  2.5852711112e+04 -2.4096887820e+01  0  8.7600000000e+00  1.7021331399e-14
-1.1336353491e+01  2.7797247589e+04  2.0376806990e+01  3  3.2200000000e+01  1.8301607176e-14
 2.1942873121e+02  2.9651879622e+04  1.5620156431e+02  0  8.7600000000e+00  1.9522690192e-14
 2.3899935965e-03  3.0599907089e+04 -1.3776229864e-03  0  8.7600000000e+00  2.0146868044e-14
 1.3958549619e+01  3.1239085345e+04 -1.4868711483e+01  2  1.6800000000e+01  2.0567700693e-14
 2.5165456273e+00  3.3063548956e+04  9.6679766353e-01  0  8.7600000000e+00  2.1768920929e-14
-5.2542745881e+00  3.3396500332e+04 -3.4759611438e+01  1  1.2100000000e+01  2.1988134910e-14
 2.6675726266e+00  3.3784075591e+04  8.1550066639e-01  3  3.2200000000e+01  2.2243313058e-14
-2.8826446088e+00  3.3945309181e+04  7.4063959935e+00  2  1.6800000000e+01  2.2349468670e-14
-3.7095322268e-03  3.4027326969e+04  3.8918647398e-03  3  3.2200000000e+01  2.2403468884e-14
-7.6537118828e+01  3.5269377896e+04 -6.4716030640e+01  0  8.7600000000e+00  2.3221230718e-14
 8.0683107011e+01  3.5533697058e+04  2.8302177409e+01  0  8.7600000000e+00  2.3395257497e-14
-1.0808283691e+00  3.6398934733e+04 -6.5621482735e-01  1  1.2100000000e+01  2.3964926850e-14
-1.4673457391e+02  3.7481059517e+04  4.6547625709e+01  0  8.7600000000e+00  2.4677393890e-14
 3.2354621891e+01  3.9002213940e+04 -1.8135926508e+01  1  1.2100000000e+01  2.5678916455e-14
 1.3907768028e+01  3.9953432937e+04  6.0459052599e+00  0  8.7600000000e+00  2.6305195599e-14
 3.1076688437e+00  4.0456337475e+04  1.5839406280e-01  0  8.7600000000e+00  2.6636306126e-14
 2.1817986336e+01  4.0618096547e+04 -3.3961624960e+01  0  8.7600000000e+00  2.6742807713e-14
-2.4796784503e+02  4.2590224976e+04 -5.7432099044e+01  0  8.7600000000e+00  2.8041249931e-14
 2.2598471655e+01  4.5388063567e+04  6.0059752137e+01  1  1.2100000000e+01  2.9883336730e-14
-9.0456344519e+00  4.6750585112e+04  1.8176085001e+01  2  1.6800000000e+01  3.0780415982e-14
-7.4744633085e+00  4.8225607673e+04  7.6687731790e+00  2  1.6800000000e+01  3.1751565497e-14
 5.7816018636e+01  4.9583721957e+04 -1.1952093464e+02  1  1.2100000000e+01  3.2645743024e-14
 1.1419517605e+02  5.1372436657e+04  1.6626902396e+02  2  1.6800000000e+01  3.3823426307e-14
 2.9633504784e+01  5.1844641003e+04  9.7956384693e+00  0  8.7600000000e+00  3.4134323939e-14
 2.5045104103e+01  5.1923362035e+04  7.0295263210e+00  0  8.7600000000e+00  3.4186153581e-14
-1.5604144572e+00  5.2563363014e+04 -3.0406408835e+00  1  1.2100000000e+01  3.4607527908e-14
 1.0336389254e+01  5.3196450627e+04 -3.7930244231e+01  1  1.2100000000e+01  3.5024350501e-14
 5.7068137711e-04  5.4230585947e+04  1.4419051569e-03  3  3.2200000000e+01  3.5705221451e-14
 2.2309263517e+01  5.6223280197e+04 -4.5393485937e+00  3  3.2200000000e+01  3.7017204131e-14
-3.0971907387e+01  5.6855561028e+04  1.4546780832e+01  2  1.6800000000e+01  3.7433495542e-14
-3.4417839910e+00  5.7795477452e+04 -1.6848445030e+00  0  8.7600000000e+00  3.8052333112e-14
 9.2924604967e-01  5.8786070323e+04 -3.5192751629e+00  1  1.2100000000e+01  3.8704535872e-14
 1.1610349338e+01  5.9532723498e+04  2.5736116434e+01  0  8.7600000000e+00  3.9196129619e-14
 2.3065876021e+00  5.9836078161e+04 -3.8838643183e+01  1  1.2100000000e+01  3.9395857231e-14
-3.2204121550e+01  6.1480310420e+04  6.8966810517e+01  1  1.2100000000e+01  4.0478413798e-14
 1.5574891679e+02  6.3080285039e+04  1.2348124057e+02  0  8.7600000000e+00  4.1531831294e-14
 1.7330003537e+00  6.4216667005e+04 -1.3206751351e+00  1  1.2100000000e+01  4.2280021067e-14
-1.3046872416e+02  6.4542298819e+04  7.0926424132e+01  1  1.2100000000e+01  4.2494415874e-14
-4.4358635423e-02  6.5301346674e+04  1.5180883410e+00  1  1.2100000000e+01  4.2994170234e-14
-1.8418906833e+02  6.6100828848e+04  6.3064035516e+00  0  8.7600000000e+00  4.3520546402e-14
-7.1274678932e+00  6.8395341393e+04 -9.8922406112e-01  3  3.2200000000e+01  4.5031245155e-14
 5.8340403645e-01  7.0036682635e+04 -4.7801423736e-01  3  3.2200000000e+01  4.6111898286e-14
 8.7870618955e+00  7.0161877913e+04  7.2363737368e+00  3  3.2200000000e+01  4.6194326405e-14
-4.7842567457e+01  7.0888212811e+04  4.0393361422e+01  3  3.2200000000e+01  4.6672542672e-14
-1.6536450002e+01  7.1007846681e+04  1.1100346166e+01  1  1.2100000000e+01  4.6751309179e-14
-1.6598731668e-01  7.1128749140e+04  1.1386053508e+00  0  8.7600000000e+00  4.6830910920e-14
 4.0999722709e-03  7.3193885985e+04 -1.7660422887e-03  3  3.2200000000e+01  4.8190589542e-14
 5.6961384493e-01  7.3237803798e+04  1.8446465534e+00  0  8.7600000000e+00  4.8219504871e-14
-6.0915821788e+01  7.5349003652e+04  6.1356796816e+01  1  1.2100000000e+01  4.9609511212e-14
-5.9472952199e+01  7.6947376112e+04  2.3798486648e+02  1  1.2100000000e+01  5.0661873853e-14
-1.2940251589e+00  7.8311201469e+04  1.5694448685e+01  0  8.7600000000e+00  5.1559811530e-14
-2.0632668676e+01  8.1385844468e+04  1.1526187748e+02  0  8.7600000000e+00  5.3584145349e-14
 8.7665595392e+00  8.2230771015e+04  2.5655595284e+00  0  8.7600000000e+00  5.4140441929e-14
 8.0036770143e+01  8.3380889208e+04  1.5033916463e+02  0  8.7600000000e+00  5.4897675583e-14
 1.2370242543e-03  8.3876821851e+04 -2.2773468343e+00  0  8.7600000000e+00  5.5224195840e-14
-1.8727470128e-03  8.4123178460e+04  4.7409555268e-03  0  8.7600000000e+00  5.5386396139e-14
 1.2395392620e-03  8.6550074750e+04  2.9363767514e-03  3  3.2200000000e+01  5.6984255870e-14
-1.0325139406e+01  8.7666240685e+04 -1.5286218140e+02  0  8.7600000000e+00  5.7719135481e-14
 3.1142063425e+00  8.8280398961e+04  5.6653885930e-01  1  1.2100000000e+01  5.8123495066e-14
 7.7634187157e+00  8.8396082601e+04  3.2931921079e+00  2  1.6800000000e+01  5.8199660756e-14
 5.8652564142e+01  8.9655665151e+04 -7.9268478960e+01  1  1.2100000000e+01  5.9028965347e-14
-7.2463127155e+00  8.9916231683e+04  1.2247090068e+00  1  1.2100000000e+01  5.9200521408e-14
-1.6337512715e+00  9.0889195268e+04  6.3467741283e-01  2  1.6800000000e+01  5.9841117110e-14
 1.7261132682e+01  9.1336701787e+04 -1.2681401283e+00  2  1.6800000000e+01  6.0135753782e-14
-1.1543331317e+02  9.2257788794e+04  1.3488146681e+02  0  8.7600000000e+00  6.0742194132e-14
 5.4611483165e-02  9.2684458513e+04  1.2751979886e+00  0  8.7600000000e+00  6.1023111931e-14
-9.1428971384e-01  9.3082608908e+04 -2.5490513952e+00  0  8.7600000000e+00  6.1285252710e-14
-1.6077068358e+01  9.4549206993e+04 -5.0570522354e+00  3  3.2200000000e+01  6.2250855579e-14
 1.6840602908e-03  9.4622923171e+04  4.0013070446e-03  3  3.2200000000e+01  6.2299390044e-14
-4.3947543677e+00  9.5548658690e+04 -2.7961559640e+01  0  8.7600000000e+00  6.2908890958e-14
 2.0203814815e+01  9.6569854768e+04 -1.3067056648e+00  1  1.2100000000e+01  6.3581242759e-14
 1.7515577279e+01  9.6917312817e+04  5.9347749809e+01  0  8.7600000000e+00  6.3810007880e-14
 1.9239926374e+00  9.7692808699e+04  1.6817278895e+00  1  1.2100000000e+01  6.4320591561e-14
-3.2500659596e-05  9.9105647709e+04  3.7614141632e-03  1  1.2100000000e+01  6.5250799651e-14
 2.2329676036e+01  9.9417817535e+04  9.7267503214e+00  2  1.6800000000e+01  6.5456331134e-14
-2.5478447853e-01  1.0304376556e+05 -2.4221867344e+00  2  1.6800000000e+01  6.7843642183e-14
-1.9121596156e-03  1.0556172569e+05  2.3333402571e-03  0  8.7600000000e+00  6.9501458016e-14
-2.7260987725e+00  1.0642581764e+05  2.9619633835e+00  1  1.2100000000e+01  7.0070373033e-14
 6.5038333975e+00  1.0664948493e+05 -3.6069640944e+00  1  1.2100000000e+01  7.0217634763e-14
 3.0150348185e+01  1.0697813218e+05  6.0989321502e+01  0  8.7600000000e+00  7.0434014925e-14
-4.3950823829e+00  1.0711645267e+05 -5.7678348932e+00  0  8.7600000000e+00  7.0525084634e-14
-1.1750399363e+00  1.0712154592e+05  5.4160763045e-01  1  1.2100000000e+01  7.0528438009e-14
-3.5502989909e-03  1.0906452538e+05  1.2485930469e-04  2  1.6800000000e+01  7.1807688656e-14
-1.4896660561e-03  1.0937897910e+05  3.1825948591e-03  0  8.7600000000e+00  7.2014723847e-14
 2.0002886864e+00  1.1385904887e+05 -1.8505024791e+00  0  8.7600000000e+00  7.4964385559e-14
 5.7617371130e+01  1.1972981731e+05 -6.6695488808e+01  2  1.6800000000e+01  7.8829678250e-14
 9.5554052755e+00  1.2114709883e+05  6.8983497036e+00  2  1.6800000000e+01  7.9762811268e-14
-1.2820266426e-04  1.2120357697e+05 -4.7021782164e-03  2  1.6800000000e+01  7.9799996272e-14
-7.9086252011e-01  1.2151100463e+05  2.7532802504e+00  0  8.7600000000e+00  8.0002405531e-14
 2.8748664270e+01  1.2329511605e+05  8.2231406874e-01  1  1.2100000000e+01  8.1177058029e-14
 9.4276464933e-02  1.2634055843e+05 -4.3143381198e-02  0  8.7600000000e+00  8.3182166267e-14
-1.0214418479e+00  1.2671187419e+05  2.6300262174e+01  2  1.6800000000e+01  8.3426639219e-14
 1.0194287882e-01  1.3019888019e+05 -1.6583520912e+00  0  8.7600000000e+00  8.5722471348e-14
 2.9706785235e+00  1.3138066673e+05  7.3230990068e-01  0  8.7600000000e+00  8.6500555325e-14
 8.4101022809e+00  1.3189212821e+05  6.0722995428e+00  2  1.6800000000e+01  8.6837299710e-14
-1.0952791314e+01  1.3248037345e+05 -7.5583214128e+00  1  1.2100000000e+01  8.7224598252e-14
-4.4138158076e+00  1.3414865947e+05 -3.8693906569e+00  1  1.2100000000e+01  8.8322991725e-14
-1.3022016913e+00  1.3575883004e+05  4.4734566553e+00  0  8.7600000000e+00  8.9383122195e-14
 6.3076796304e+01  1.3628018736e+05  5.3531122791e+02  0  8.7600000000e+00  8.9726381967e-14
 4.9071695446e-04  1.3724287369e+05 -2.5201464573e-03  0  8.7600000000e+00  9.0360211163e-14
-1.6415470905e+01  1.3875802570e+05 -4.0503779256e+01  2  1.6800000000e+01  9.1357781763e-14
-7.4504293629e+00  1.4168415415e+05  1.2400286114e-01  0  8.7600000000e+00  9.3284334140e-14
 1.5718187590e+01  1.4205934433e+05  1.2391190192e+01  0  8.7600000000e+00  9.3531357999e-14
-1.1446991738e+01  1.4207470208e+05 -1.3905282694e+01  1  1.2100000000e+01  9.3541469483e-14
-1.2151645113e+02  1.4361467638e+05  2.2244901922e+01  0  8.7600000000e+00  9.4555382987e-14
 1.1898843414e+00  1.4521254604e+05 -6.1792149289e+01  1  1.2100000000e+01  9.5607414588e-14
 9.8582903279e+01  1.4655408130e+05  4.0966530145e+01  0  8.7600000000e+00  9.6490676546e-14
 4.5454206670e-02  1.4673054868e+05  2.0778866897e-01  0  8.7600000000e+00  9.6606862029e-14
 9.8319527792e+00  1.4695300623e+05  3.4400007693e+00  0  8.7600000000e+00  9.6753327275e-14
-7.7300798761e+00  1.4893404820e+05  6.7708052297e+01  0  8.7600000000e+00  9.8057638133e-14
 1.8491138615e+01  1.4912063990e+05  2.5836864643e+01  0  8.7600000000e+00  9.8180489438e-14
-1.7489152994e+02  1.4974697216e+05  5.5746414518e+01  1  1.2100000000e+01  9.8592864325e-14
-6.0557893473e+01  1.4983241531e+05  1.9907992308e+01  2  1.6800000000e+01  9.8649119788e-14
-9.3613051062e+01  1.5288692975e+05 -5.0459337632e+01  0  8.7600000000e+00  1.0066020104e-13
 3.8984929160e-03  1.5466191769e+05  1.9704387789e-03  3  3.2200000000e+01  1.0182884667e-13
-1.9498178681e+01  1.5672198975e+05 -5.9156900434e+00  0  8.7600000000e+00  1.0318519066e-13
-2.8354438291e-03  1.6129625846e+05  4.6955641544e-03  1  1.2100000000e+01  1.0619687262e-13
-2.3765462857e+00  1.6564835218e+05 -2.7181375588e+00  0  8.7600000000e+00  1.0906227536e-13
-2.0067046777e+01  1.6582140248e+05  1.8662484921e+00  0  8.7600000000e+00  1.0917621105e-13
 5.7596125120e+01  1.7065089925e+05  3.5491570620e+01  0  8.7600000000e+00  1.1235593425e-13
 2.8073809609e+00  1.7073005968e+05 -4.5046080200e-01  0  8.7600000000e+00  1.1240805318e-13
-5.3461003688e+00  1.7135587495e+05  5.0492787205e+00  0  8.7600000000e+00  1.1282008769e-13
 1.9688787718e+02  1.7163273555e+05 -7.7603277243e+01  1  1.2100000000e+01  1.1300237171e-13
 1.0113641996e+01  1.7183984468e+05 -5.7365766519e+01  0  8.7600000000e+00  1.1313873161e-13
 7.5840049055e-01  1.7261744787e+05 -1.1886025410e+01  0  8.7600000000e+00  1.1365070273e-13
-4.0805467484e+00  1.7456778323e+05  6.4098419556e+00  1  1.2100000000e+01  1.1493479647e-13
-1.6532571039e-03  1.7487488161e+05  3.7078540626e-03  0  8.7600000000e+00  1.1513698894e-13
 4.0014047428e+00  1.7870554560e+05  1.4213933162e+01  0  8.7600000000e+00  1.1765908424e-13
 8.5830192502e+00  1.7931533385e+05  1.6614649723e+01  2  1.6800000000e+01  1.1806056662e-13
-1.2639821392e+00  1.7969212110e+05 -6.3719550097e+00  1  1.2100000000e+01  1.1830864198e-13
-8.6091855110e+00  1.7994821940e+05  1.7657402006e+01  2  1.6800000000e+01  1.1847725617e-13
-2.0967690680e-03  1.8001814679e+05 -3.9772536391e-04  1  1.2100000000e+01  1.1852329611e-13
-4.5701912835e-03  1.8088482515e+05 -1.2049019552e-03  0  8.7600000000e+00  1.1909391401e-13
-8.1871721818e-01  1.8102744259e+05 -3.5472492008e+00  0  8.7600000000e+00  1.1918781281e-13
-3.3258628094e+00  1.8182839004e+05 -3.7974834060e+01  0  8.7600000000e+00  1.1971515371e-13
-1.9612618827e+01  1.8319610721e+05 -4.4124916115e+01  0  8.7600000000e+00  1.2061565374e-13
 8.3385590971e+00  1.8320623849e+05 -8.1205213309e+00  1  1.2100000000e+01  1.2062232414e-13
-2.2932154211e+01  1.8335691116e+05 -4.7438804389e+01  3  3.2200000000e+01  1.2072152649e-13
-3.5770213155e+00  1.8390426827e+05  2.6449133766e+01  0  8.7600000000e+00  1.2108190443e-13
-2.9308751020e+01  1.8450517955e+05  5.1177852714e+01  0  8.7600000000e+00  1.2147754223e-13
-2.5436956038e+00  1.8514555906e+05  9.3135783916e-01  0  8.7600000000e+00  1.2189916578e-13
-1.5703869457e+01  1.8690705728e+05  1.3395478874e+01  2  1.6800000000e+01  1.2305892984e-13
 6.0142728544e+00  1.8758436984e+05 -2.5727290297e+00  0  8.7600000000e+00  1.2350486997e-13
-3.2053630676e+00  1.8766137561e+05  2.0029614594e+00  1  1.2100000000e+01  1.2355557029e-13
-2.3919630450e+00  1.9143120344e+05  3.5686806509e+00  2  1.6800000000e+01  1.2603761129e-13
 8.6111783181e+00  1.9612868577e+05 -1.1920888230e+01  0  8.7600000000e+00  1.2913041665e-13
-4.5166508626e+01  1.9653938810e+05  9.5184202048e+00  0  8.7600000000e+00  1.2940082158e-13
 8.2896154493e-01  1.9721555515e+05  1.3678964720e+00  0  8.7600000000e+00  1.2984600752e-13
 6.9098338486e-01  1.9768076959e+05 -1.2365423812e+00  2  1.6800000000e+01  1.3015230301e-13
-2.4075233717e+00  1.9879947077e+05 -4.7183108534e+00  0  8.7600000000e+00  1.3088885182e-13
-3.2978536758e+00  1.9933904525e+05  7.5366751602e-01  0  8.7600000000e+00  1.3124410571e-13
-9.7319829604e+00  1.9956642559e+05 -5.6432234263e+00  3  3.2200000000e+01  1.3139381210e-13
-6.1375589206e+00  1.9982640959e+05  4.6518192741e+00  0  8.7600000000e+00  1.3156498462e-13
 1.4147281509e+00  1.9988462251e+05 -3.6240774440e+00  1  1.2100000000e+01  1.3160331180e-13
 6.1071174125e+00  2.0192426079e+05 -6.2821278107e+00  1  1.2100000000e+01  1.3294620226e-13
-3.6792431260e-01  2.0223530984e+05 -9.6075531563e-01  2  1.6800000000e+01  1.3315099583e-13
-5.0442523332e+01  2.0252697880e+05  7.5592148039e+00  3  3.2200000000e+01  1.3334302962e-13
-7.8289684360e+01  2.0267201001e+05  4.8080748536e+01  0  8.7600000000e+00  1.3343851764e-13
 4.2011540454e+01  2.0341457937e+05 -2.3573719388e+01  0  8.7600000000e+00  1.3392742262e-13
-1.0293524901e+01  2.0725323943e+05  2.9485351129e+00  2  1.6800000000e+01  1.3645478251e-13
-3.8032814528e+00  2.0734888417e+05 -3.0318379578e+00  1  1.2100000000e+01  1.3651775466e-13
-7.2144892041e-01  2.0765842873e+05  1.4636997537e+00  1  1.2100000000e+01  1.3672155767e-13
-7.8716080905e-04  2.0836675823e+05  1.8828225098e-04  1  1.2100000000e+01  1.3718791925e-13
 4.4597922216e-03  2.0931685557e+05 -4.2721308159e-03  0  8.7600000000e+00  1.3781345990e-13
-1.7026229094e-03  2.1047911611e+05  4.0167612764e-03  0  8.7600000000e+00  1.3857868803e-13
 1.0564918528e+02  2.1057950729e+05 -4.7090094282e+01  1  1.2100000000e+01  1.3864478522e-13
-7.2635731453e+00  2.1065620642e+05 -2.0016130517e+01  0  8.7600000000e+00  1.3869528365e-13
-2.9322732486e-04  2.1119038277e+05  1.7283510029e-03  2  1.6800000000e+01  1.3904698342e-13
 5.2745972063e+01  2.1120084578e+05 -7.2803291941e+01  2  1.6800000000e+01  1.3905387223e-13
-1.6046942894e-03  2.1177669580e+05 -9.6922565762e-05  3  3.2200000000e+01  1.3943300980e-13
 1.0224372316e-03  2.1454808341e+05  4.1025519320e-03  0  8.7600000000e+00  1.4125768137e-13
-2.4831245706e+02  2.1562314659e+05  4.4768082422e+01  1  1.2100000000e+01  1.4196549908e-13
-7.4067469356e+01  2.1589835800e+05 -4.9240009324e+01  3  3.2200000000e+01  1.4214669727e-13
 1.5903216072e-03  2.1863012725e+05 -1.4647472633e-03  0  8.7600000000e+00  1.4394528426e-13
 1.2268065747e+02  2.2243956137e+05 -4.0083653420e+02  1  1.2100000000e+01  1.4645340189e-13
 1.9927451280e-03  2.2276159903e+05  2.0673661479e-03  3  3.2200000000e+01  1.4666543032e-13
 5.0564895378e+02  2.2354702292e+05 -2.5396155968e+01  2  1.6800000000e+01  1.4718255056e-13
 4.7887266734e+01  2.2426375758e+05  1.9694016898e+00  2  1.6800000000e+01  1.4765444607e-13
-7.1543870506e+01  2.2480006582e+05  5.3935081775e+01  1  1.2100000000e+01  1.4800754947e-13
-2.1278978900e+01  2.2601908942e+05 -1.2597624718e+02  1  1.2100000000e+01  1.4881015020e-13
-2.1421449044e+01  2.2628257493e+05 -1.5648049360e+01  0  8.7600000000e+00  1.4898362810e-13
 5.3833917969e+00  2.3052092854e+05  1.2525434979e+01  0  8.7600000000e+00  1.5177414478e-13
 1.1267933083e+02  2.3060752005e+05  8.9681256866e+00  1  1.2100000000e+01  1.5183115631e-13
 2.2310632950e+00  2.3160994675e+05  3.2349811851e+00  0  8.7600000000e+00  1.5249115042e-13
 1.9783804220e+00  2.3181742491e+05 -7.8340935010e-01  0  8.7600000000e+00  1.5262775329e-13
 3.6003441396e+01  2.3308925572e+05 -3.3113371695e+00  2  1.6800000000e+01  1.5346512209e-13
-2.9214173085e+00  2.3439199963e+05  5.1629068474e+00  1  1.2100000000e+01  1.5432284396e-13
 7.5692810385e+01  2.3593552067e+05 -1.8943034046e+01  1  1.2100000000e+01  1.5533909263e-13
-1.8858525376e+00  2.3649913173e+05  3.9942474956e+00  2  1.6800000000e+01  1.5571017211e-13
 6.4612305904e+01  2.3706927899e+05 -2.2275501784e+01  2  1.6800000000e+01  1.5608555500e-13
-3.8731532824e+00  2.3716225065e+05  3.1276802583e+00  0  8.7600000000e+00  1.5614676721e-13
 3.4809899411e+01  2.3764752471e+05  1.2799905798e+01  0  8.7600000000e+00  1.5646626989e-13
 1.5468262128e+02  2.3876239806e+05  6.6474675223e+01  0  8.7600000000e+00  1.5720029847e-13
-1.4845000492e+01  2.3917077778e+05  4.3497859417e+01  1  1.2100000000e+01  1.5746917420e-13
-3.7771520618e-03  2.3922330560e+05 -2.5947030809e-03  0  8.7600000000e+00  1.5750375833e-13
 8.2531973060e-04  2.4192624897e+05  1.1487121164e-03  1  1.2100000000e+01  1.5928336645e-13
 1.0365945998e+01  2.4450108137e+05  1.8885770598e+01  0  8.7600000000e+00  1.6097862678e-13
-3.5954602894e-03  2.4503911949e+05  1.0989154624e-03  0  8.7600000000e+00  1.6133286914e-13
 2.0370728053e+02  2.5252676687e+05 -2.0484133519e+02  1  1.2100000000e+01  1.6626270906e-13
-1.7000509063e+00  2.5314304645e+05  2.4469242392e+01  0  8.7600000000e+00  1.6666846530e-13
-1.1796391199e+00  2.5462491383e+05  1.0757517186e+01  2  1.6800000000e+01  1.6764412142e-13
-5.8750243603e+01  2.5524848371e+05 -1.1985499229e+02  1  1.2100000000e+01  1.6805467758e-13
 9.9893234803e+01  2.5588356264e+05  7.5716380314e+01  1  1.2100000000e+01  1.6847281125e-13
-3.3871642910e+01  2.5710593652e+05  3.4332843118e+00  0  8.7600000000e+00  1.6927761778e-13
-5.2782296926e-04  2.6175993489e+05 -1.1206443776e-03  0  8.7600000000e+00  1.7234179345e-13
 6.9406249029e+00  2.6687791467e+05  2.5248889180e+01  1  1.2100000000e+01  1.7571145281e-13
-6.9976934227e+00  2.6759343333e+05 -9.9781612376e+00  2  1.6800000000e+01  1.7618254771e-13
-6.4635195899e+02  2.6870763678e+05 -5.1879058654e+01  0  8.7600000000e+00  1.7691613523e-13
 1.3305859448e+01  2.6965671148e+05  1.8947829389e+00  0  8.7600000000e+00  1.7754100257e-13
-1.4828132521e+00  2.7124570043e+05  5.0432525479e+00  0  8.7600000000e+00  1.7858718715e-13
 5.3144014813e+00  2.7271860570e+05  3.5882396482e+00  2  1.6800000000e+01  1.7955694264e-13
-2.3758894557e+00  2.7367136251e+05 -2.2128003439e+00  1  1.2100000000e+01  1.8018423428e-13
 1.0294989153e+00  2.7397859447e+05  1.4092937475e+00  1  1.2100000000e+01  1.8038651469e-13
 3.2610086881e+00  2.7423582039e+05  4.4715609373e-01  2  1.6800000000e+01  1.8055587131e-13
 1.6900301370e+01  2.7434642466e+05 -2.6683402599e+01  1  1.2100000000e+01  1.8062869275e-13
-4.6700543350e-03  2.7654810179e+05  3.9679176425e-04  3  3.2200000000e+01  1.8207826901e-13
 3.7992749173e+01  2.7757526457e+05  2.9030953931e+01  1  1.2100000000e+01  1.8275454926e-13
 1.7208192879e+01  2.8016214137e+05 -6.2152097375e+00  1  1.2100000000e+01  1.8445773958e-13
 1.2575623792e+00  2.8026420547e+05  1.6929879882e-01  1  1.2100000000e+01  1.8452493822e-13
-2.9890807506e+01  2.8161469704e+05  8.6463389079e+01  0  8.7600000000e+00  1.8541409698e-13
-1.1208181810e-03  2.8191194466e+05  2.4088316026e-03  2  1.6800000000e+01  1.8560980373e-13
-1.9248814996e+01  2.8197014943e+05 -2.6686113171e+01  1  1.2100000000e+01  1.8564812554e-13
-8.0540878465e+01  2.8544874340e+05  7.5431463385e+00  2  1.6800000000e+01  1.8793841922e-13
-3.3552538545e+01  2.8692524289e+05 -1.0151506096e+01  0  8.7600000000e+00  1.8891054114e-13
-4.7672547911e-03  2.8756744285e+05 -3.2512742552e-03  2  1.6800000000e+01  1.8933336327e-13
 5.7511738337e+01  2.8772349375e+05  9.5490552366e+01  2  1.6800000000e+01  1.8943610662e-13
 4.9831653321e-01  2.8914059917e+05 -2.8998225303e-01  0  8.7600000000e+00  1.9036912369e-13
 5.2278411092e+00  2.9274988061e+05  1.2976047545e+01  2  1.6800000000e+01  1.9274546153e-13
-5.0855998843e+00  2.9352681812e+05  3.1676478481e+01  0  8.7600000000e+00  1.9325699437e-13
-1.8404173897e+02  2.9399389759e+05  1.3612240297e+03  2  1.6800000000e+01  1.9356451780e-13
-4.0701230626e+00  2.9422145618e+05  1.3867438757e+01  1  1.2100000000e+01  1.9371434155e-13
 1.6241322028e+01  2.9610712727e+05  2.7379883354e+01  1  1.2100000000e+01  1.9495586057e-13
 4.6639429462e-01  2.9704027741e+05  5.8365403706e+00  3  3.2200000000e+01  1.9557024324e-13
 6.8720443869e+01  2.9907402194e+05 -4.0200951687e+01  0  8.7600000000e+00  1.9690925328e-13
-2.9330215564e+00  2.9949707742e+05  4.7317913568e+00  1  1.2100000000e+01  1.9718779148e-13
-4.1664075056e-03  3.0077167756e+05 -4.8109465092e-03  3  3.2200000000e+01  1.9802698360e-13
 2.6842802700e+00  3.0268746912e+05  2.0521240404e+00  1  1.2100000000e+01  1.9928833382e-13
 6.6053005735e+00  3.0457329283e+05 -1.0065613068e+01  0  8.7600000000e+00  2.0052995333e-13
 4.4909609010e+01  3.0778199471e+05  2.8783456776e+01  2  1.6800000000e+01  2.0264255102e-13
 9.3839169694e+00  3.0853880329e+05  1.7752941625e+00  0  8.7600000000e+00  2.0314083105e-13
-9.3705659141e+01  3.0875348339e+05 -1.7355729919e+02  0  8.7600000000e+00  2.0328217565e-13
-6.2256782348e+00  3.1067268095e+05  8.4389928711e+00  3  3.2200000000e+01  2.0454576838e-13
-1.1030365882e+01  3.1099375621e+05  7.3199459549e+00  2  1.6800000000e+01  2.0475716317e-13
-5.6953071535e+02  3.1228208162e+05  1.2533641216e+03  0  8.7600000000e+00  2.0560539195e-13
 1.6051788085e+00  3.1233121594e+05 -1.6863423798e+00  1  1.2100000000e+01  2.0563774182e-13
 2.4220206483e-03  3.1304277241e+05 -3.0989634004e-03  2  1.6800000000e+01  2.0610622801e-13
 3.6301888837e-01  3.1389682066e+05 -4.1195479211e+00  0  8.7600000000e+00  2.0666853029e-13
-3.8749095175e+00  3.1489343687e+05  2.0270968517e+00  0  8.7600000000e+00  2.0732469880e-13
-1.0410850373e+02  3.1534431330e+05 -3.6030926743e+02  0  8.7600000000e+00  2.0762155421e-13
-1.5082489063e+01  3.1543144384e+05  3.1350004533e+01  0  8.7600000000e+00  2.0767892064e-13
-2.9429976106e+00  3.1634240834e+05  4.7845259955e+00  1  1.2100000000e+01  2.0827869637e-13
-1.8264479438e+01  3.1738535379e+05  5.2576602472e+00  1  1.2100000000e+01  2.0896536787e-13
 7.3136320722e+01  3.1801371963e+05  2.4220511057e+02  0  8.7600000000e+00  2.0937908167e-13
-4.2778704405e-03  3.1834236110e+05  1.8315061912e-03  0  8.7600000000e+00  2.0959545802e-13
 5.3010190731e+01  3.1858854958e+05  3.6552682246e+02  1  1.2100000000e+01  2.0975754763e-13
 7.2870233290e+01  3.1968811240e+05 -1.3148264357e+02  0  8.7600000000e+00  2.1048149581e-13
-4.3492480131e+00  3.1998250907e+05  2.7290933583e+00  2  1.6800000000e+01  2.1067532551e-13
-1.3692219099e+00  3.2306443609e+05  1.8534920579e+00  2  1.6800000000e+01  2.1270445510e-13
-6.3442192135e+00  3.2502629884e+05 -4.6133973513e+00  3  3.2200000000e+01  2.1399613843e-13
 3.2046826212e+01  3.2563036301e+05  5.7838486338e+01  1  1.2100000000e+01  2.1439385210e-13
-2.7018561899e+00  3.2648076130e+05  3.1585673353e+00  1  1.2100000000e+01  2.1495375125e-13
-4.1565847674e+00  3.2764627036e+05 -4.2138932323e+00  0  8.7600000000e+00  2.1572111820e-13
 9.8905719939e-01  3.3011384229e+05  2.1739958895e+01  2  1.6800000000e+01  2.1734575862e-13
-8.5429183979e-01  3.3052210820e+05 -4.3201554662e+01  2  1.6800000000e+01  2.1761455942e-13
 1.7069295526e+01  3.3222737103e+05  1.2787978617e+02  2  1.6800000000e+01  2.1873729829e-13
-1.0874474107e+01  3.3260098501e+05 -2.2860050401e+00  2  1.6800000000e+01  2.1898328438e-13
 2.1245556451e-03  3.3423688715e+05 -2.5932727557e-03  0  8.7600000000e+00  2.2006035643e-13
-1.1876581571e+01  3.3479698244e+05  1.3495442345e+00  3  3.2200000000e+01  2.2042912114e-13
 4.8647955478e-03  3.3601951639e+05  2.6187726658e-03  1  1.2100000000e+01  2.2123403307e-13
-7.7063135544e+01  3.3684692747e+05  2.0371036623e+01  0  8.7600000000e+00  2.2177879753e-13
-6.4341098522e+00  3.3704433744e+05  2.9419666563e+00  0  8.7600000000e+00  2.2190877154e-13
 4.2351414333e+00  3.3956545811e+05 -4.5452122375e-02  0  8.7600000000e+00  2.2356866826e-13
 9.0491563425e+00  3.4064758583e+05  3.1400904185e+00  0  8.7600000000e+00  2.2428113724e-13
 3.7121939746e-03  3.4372037141e+05  8.4413152926e-04  1  1.2100000000e+01  2.2630424813e-13
 3.4619161022e+00  3.4404727189e+05 -1.7522690922e+01  2  1.6800000000e+01  2.2651947823e-13
-2.6813877503e-03  3.4490171770e+05  3.9160809847e-03  2  1.6800000000e+01  2.2708204225e-13
-3.9003132847e+00  3.4551727130e+05  5.2912698584e+00  2  1.6800000000e+01  2.2748732051e-13
-2.7801504810e+01  3.4567668656e+05  1.9403993045e+01  0  8.7600000000e+00  2.2759227895e-13
 6.2836077561e+01  3.4635230937e+05  1.5628317990e+00  2  1.6800000000e+01  2.2803710656e-13
 2.2429409145e+01  3.4723082364e+05 -1.1545016333e+01  3  3.2200000000e+01  2.2861551717e-13
-2.4268899194e-03  3.4856200302e+05  1.2611244927e-03  1  1.2100000000e+01  2.2949196086e-13
-1.4570112652e+01  3.4858167023e+05 -9.1612383582e+00  1  1.2100000000e+01  2.2950490968e-13
-4.2806504431e-03  3.4911292040e+05 -4.8919965513e-03  3  3.2200000000e+01  2.2985468287e-13
-2.2572436185e+02  3.4927711580e+05 -1.6535776435e+02  1  1.2100000000e+01  2.2996278852e-13
 1.3946252397e+00  3.4989771554e+05 -4.0882502414e+00  1  1.2100000000e+01  2.3037138915e-13
-2.8048578911e+00  3.5047824390e+05 -1.6821774586e+00  2  1.6800000000e+01  2.3075360691e-13
 1.1396416041e+02  3.5119106033e+05 -2.0026463492e+02  0  8.7600000000e+00  2.3122292267e-13
-1.4772328055e+00  3.5371253647e+05 -1.9008742692e+01  2  1.6800000000e+01  2.3288305343e-13
 2.1396306121e-04  3.5518254208e+05 -3.9228303260e-03  0  8.7600000000e+00  2.3385089980e-13
 1.7150301618e-01  3.6027220221e+05 -6.3930275667e+00  0  8.7600000000e+00  2.3720191361e-13
 6.7750639834e+01  3.6353721194e+05  2.9795754434e+01  2  1.6800000000e+01  2.3935158419e-13
 1.9164506781e+01  3.6470301341e+05 -1.1205327624e+01  1  1.2100000000e+01  2.4011914366e-13
 6.7375299613e+00  3.6658287514e+05  4.0571459029e+00  0  8.7600000000e+00  2.4135683782e-13
 2.0632245729e+01  3.6661760808e+05  1.0179110356e+01  0  8.7600000000e+00  2.4137970586e-13
 4.1644297920e+01  3.7005164840e+05  4.0347790333e+01  1  1.2100000000e+01  2.4364066557e-13
-2.0592896675e+00  3.7115788425e+05 -2.9589306257e-01  0  8.7600000000e+00  2.4436900725e-13
 1.3046640032e+02  3.7366517818e+05 -2.8572471269e+01  0  8.7600000000e+00  2.4601980050e-13
 1.9160925154e+02  3.7451726117e+05  1.5222132753e+02  1  1.2100000000e+01  2.4658080886e-13
-9.7595667440e+00  3.7465135526e+05  1.1071907188e+01  2  1.6800000000e+01  2.4666909592e-13
-1.0092887636e-03  3.7635078053e+05 -3.1162503586e-03  0  8.7600000000e+00  2.4778799137e-13
-1.8623577866e+01  3.7754669608e+05 -4.3579438243e+02  0  8.7600000000e+00  2.4857537783e-13
 8.7527033594e+01  3.7881792555e+05  6.5956173425e+01  1  1.2100000000e+01  2.4941235071e-13
 2.8377072636e+02  3.8368721893e+05  4.5224715231e+01  0  8.7600000000e+00  2.5261827584e-13
-2.5821007073e+00  3.8384636979e+05  1.7930408380e+00  0  8.7600000000e+00  2.5272306020e-13
 7.9050390975e+00  3.8488379649e+05  7.3919512785e+00  0  8.7600000000e+00  2.5340609818e-13
-4.8197765880e-03  3.8674959331e+05  4.0148848849e-03  2  1.6800000000e+01  2.5463453205e-13
-4.7498619978e+00  3.8721892698e+05 -4.1566947076e+00  2  1.6800000000e+01  2.5494353964e-13
 1.8025685019e+00  3.8799687417e+05 -1.2407071020e+01  1  1.2100000000e+01  2.5545573725e-13
 5.4004487067e+01  3.8896000216e+05  4.1009815318e+01  1  1.2100000000e+01  2.5608985723e-13
-2.9222771277e+00  3.9005164010e+05 -6.2261518702e+01  1  1.2100000000e+01  2.5680858770e-13
 1.8940533678e+01  3.9057907448e+05  7.3540285593e-01  0  8.7600000000e+00  2.5715584859e-13
 5.5844227609e+01  3.9079434268e+05  7.8376310363e+01  0  8.7600000000e+00  2.5729758039e-13
-2.5371504486e+00  3.9087911717e+05 -2.5863381863e+01  0  8.7600000000e+00  2.5735339561e-13
-1.8297387831e-03  3.9302001135e+05 -2.4197276483e-03  2  1.6800000000e+01  2.5876295259e-13
 5.8097857385e+00  3.9367396362e+05  4.0052955807e+00  1  1.2100000000e+01  2.5919351239e-13
 1.6374143803e-03  3.9567256414e+05  2.3489256866e-05  3  3.2200000000e+01  2.6050938374e-13
 4.9638714823e+00  3.9680826820e+05 -2.5618088317e+00  0  8.7600000000e+00  2.6125712718e-13
-1.9596386372e+02  3.9762965758e+05 -2.5124812876e+01  2  1.6800000000e+01  2.6179792698e-13
 6.6245872914e+00  3.9843852858e+05 -1.8473422687e+01  0  8.7600000000e+00  2.6233048472e-13
-9.3536881704e+00  3.9921399891e+05 -2.3447701852e+01  2  1.6800000000e+01  2.6284105157e-13
 1.3204052117e+01  4.0179518096e+05 -1.2906872229e+01  1  1.2100000000e+01  2.6454049249e-13
-8.8318942412e+01  4.0336364129e+05 -4.1482673856e+01  0  8.7600000000e+00  2.6557316109e-13
-6.2583803826e+00  4.0466060668e+05 -3.3746015613e+00  2  1.6800000000e+01  2.6642707841e-13
-1.6768094760e+00  4.0495262437e+05  3.2864233852e+00  0  8.7600000000e+00  2.6661934180e-13
 1.0866464617e+01  4.0513519668e+05  1.8484084670e+01  1  1.2100000000e+01  2.6673954675e-13
 5.0850808111e-01  4.0564845809e+05 -6.5409458802e-01  0  8.7600000000e+00  2.6707747620e-13
 6.1034026422e+00  4.1004493658e+05 -7.3773495455e+00  1  1.2100000000e+01  2.6997210172e-13
 5.6281913844e-01  4.1015527873e+05  1.2236171853e+00  2  1.6800000000e+01  2.7004475059e-13
-7.3686300960e+00  4.1165058554e+05 -1.2169397966e+01  1  1.2100000000e+01  2.7102925518e-13
 9.8571702405e-01  4.1761539888e+05 -6.3425899626e+00  2  1.6800000000e+01  2.7495646669e-13
-1.3925334195e+02  4.1796494801e+05 -2.6495085125e+01  3  3.2200000000e+01  2.7518660857e-13
-3.6501903776e+00  4.1905605874e+05  3.0551850680e+00  1  1.2100000000e+01  2.7590499193e-13
 4.1628705878e+00  4.2079130618e+05 -3.0040669371e+00  2  1.6800000000e+01  2.7704747256e-13
-1.1824421360e+01  4.2295512368e+05  1.4130760446e+01  0  8.7600000000e+00  2.7847212217e-13
 4.7839401475e-03  4.2739280090e+05  3.6820591654e-03  3  3.2200000000e+01  2.8139387278e-13
 5.2782405613e+00  4.2783608624e+05 -2.3290560965e+01  3  3.2200000000e+01  2.8168573024e-13
-2.3329417160e+00  4.2796533225e+05 -1.4005232698e+00  1  1.2100000000e+01  2.8177082535e-13
 1.3238924191e+01  4.2809530253e+05  4.4938532464e+01  2  1.6800000000e+01  2.8185639731e-13
 5.4941407499e+01  4.2978531104e+05 -2.2436923910e+01  3  3.2200000000e+01  2.8296909279e-13
 1.3010875268e+01  4.3066483262e+05 -3.4698670522e+00  3  3.2200000000e+01  2.8354816662e-13
 4.3683930111e-03  4.3134840578e+05 -4.1866249192e-04  1  1.2100000000e+01  2.8399822872e-13
 1.9732201908e+00  4.3159155140e+05  5.1381197090e-01  1  1.2100000000e+01  2.8415831491e-13
 1.2372117648e+02  4.3380652993e+05 -4.5246552509e+00  2  1.6800000000e+01  2.8561664876e-13
 2.7719244103e+01  4.3437625593e+05  1.4289496858e+01  3  3.2200000000e+01  2.8599175429e-13
-1.0354778245e+00  4.3462074777e+05 -8.8989584522e-01  0  8.7600000000e+00  2.8615272684e-13
 1.3797892945e+02  4.3481912170e+05  5.2184899335e+01  1  1.2100000000e+01  2.8628333551e-13
-4.7361897496e+01  4.3721884798e+05 -3.5021381887e+01  0  8.7600000000e+00  2.8786330661e-13
-1.4973294657e+02  4.3731956735e+05  4.2891411489e+01  1  1.2100000000e+01  2.8792961987e-13
-2.1823232131e+01  4.4035937126e+05  1.8823663278e+01  0  8.7600000000e+00  2.8993101576e-13
 1.1448279809e+01  4.4394487198e+05 -8.7296429131e+00  2  1.6800000000e+01  2.9229169646e-13
 1.9311664783e+00  4.4395575731e+05 -4.2055945923e+01  1  1.2100000000e+01  2.9229886332e-13
-7.6738436802e+01  4.4718125684e+05 -3.3328068332e+02  0  8.7600000000e+00  2.9442252053e-13
-8.3108823552e+01  4.4850403383e+05 -1.5268160069e+02  1  1.2100000000e+01  2.9529343211e-13
-9.7257179215e+00  4.4882847368e+05  3.7497341459e+00  0  8.7600000000e+00  2.9550704214e-13
 1.0981716347e+00  4.5217610605e+05 -1.9576415370e+01  1  1.2100000000e+01  2.9771111117e-13
 3.5394983825e-03  4.5400942289e+05 -1.6506853358e-03  2  1.6800000000e+01  2.9891816034e-13
 2.1400159548e+01  4.5562707108e+05  9.8927648855e+00  0  8.7600000000e+00  2.9998321405e-13
-2.5587805768e+00  4.5573367427e+05 -1.6072983587e+01  0  8.7600000000e+00  3.0005340120e-13
-2.4445881264e-01  4.5612526336e+05 -5.6540178389e+00  1  1.2100000000e+01  3.0031122204e-13
-3.3963421427e+01  4.5858492253e+05  5.4480502538e+01  2  1.6800000000e+01  3.0193065273e-13
 5.1073822122e+00  4.5912164001e+05  2.6843371202e+01  1  1.2100000000e+01  3.0228402558e-13
 2.7526539778e+02  4.5952472695e+05  1.1551538747e+02  2  1.6800000000e+01  3.0254941656e-13
-2.2659666589e+01  4.6316644149e+05  3.2201396313e+01  0  8.7600000000e+00  3.0494710824e-13
 1.3066225862e+01  4.6365483050e+05  5.9909978747e+00  0  8.7600000000e+00  3.0526866179e-13
 5.7124852326e-01  4.6416633156e+05 -6.4534748773e+00  0  8.7600000000e+00  3.0560543224e-13
-2.4306374714e-01  4.6518459461e+05 -1.3881239881e+01  0  8.7600000000e+00  3.0627585294e-13
-5.4209677381e+00  4.6751889914e+05 -1.5373764575e+00  2  1.6800000000e+01  3.0781275059e-13
-2.9942269389e+01  4.6762979478e+05 -3.1594184886e+01  0  8.7600000000e+00  3.0788576388e-13
 6.1472169113e+00  4.7078918141e+05  1.7812192504e+00  0  8.7600000000e+00  3.0996589260e-13
 3.0873149309e+00  4.7206620925e+05 -9.6526044610e+00  1  1.2100000000e+01  3.1080668310e-13
-5.7699914075e+01  4.7372984943e+05 -1.2992000686e+02  0  8.7600000000e+00  3.1190201778e-13
-3.0684390003e-03  4.7412619201e+05 -1.2542783452e-03  2  1.6800000000e+01  3.1216296830e-13
 6.2782127941e+01  4.7460766106e+05 -2.6203164364e+02  0  8.7600000000e+00  3.1247996577e-13
-1.5801953573e+00  4.7522882815e+05  7.7994604997e+00  1  1.2100000000e+01  3.1288893994e-13
-6.5614696855e-04  4.7800182039e+05  2.1378994999e-03  2  1.6800000000e+01  3.1471466799e-13
-2.7841939777e+00  4.8005277569e+05 -2.5598051595e+00  1  1.2100000000e+01  3.1606500953e-13
 1.6768950954e-03  4.8130063546e+05  3.5758675582e-03  0  8.7600000000e+00  3.1688659589e-13
-7.0147260099e+00  4.8540178647e+05  2.7400665880e+00  0  8.7600000000e+00  3.1958677887e-13
 3.8089493158e+00  4.8871611915e+05  3.2473505184e+01  2  1.6800000000e+01  3.2176892351e-13
-1.4105199416e+02  4.9176361434e+05 -3.2151465446e+02  0  8.7600000000e+00  3.2377538330e-13
 4.2904966166e+00  4.9213796172e+05 -7.8575550775e+00  0  8.7600000000e+00  3.2402185227e-13
 1.5522321416e+01  4.9237986839e+05 -2.7283834315e+01  0  8.7600000000e+00  3.2418112274e-13
 1.2843656869e+01  4.9282043459e+05 -2.5780463609e+01  1  1.2100000000e+01  3.2447118993e-13
-3.3539019961e+02  4.9496920738e+05  5.7787397843e+01  1  1.2100000000e+01  3.2588593416e-13
 5.9197947402e+00  4.9573372771e+05 -1.5729452255e+01  2  1.6800000000e+01  3.2638929157e-13
-1.2978961414e+01  4.9681524709e+05  1.2509537089e+01  2  1.6800000000e+01  3.2710136002e-13
-1.0293913177e+01  4.9833037914e+05 -2.5051557322e+01  1  1.2100000000e+01  3.2809891747e-13
-9.2885924937e+00  5.0013542940e+05 -2.4794014162e+01  0  8.7600000000e+00  3.2928735603e-13
 1.8719545219e+02  5.0206327052e+05  8.5499349034e+01  2  1.6800000000e+01  3.3055663964e-13
-3.1467064408e+01  5.0330531061e+05  6.5406133825e+00  0  8.7600000000e+00  3.3137439434e-13
-2.8145246916e+01  5.0418240567e+05  1.2551532500e+02  2  1.6800000000e+01  3.3195187055e-13
-1.7108527020e+01  5.0520778226e+05 -7.0166937596e+00  0  8.7600000000e+00  3.3262697479e-13
 2.7124404202e+02  5.0531773783e+05  1.2712449830e+01  1  1.2100000000e+01  3.3269936914e-13
-3.9394989861e-04  5.0538972852e+05 -1.1159459204e-03  1  1.2100000000e+01  3.3274676755e-13
 4.6000210870e+02  5.0552455690e+05  3.3394373979e+02  1  1.2100000000e+01  3.3283553807e-13
 3.6601245970e+01  5.0580047752e+05 -7.3222711344e+00  2  1.6800000000e+01  3.3301720320e-13
 1.3461757809e+00  5.0588432749e+05  1.8963093725e+00  3  3.2200000000e+01  3.3307240972e-13
-8.1946084292e+01  5.0969621360e+05 -4.3559168815e+01  2  1.6800000000e+01  3.3558214173e-13
-9.3397716639e+00  5.1057149884e+05 -3.0495631825e+00  1  1.2100000000e+01  3.3615842637e-13
-4.5372144870e+01  5.1070989162e+05 -1.9039743293e+02  0  8.7600000000e+00  3.3624954367e-13
 4.2969158009e-03  5.1133504500e+05 -1.7361340284e-03  0  8.7600000000e+00  3.3666114239e-13
-1.3645084494e+01  5.1188220545e+05 -1.1009636511e+01  0  8.7600000000e+00  3.3702139085e-13
 2.5887033432e+00  5.1265739811e+05  2.1831039983e+01  3  3.2200000000e+01  3.3753177490e-13
 2.9926139121e+01  5.1314115241e+05 -6.4146271596e+01  0  8.7600000000e+00  3.3785027698e-13
 4.2526559501e+00  5.1422761531e+05 -2.3059956782e+01  2  1.6800000000e+01  3.3856560022e-13
-1.0408472128e+02  5.1464155906e+05  5.4504282178e+01  1  1.2100000000e+01  3.3883813928e-13
-2.2141950591e+02  5.1466211550e+05  2.0818264742e+02  1  1.2100000000e+01  3.3885167356e-13
-4.1162574066e+01  5.1512298159e+05 -1.9511149005e+02  0  8.7600000000e+00  3.3915510613e-13
 3.0515993079e+01  5.1514726865e+05 -1.7026703281e+02  2  1.6800000000e+01  3.3917109664e-13
 2.6751208572e+01  5.1661503109e+05 -9.6976911494e+01  3  3.2200000000e+01  3.4013746612e-13
-7.0620404500e+00  5.1827863332e+05 -1.4285286935e+01  0  8.7600000000e+00  3.4123277580e-13
 1.9182011645e+02  5.2163301465e+05 -1.2515006866e+02  3  3.2200000000e+01  3.4344128833e-13
 7.9538459694e-04  5.2439951036e+05 -1.9710792634e-03  2  1.6800000000e+01  3.4526273909e-13
-1.2516141444e+01  5.2459581409e+05 -2.2543764600e+01  2  1.6800000000e+01  3.4539198475e-13
 2.0708207586e-03  5.2579263820e+05  4.2844900905e-03  1  1.2100000000e+01  3.4617996942e-13
-7.4008786410e+00  5.2632256256e+05 -7.0209366014e+00  0  8.7600000000e+00  3.4652886970e-13
-3.8529934692e+01  5.2708749877e+05  8.9699141324e+01  0  8.7600000000e+00  3.4703250092e-13
-1.2292485387e+01  5.2714213424e+05 -9.2480044519e+00  2  1.6800000000e+01  3.4706847272e-13
-8.2216089770e+01  5.2770290480e+05  3.4372736990e+00  0  8.7600000000e+00  3.4743768203e-13
-3.9274910927e+01  5.2783599926e+05 -8.6871456078e+01  2  1.6800000000e+01  3.4752531094e-13
 2.2091986838e+01  5.3092504620e+05 -1.8915496261e+02  2  1.6800000000e+01  3.4955912826e-13
 6.2924309805e-01  5.3432698292e+05 -6.4913895707e+00  0  8.7600000000e+00  3.5179895108e-13
 4.4306078131e+01  5.3784965208e+05  1.8579040312e+01  0  8.7600000000e+00  3.5411826370e-13
-5.7504961061e-04  5.3846424606e+05 -4.8588055325e-03  1  1.2100000000e+01  3.5452291015e-13
-9.4645030006e+00  5.3923132617e+05 -7.4684978484e+01  0  8.7600000000e+00  3.5502795292e-13
-6.5360892440e+00  5.3971607941e+05 -1.8403970352e+00  3  3.2200000000e+01  3.5534711270e-13
 2.1691476191e-01  5.4019712048e+05  8.1233417573e-01  2  1.6800000000e+01  3.5566382840e-13
 2.2387838973e+01  5.4090170325e+05  5.8027717991e-01  2  1.6800000000e+01  3.5612772314e-13
-2.5151315410e+00  5.4109281278e+05 -8.8827899545e-01  0  8.7600000000e+00  3.5625354896e-13
-1.3593887968e+00  5.4394290747e+05 -5.9613347522e+01  0  8.7600000000e+00  3.5813004099e-13
 7.9461853582e+00  5.4468622067e+05  9.0315144179e+00  0  8.7600000000e+00  3.5861943571e-13
-1.9445847519e-03  5.4526774432e+05 -2.6359258814e-03  0  8.7600000000e+00  3.5900230878e-13
-2.0062886071e-03  5.4762798618e+05  3.0737976325e-04  1  1.2100000000e+01  3.6055628347e-13
-5.3916584881e+00  5.4815568448e+05  6.8196740543e+00  1  1.2100000000e+01  3.6090371812e-13
 2.5077904044e-01  5.5061548820e+05  1.4817771709e+00  1  1.2100000000e+01  3.6252324398e-13
 2.6610492329e+01  5.5303568709e+05 -9.7506360871e+00  1  1.2100000000e+01  3.6411669417e-13
 2.8228233630e+02  5.5396664779e+05  3.1885102390e+02  1  1.2100000000e+01  3.6472963533e-13
-2.6068346998e+01  5.5541173423e+05 -9.4568299629e+00  0  8.7600000000e+00  3.6568107501e-13
-3.8683190424e-03  5.5584059009e+05 -4.8381461435e-03  3  3.2200000000e+01  3.6596343216e-13
 2.4731403188e+01  5.5968633382e+05  2.2758783329e+01  1  1.2100000000e+01  3.6849545590e-13
-2.5993566553e+01  5.6034359902e+05 -3.8055282543e+00  1  1.2100000000e+01  3.6892819693e-13
-9.2228137848e+00  5.6066318853e+05 -9.7823028287e-01  0  8.7600000000e+00  3.6913861351e-13
 2.9322434018e+00  5.6127880030e+05  1.5799257277e+00  0  8.7600000000e+00  3.6954393007e-13
-4.2857419463e+01  5.6274764561e+05 -2.8659535188e+01  0  8.7600000000e+00  3.7051101251e-13
-2.7336554881e+01  5.6293457625e+05 -8.1978736352e+01  1  1.2100000000e+01  3.7063408696e-13
-3.7454399066e+00  5.6484354040e+05  8.9794078022e+00  0  8.7600000000e+00  3.7189094204e-13
-4.7946155705e-01  5.6547876989e+05 -5.1937302837e+00  0  8.7600000000e+00  3.7230917484e-13
-1.4775248284e+01  5.6994216684e+05  6.7068765133e+00  0  8.7600000000e+00  3.7524785923e-13
 8.7982407446e+00  5.7035905323e+05  1.4500888882e+01  1  1.2100000000e+01  3.7552233572e-13
-2.6914324812e+01  5.7050214055e+05  2.6053266255e+01  0  8.7600000000e+00  3.7561654389e-13
 7.5752022373e+01  5.7088056429e+05  3.8198639204e+01  0  8.7600000000e+00  3.7586569672e-13
-5.8391617997e+01  5.7181066980e+05  7.2882923129e+01  0  8.7600000000e+00  3.7647807482e-13
-6.4962647134e+00  5.7331742199e+05  1.9864849676e+01  0  8.7600000000e+00  3.7747011500e-13
-7.7484879044e-02  5.7368071778e+05 -1.0174862361e+02  1  1.2100000000e+01  3.7770930764e-13
-8.6748519421e+00  5.7468245223e+05  2.4815098344e+00  1  1.2100000000e+01  3.7836884597e-13
 3.0729961782e+01  5.7550097028e+05  3.2210864318e+01  0  8.7600000000e+00  3.7890775529e-13
-2.0378259685e+02  5.7574916786e+05  4.1689197523e+02  2  1.6800000000e+01  3.7907116768e-13
-7.5091346755e+01  5.7768019118e+05  3.0508347822e+00  0  8.7600000000e+00  3.8034254644e-13
 1.1374226336e+01  5.7810193756e+05 -1.6471310706e+01  0  8.7600000000e+00  3.8062022273e-13
-4.7222340990e-03  5.7896758778e+05  3.4114973892e-03  3  3.2200000000e+01  3.8119016371e-13
-2.9633804215e-03  5.7926313463e+05  4.4652559373e-03  1  1.2100000000e+01  3.8138475068e-13
 3.1683630304e+01  5.8068784249e+05 -2.8095807958e+02  1  1.2100000000e+01  3.8232277318e-13
-1.8724593821e+00  5.8131382254e+05  2.9333391686e+00  2  1.6800000000e+01  3.8273491618e-13
 4.8454812098e+00  5.8319524382e+05  3.8592225604e+00  1  1.2100000000e+01  3.8397363713e-13
 2.3306512777e-01  5.8389990983e+05 -7.2417097082e+00  2  1.6800000000e+01  3.8443758669e-13
 2.1412024290e+01  5.8398112132e+05  3.4214933772e+01  1  1.2100000000e+01  3.8449105604e-13
-4.7631877626e+00  5.8418879392e+05  3.1770657389e+00  1  1.2100000000e+01  3.8462778693e-13
-5.4005422570e+01  5.8437403544e+05  6.8544230780e+01  1  1.2100000000e+01  3.8474974927e-13
-2.6524679270e+01  5.8784902583e+05  2.9275717608e+01  0  8.7600000000e+00  3.8703767036e-13
-8.7061932479e+02  5.9000215687e+05  1.0998614877e+02  0  8.7600000000e+00  3.8845528405e-13
-2.4434619664e-03  5.9294307723e+05  2.7347300145e-03  2  1.6800000000e+01  3.9039157536e-13
-2.9704904523e+00  5.9397121580e+05 -3.0199093934e+00  2  1.6800000000e+01  3.9106849807e-13
 1.3044786563e+00  5.9483373854e+05 -1.3019136546e+00  2  1.6800000000e+01  3.9163637993e-13
-4.4055173006e+00  5.9558679521e+05  2.5811036643e+00  0  8.7600000000e+00  3.9213218971e-13
-2.6115539586e+02  5.9615408937e+05 -4.5456321415e+01  0  8.7600000000e+00  3.9250569413e-13
-1.2052813194e+01  5.9709428830e+05 -9.7406877730e+00  1  1.2100000000e+01  3.9312471770e-13
 1.2190603039e+01  5.9737696607e+05 -3.2820886308e+01  0  8.7600000000e+00  3.9331083172e-13
-1.6493569123e+01  5.9840649245e+05 -1.5579872704e+02  1  1.2100000000e+01  3.9398866816e-13
-8.4629508008e+01  5.9877961995e+05  2.4368441596e+02  1  1.2100000000e+01  3.9423433396e-13
 2.0436975317e+01  6.0014658088e+05  3.6887722477e+00  2  1.6800000000e+01  3.9513433609e-13
 1.3607270639e+00  6.0126584186e+05 -1.4841437180e+00  0  8.7600000000e+00  3.9587125346e-13
 2.6073529281e-03  6.0185739295e+05  1.7806621672e-03  1  1.2100000000e+01  3.9626072856e-13
 7.8669787474e-02  6.0272928384e+05 -7.0344060545e-01  1  1.2100000000e+01  3.9683477836e-13
-4.5676253719e+00  6.0451971377e+05 -3.8335785171e+00  0  8.7600000000e+00  3.9801359095e-13
-2.4856730212e+01  6.0537677906e+05  2.1348460775e+01  2  1.6800000000e+01  3.9857787963e-13
-7.4798171031e-01  6.0562239195e+05  8.6758954441e-01  0  8.7600000000e+00  3.9873959027e-13
-2.4109550367e-03  6.0588974544e+05 -9.2130208664e-04  2  1.6800000000e+01  3.9891561484e-13
-4.3241701086e-03  6.0655689331e+05  3.6729852663e-03  0  8.7600000000e+00  3.9935486258e-13
-5.2520993785e+02  6.0676714038e+05 -2.8974761971e+02  2  1.6800000000e+01  3.9949328849e-13
 7.0783847064e+01  6.0775366394e+05  9.9147508575e+01  0  8.7600000000e+00  4.0014281203e-13
 1.8633703035e-03  6.0908997698e+05 -2.3353096365e-03  3  3.2200000000e+01  4.0102263570e-13
 1.3031371603e+00  6.0914667021e+05  1.8530413255e+00  0  8.7600000000e+00  4.0105996231e-13
-1.4471425427e+01  6.0963771557e+05 -1.3393357558e+02  0  8.7600000000e+00  4.0138326480e-13
 2.5242161801e+01  6.1027746395e+05  2.5440105369e+01  2  1.6800000000e+01  4.0180447282e-13
 7.0035954229e+00  6.1124460499e+05 -7.1246464071e+01  1  1.2100000000e+01  4.0244123498e-13
 2.3811175893e+01  6.1140185233e+05 -2.1351830895e+02  0  8.7600000000e+00  4.0254476606e-13
-3.3003473707e+00  6.1185263886e+05  1.2236413892e+01  0  8.7600000000e+00  4.0284156228e-13
 2.1708648171e-01  6.1286781995e+05  2.1552813922e+00  0  8.7600000000e+00  4.0350995384e-13
-2.2796226218e+02  6.1442497649e+05 -1.8509710408e+02  1  1.2100000000e+01  4.0453518006e-13
-2.7111982379e+01  6.1747510908e+05 -7.8235516807e+01  1  1.2100000000e+01  4.0654337632e-13
 4.5093985528e-04  6.1758800453e+05 -1.0538522648e-03  1  1.2100000000e+01  4.0661770627e-13
 7.9002670812e+01  6.1820018721e+05  9.6647313399e+01  2  1.6800000000e+01  4.0702076513e-13
-2.0950144004e-03  6.1823922288e+05 -9.0702683009e-04  3  3.2200000000e+01  4.0704646608e-13
-9.5711635755e-01  6.1882983306e+05  1.0455873672e+00  0  8.7600000000e+00  4.0743532168e-13
 1.0140846839e+02  6.1890036916e+05 -1.4197423508e+02  2  1.6800000000e+01  4.0748176239e-13
-4.3999332559e-03  6.1902510554e+05  3.2176759342e-04  3  3.2200000000e+01  4.0756388838e-13
-4.2206402985e+01  6.2105363757e+05 -1.0199928838e+02  0  8.7600000000e+00  4.0889946652e-13
-2.0520574213e-03  6.2117429322e+05  1.0709197941e-03  3  3.2200000000e+01  4.0897890576e-13
-7.6397919316e+01  6.2199988139e+05  1.1969473200e+01  1  1.2100000000e+01  4.0952247002e-13
-5.8027172478e+00  6.2203277155e+05  9.6952844353e+00  3  3.2200000000e+01  4.0954412478e-13
-5.7765185236e+01  6.2241366083e+05 -4.7200539092e+01  1  1.2100000000e+01  4.0979490091e-13
 2.9603332628e+01  6.2243660262e+05 -3.2179716888e+00  1  1.2100000000e+01  4.0981000570e-13
-3.6920928013e+01  6.2431390688e+05 -7.7914808971e+01  1  1.2100000000e+01  4.1104601603e-13
-3.7158020017e+00  6.2751148307e+05 -8.6641003928e+00  1  1.2100000000e+01  4.1315128862e-13
 9.5851562699e+01  6.2825118006e+05 -1.9126922265e+02  0  8.7600000000e+00  4.1363830244e-13
 4.4268934825e+00  6.2828132844e+05  7.5934666482e+00  1  1.2100000000e+01  4.1365815202e-13
-1.0510211746e-03  6.3592522746e+05 -4.5128806864e-03  2  1.6800000000e+01  4.1869086746e-13
 1.0734553920e+01  6.3636065256e+05  1.0589947117e+01  0  8.7600000000e+00  4.1897754977e-13
 2.0208419997e+02  6.3785042162e+05 -3.5898860646e+02  0  8.7600000000e+00  4.1995840833e-13
 2.0143029406e-03  6.3788382740e+05  4.3895223315e-03  0  8.7600000000e+00  4.1998040257e-13
 1.2165652183e+01  6.3801515412e+05 -2.1142523797e+02  0  8.7600000000e+00  4.2006686761e-13
 3.2202974973e+01  6.3992533278e+05 -1.4726445470e+02  0  8.7600000000e+00  4.2132452232e-13
 4.7018252265e-03  6.4254612657e+05  3.5765820921e-03  3  3.2200000000e+01  4.2305004347e-13
 1.6152224115e-03  6.4381370202e+05 -2.9569296390e-03  2  1.6800000000e+01  4.2388461055e-13
-1.1923880822e+00  6.4585088719e+05  1.4915128562e+01  2  1.6800000000e+01  4.2522588589e-13
-5.7709513586e+00  6.4613159306e+05 -1.3428684860e+01  2  1.6800000000e+01  4.2541070162e-13
 2.8835579697e-03  6.4641787099e+05  3.9587959084e-03  4  4.0000000000e+01  4.2559918597e-13
 4.4650606681e+01  6.4692213403e+05 -3.4405228398e+01  0  8.7600000000e+00  4.2593119093e-13
 8.7121235804e+01  6.4713315977e+05 -7.5124527525e+01  3  3.2200000000e+01  4.2607012952e-13
 9.8612759078e+01  6.4837841468e+05  6.8567391503e+01  2  1.6800000000e+01  4.2689000084e-13
-9.1815400512e+01  6.4887263908e+05 -2.3686523676e+02  0  8.7600000000e+00  4.2721539639e-13
 1.4007346443e+01  6.4899859521e+05 -3.6073728181e+00  0  8.7600000000e+00  4.2729832546e-13
 9.1939358878e+01  6.5071357938e+05  4.2078790743e+01  2  1.6800000000e+01  4.2842746482e-13
 1.4203170631e+01  6.5144894495e+05 -6.8042376109e+00  0  8.7600000000e+00  4.2891162685e-13
 1.0503366226e+00  6.5316916655e+05  1.3473906541e+00  0  8.7600000000e+00  4.3004421453e-13
-4.5171683000e-03  6.5372240695e+05 -4.7618125122e-05  1  1.2100000000e+01  4.3040846600e-13
-1.9133201233e+02  6.5395576179e+05 -7.0352535585e+01  1  1.2100000000e+01  4.3056210599e-13
-3.1782892315e-04  6.5436227037e+05 -1.7507113175e-03  2  1.6800000000e+01  4.3082974976e-13
-3.4123570708e-01  6.5736027589e+05  2.0250172592e+00  3  3.2200000000e+01  4.3280362574e-13
 9.6201226658e+00  6.6019823369e+05  1.9940119465e+01  1  1.2100000000e+01  4.3467212689e-13
 1.3634800133e+02  6.6129548934e+05 -1.1442533974e+02  0  8.7600000000e+00  4.3539455603e-13
 6.3024820688e-01  6.6263830311e+05  2.8468336413e+00  1  1.2100000000e+01  4.3627865976e-13
-4.2051136211e-03  6.6412316981e+05  4.6553708704e-03  1  1.2100000000e+01  4.3725629061e-13
-1.3108356284e+01  6.6533321298e+05  6.6005135181e+01  0  8.7600000000e+00  4.3805297866e-13
-3.1562715617e+00  6.6550339797e+05 -4.9643522805e+00  2  1.6800000000e+01  4.3816502784e-13
 4.9152986866e+01  6.6645359990e+05  1.7040836049e+01  0  8.7600000000e+00  4.3879063735e-13
 5.2705609892e+00  6.6694888406e+05 -3.3463857318e+00  0  8.7600000000e+00  4.3911673065e-13
 2.2057436935e-01  6.6731527263e+05 -6.5071089531e-01  3  3.2200000000e+01  4.3935795956e-13
 5.5175343007e+01  6.6840871895e+05 -8.3668731046e+01  1  1.2100000000e+01  4.4007788065e-13
 4.4960842704e+01  6.6853268576e+05 -2.7356472914e+01  1  1.2100000000e+01  4.4015949995e-13
 9.0333411991e-01  6.6862442322e+05  2.6358835520e+00  2  1.6800000000e+01  4.4021989956e-13
-7.3061153140e-01  6.7132851310e+05  1.8972946579e+00  0  8.7600000000e+00  4.4200026256e-13
 1.6600303878e+01  6.7184830854e+05  3.7527571333e+00  0  8.7600000000e+00  4.4234249399e-13
-9.8910854450e-01  6.7197837389e+05 -1.7660615655e+00  2  1.6800000000e+01  4.4242812854e-13
 5.5426106078e+01  6.7658729549e+05 -2.1529008683e+02  1  1.2100000000e+01  4.4546262584e-13
-2.0303204530e+00  6.7781006137e+05 -3.0938303696e+00  0  8.7600000000e+00  4.4626769047e-13
 2.6103542041e+00  6.8359849719e+05 -9.9518324678e+00  3  3.2200000000e+01  4.5007877566e-13
-1.5082810966e+02  6.8402406872e+05 -9.2142625528e+01  0  8.7600000000e+00  4.5035897041e-13
-1.3446824725e+00  6.8602788169e+05  8.8574771670e-01  0  8.7600000000e+00  4.5167827361e-13
-2.7287402975e+02  6.8663425998e+05  1.7135783015e+03  0  8.7600000000e+00  4.5207751088e-13
 2.3815833541e+02  6.8712712380e+05  4.9775262138e+02  0  8.7600000000e+00  4.5240201064e-13
-1.2417093610e+00  6.8717198034e+05 -1.2964149047e-01  2  1.6800000000e+01  4.5243154403e-13
 2.8182195629e-03  6.8875026959e+05 -4.1838062085e-03  1  1.2100000000e+01  4.5347068395e-13
 9.1612482362e+01  6.8875888648e+05  9.9023408689e+01  0  8.7600000000e+00  4.5347635728e-13
 4.4977576792e+01  6.8886918045e+05 -1.5482265013e+01  1  1.2100000000e+01  4.5354897443e-13
-1.6996858891e+02  6.8908951935e+05 -3.5408592158e+01  0  8.7600000000e+00  4.5369404476e-13
-8.5398047466e-01  6.9006096843e+05 -1.9831032070e+00  1  1.2100000000e+01  4.5433364332e-13
 2.7690535121e-03  6.9161175075e+05 -5.1762137353e-04  3  3.2200000000e+01  4.5535467279e-13
 2.2166774644e-01  6.9180347021e+05  1.8533583973e-01  1  1.2100000000e+01  4.5548090018e-13
 4.2292032331e+00  6.9303621149e+05 -4.9972695733e+00  0  8.7600000000e+00  4.5629253258e-13
 1.3670448816e+01  6.9468326920e+05 -2.4953084868e+01  1  1.2100000000e+01  4.5737694942e-13
 3.9204799397e+00  6.9627068675e+05 -3.1898183784e+00  1  1.2100000000e+01  4.5842209939e-13
-9.0453701351e+01  6.9682259134e+05  3.2626765545e+01  2  1.6800000000e+01  4.5878547136e-13
-2.4561154393e+01  6.9727373307e+05  6.8061975623e+01  0  8.7600000000e+00  4.5908250145e-13
 1.5075666095e-01  6.9737341979e+05 -6.2704144899e+00  1  1.2100000000e+01  4.5914813482e-13
 1.0696369116e+01  6.9762705176e+05 -2.7553108402e+01  0  8.7600000000e+00  4.5931512520e-13
-4.4977118379e+02  6.9907649666e+05 -1.1814395235e+02  0  8.7600000000e+00  4.6026943447e-13
 5.8115473118e+00  6.9929990030e+05  7.2683172679e+00  0  8.7600000000e+00  4.6041652262e-13
 3.3757502927e-04  6.9978688839e+05  3.6235169967e-03  1  1.2100000000e+01  4.6073715381e-13
-1.2372621120e+02  7.0033963748e+05 -4.8678194397e+02  0  8.7600000000e+00  4.6110108181e-13
 4.5016322539e-04  7.0276451871e+05 -4.1066709157e-03  2  1.6800000000e+01  4.6269761484e-13
-1.0301470950e+00  7.0297089295e+05 -2.9251417727e+00  1  1.2100000000e+01  4.6283349089e-13
 2.2516551346e+00  7.0419272044e+05 -3.8034340346e+00  2  1.6800000000e+01  4.6363793769e-13
 2.4774038790e+02  7.0521415397e+05 -1.2851486562e+02  0  8.7600000000e+00  4.6431044582e-13
-8.1807957302e-04  7.0579480921e+05  5.3661629350e-04  1  1.2100000000e+01  4.6469274713e-13
 8.6709684935e+00  7.0633314636e+05  3.0623268016e+00  0  8.7600000000e+00  4.6504718636e-13
 1.1459570009e+01  7.0652318660e+05  1.9525936600e+01  0  8.7600000000e+00  4.6517230816e-13
-2.2658443825e+01  7.0686377377e+05 -3.1357603194e+01  0  8.7600000000e+00  4.6539654952e-13
-1.1492370027e+00  7.1039169693e+05 -1.0716589682e+01  0  8.7600000000e+00  4.6771932136e-13
 3.1013060615e+01  7.1287338325e+05  6.1069378072e+01  1  1.2100000000e+01  4.6935325465e-13
-1.0899551847e-03  7.1320385219e+05  1.1232115776e-03  3  3.2200000000e+01  4.6957083420e-13
-2.1830154104e-03  7.1356451566e+05  5.9997274103e-05  3  3.2200000000e+01  4.6980829373e-13
 2.2464197847e+01  7.1484643073e+05 -1.2321780269e+01  3  3.2200000000e+01  4.7065230197e-13
-4.7090301354e-01  7.1563200281e+05 -9.7668672933e-01  1  1.2100000000e+01  4.7116951978e-13
 1.1589387998e+01  7.1714769125e+05  9.7037146021e-01  1  1.2100000000e+01  4.7216744356e-13
-5.3205592359e+00  7.1792987543e+05 -1.3496634416e+01  2  1.6800000000e+01  4.7268243079e-13
-1.6258141569e-03  7.1938351915e+05  4.9414650118e-03  3  3.2200000000e+01  4.7363950456e-13
-6.6073175235e+00  7.2105280377e+05  6.9205681043e+00  2  1.6800000000e+01  4.7473855551e-13
 1.5070493527e+00  7.2286946029e+05  7.9956129905e+00  2  1.6800000000e+01  4.7593463559e-13
 1.2024528283e-03  7.2551029668e+05 -3.7531525613e-04  2  1.6800000000e+01  4.7767335270e-13
-3.9260547037e+00  7.2678021230e+05 -4.5000343745e+00  2  1.6800000000e+01  4.7850946055e-13
-4.1084717942e+00  7.2695006465e+05 -4.3668891119e+00  1  1.2100000000e+01  4.7862129072e-13
-4.8647580633e+01  7.2703958433e+05  4.4645755806e+02  1  1.2100000000e+01  4.7868023016e-13
-2.4471802698e-01  7.2946978691e+05  3.8612681374e-01  0  8.7600000000e+00  4.8028026673e-13
-6.9581968536e+01  7.2996570004e+05 -7.9999260364e+01  1  1.2100000000e+01  4.8060677414e-13
 2.0764902919e-03  7.3217851245e+05 -4.2766411110e-04  0  8.7600000000e+00  4.8206368182e-13
 4.1738308914e+00  7.3238762149e+05 -3.1499983239e+01  1  1.2100000000e+01  4.8220135846e-13
-3.9278490617e+00  7.3300300148e+05  2.8148505668e+00  0  8.7600000000e+00  4.8260652242e-13
-4.9793543312e+01  7.3373974710e+05  1.1976195248e+01  0  8.7600000000e+00  4.8309159306e-13
 1.9383897061e+01  7.3416417145e+05 -4.0917320630e+00  0  8.7600000000e+00  4.8337103252e-13
-1.1002565623e+02  7.3592588275e+05 -8.7565921977e+01  0  8.7600000000e+00  4.8453093686e-13
-5.6607816810e+01  7.3610909695e+05 -4.1987813617e+01  0  8.7600000000e+00  4.8465156443e-13
-2.9791325587e+01  7.3942709921e+05  1.9574437052e+01  0  8.7600000000e+00  4.8683612510e-13
-2.9765010728e+01  7.3965312863e+05  6.2607632086e+00  0  8.7600000000e+00  4.8698494206e-13
-1.8691029984e+00  7.4013098655e+05  1.5905468271e+00  0  8.7600000000e+00  4.8729956198e-13
 3.1112946355e+02  7.4057350922e+05  4.9802619771e+02  0  8.7600000000e+00  4.8759091731e-13
-7.9825223171e+01  7.4076060422e+05  3.3715031095e+01  0  8.7600000000e+00  4.8771409997e-13
 7.2277525000e+00  7.4231641436e+05  3.8689288613e+01  0  8.7600000000e+00  4.8873843974e-13
 2.0746840712e+01  7.4405911092e+05  4.8333193972e+00  1  1.2100000000e+01  4.8988582485e-13
 2.2492847113e-03  7.4469903609e+05  3.7281431019e-03  0  8.7600000000e+00  4.9030714926e-13
 9.4031510031e+00  7.4479703107e+05  6.0404606950e+00  3  3.2200000000e+01  4.9037166880e-13
 8.0812474010e+00  7.4495550723e+05 -1.5370038135e+00  0  8.7600000000e+00  4.9047600893e-13
-9.8300747977e+02  7.4497280638e+05  1.1859257610e+02  1  1.2100000000e+01  4.9048739863e-13
-1.0988864145e-03  7.4521457806e+05  1.0160318837e-03  3  3.2200000000e+01  4.9064658022e-13
 4.8184870521e+01  7.4618457967e+05 -1.2748240397e+01  1  1.2100000000e+01  4.9128522577e-13
-5.6431420820e+01  7.4725437479e+05  2.9306011943e+00  3  3.2200000000e+01  4.9198957501e-13
 6.0756661520e+00  7.4750451522e+05  7.0996692787e+00  3  3.2200000000e+01  4.9215426656e-13
 1.7402545358e+01  7.4864605731e+05  1.1934808525e+00  3  3.2200000000e+01  4.9290585374e-13
-3.5521312517e-03  7.5056526967e+05 -6.6994713883e-04  3  3.2200000000e+01  4.9416945621e-13
 3.9845723403e+01  7.5061373243e+05  5.5306644788e+01  1  1.2100000000e+01  4.9420136392e-13
 1.7166574275e-01  7.5220212961e+05 -4.0809255218e-01  0  8.7600000000e+00  4.9524715887e-13
-1.7674332756e+01  7.5362366065e+05 -3.7274400681e+02  0  8.7600000000e+00  4.9618308976e-13
 2.3839223896e+01  7.5414084049e+05  1.1317017921e+00  1  1.2100000000e+01  4.9652359909e-13
-1.5780780838e+02  7.5482235951e+05 -8.6927864665e+01  1  1.2100000000e+01  4.9697230875e-13
-5.3892183784e+00  7.5618591945e+05 -1.0131909787e+01  0  8.7600000000e+00  4.9787007168e-13
 5.5762835397e+00  7.5790110521e+05 -2.9842254990e+01  0  8.7600000000e+00  4.9899934377e-13
 1.9843762051e-04  7.6082942862e+05 -4.8589120479e-03  1  1.2100000000e+01  5.0092734130e-13
-1.9660369061e+00  7.6191545345e+05  2.9550279899e-01  0  8.7600000000e+00  5.0164237612e-13
-3.4972736425e+01  7.6420299584e+05 -3.7498786029e+01  0  8.7600000000e+00  5.0314848574e-13
-3.7347884563e-03  7.6574018211e+05 -5.8958574924e-04  0  8.7600000000e+00  5.0416056362e-13
 6.7643823667e+00  7.6808648034e+05  1.1155556511e+01  0  8.7600000000e+00  5.0570535788e-13
 8.3231250096e-04  7.7045376866e+05 -1.3237964065e-03  3  3.2200000000e+01  5.0726397194e-13
 1.2219233635e-01  7.7103737748e+05  1.2519444692e+00  1  1.2100000000e+01  5.0764821787e-13
 9.5379529798e-04  7.7111192622e+05  4.3757316910e-04  1  1.2100000000e+01  5.0769730049e-13
-4.6365169216e-01  7.7195428944e+05  4.1714831877e-01  2  1.6800000000e+01  5.0825190939e-13
-1.6446380787e+00  7.7220942108e+05  3.3196964027e-02  1  1.2100000000e+01  5.0841988714e-13
 3.9998021474e+00  7.7250049167e+05  8.1606797768e+00  1  1.2100000000e+01  5.0861152696e-13
-4.0005209922e+00  7.7538254254e+05  7.9229103101e+00  0  8.7600000000e+00  5.1050905882e-13
 4.2922529994e-03  7.7950345385e+05 -1.0383907012e-04  0  8.7600000000e+00  5.1322225191e-13
 1.6670776716e+01  7.8049618980e+05 -4.7564869980e+00  0  8.7600000000e+00  5.1387586566e-13
 4.7767485118e-03  7.8066043756e+05  2.8122384324e-03  3  3.2200000000e+01  5.1398400579e-13
-1.0419975331e+01  7.8295817796e+05 -1.4307118599e+00  1  1.2100000000e+01  5.1549682975e-13
 2.0577446073e+00  7.8325741282e+05  2.2912507854e+00  1  1.2100000000e+01  5.1569384490e-13
-1.2866033386e+02  7.8618694834e+05  6.2483970241e+01  1  1.2100000000e+01  5.1762264048e-13
-4.7086669969e-03  7.8651611319e+05  1.4337831905e-03  3  3.2200000000e+01  5.1783936143e-13
 8.5435544142e+02  7.8747291261e+05 -4.8688825873e+02  0  8.7600000000e+00  5.1846931470e-13
-7.2647611862e+00  7.8764735485e+05  3.5502322482e+00  0  8.7600000000e+00  5.1858416684e-13
 4.2413311250e+00  7.8795435838e+05  2.1422418496e-01  1  1.2100000000e+01  5.1878629685e-13
-2.4059168144e-03  7.8894094412e+05  3.7561001157e-03  2  1.6800000000e+01  5.1943586134e-13
-1.2253551214e-03  7.8906110846e+05 -4.5435255717e-03  0  8.7600000000e+00  5.1951497710e-13
-1.4552952031e+00  7.8944910076e+05 -3.3042776499e-01  0  8.7600000000e+00  5.1977042983e-13
 1.0106923765e+01  7.9104695272e+05 -5.8217779607e+00  0  8.7600000000e+00  5.2082244977e-13
 2.7972436453e+00  7.9237610492e+05 -1.3937442035e+00  0  8.7600000000e+00  5.2169755877e-13
-3.4436491861e+00  7.9276475407e+05  5.4649869871e+01  1  1.2100000000e+01  5.2195344396e-13
 1.5361664606e+02  7.9400592732e+05 -1.7495992776e+00  1  1.2100000000e+01  5.2277062794e-13
-3.0342839370e-03  7.9406165624e+05  2.7898713284e-03  3  3.2200000000e+01  5.2280731966e-13
 5.6042262224e+00  7.9488649068e+05  6.7396086419e-01  0  8.7600000000e+00  5.2335038766e-13
-3.7804936003e+01  7.9551672179e+05  6.3859220511e+01  0  8.7600000000e+00  5.2376532955e-13
 1.2307094274e+00  7.9566994749e+05 -2.9828212939e+00  0  8.7600000000e+00  5.2386621279e-13
-3.0809419467e-01  7.9577869130e+05  2.0996030849e+01  0  8.7600000000e+00  5.2393780932e-13
-3.1182582938e+01  7.9663716927e+05  2.5389296119e+01  1  1.2100000000e+01  5.2450302811e-13
-6.3258337119e-04  7.9740431718e+05 -1.8287196322e-03  2  1.6800000000e+01  5.2500811552e-13
-3.2528942422e+01  7.9889058866e+05  2.5216887830e+01  0  8.7600000000e+00  5.2598667128e-13
 9.5183855687e+01  7.9899097729e+05 -3.0913043320e+01  1  1.2100000000e+01  5.2605276678e-13
-2.6266214805e+01  8.0202933716e+05  3.6501542189e+02  0  8.7600000000e+00  5.2805321192e-13
-1.4867169643e+01  8.0213005598e+05  3.8801550140e+01  1  1.2100000000e+01  5.2811952483e-13
-1.1486536624e+02  8.0335292415e+05 -1.2655125272e+02  2  1.6800000000e+01  5.2892465681e-13
 4.4811304986e-01  8.0343018621e+05 -8.5897375331e-01  0  8.7600000000e+00  5.2897552587e-13
 1.2164098973e+01  8.0353352700e+05  2.8953503719e+00  2  1.6800000000e+01  5.2904356507e-13
 2.1448370973e+00  8.0373669357e+05  5.4314370001e-01  0  8.7600000000e+00  5.2917732921e-13
 1.3744434556e+00  8.0384016250e+05 -1.3083390937e+00  2  1.6800000000e+01  5.2924545277e-13
-4.2238538911e+00  8.0433421433e+05 -4.0929646323e+01  3  3.2200000000e+01  5.2957073471e-13
 1.5327760036e+01  8.0490607984e+05  6.4978381275e+00  0  8.7600000000e+00  5.2994724889e-13
 4.7091423765e-03  8.0497022069e+05 -3.4440776047e-03  1  1.2100000000e+01  5.2998947900e-13
-6.9416834455e+00  8.0610030975e+05 -4.0440925523e-01  1  1.2100000000e+01  5.3073352554e-13
-4.6123014715e-03  8.0780486304e+05  1.0491691279e-03  3  3.2200000000e+01  5.3185579726e-13
 8.0711147990e+00  8.0790460985e+05 -1.2696533687e+01  1  1.2100000000e+01  5.3192147019e-13
-5.6920766277e-01  8.0823730948e+05 -3.1773179478e+00  0  8.7600000000e+00  5.3214051843e-13
 6.0199699485e+01  8.0893398619e+05  1.1348147475e+02  0  8.7600000000e+00  5.3259920785e-13
-2.7037664742e+01  8.1046634085e+05  2.4559260878e+01  0  8.7600000000e+00  5.3360810461e-13
 2.0320069430e+00  8.1191473791e+05  6.0263667082e+00  0  8.7600000000e+00  5.3456172399e-13
 2.0932141513e+00  8.1515035334e+05 -2.9207402845e+00  2  1.6800000000e+01  5.3669204148e-13
 1.4281156839e+02  8.1735166623e+05 -1.8023132462e+02  0  8.7600000000e+00  5.3814137791e-13
 7.0339740560e+01  8.1935436894e+05 -3.7319364770e+02  1  1.2100000000e+01  5.3945995012e-13
 5.6095766893e+01  8.1943232936e+05  2.0336600328e+01  0  8.7600000000e+00  5.3951127898e-13
 1.3658702343e+01  8.2085509186e+05 -1.3341120058e+01  1  1.2100000000e+01  5.4044802067e-13
 1.4011663687e+01  8.2118375135e+05 -9.9126270838e+00  0  8.7600000000e+00  5.4066440888e-13
 1.2928970159e+00  8.2413371899e+05  1.3340787856e+00  3  3.2200000000e+01  5.4260665689e-13
-2.2932188708e+01  8.2460452747e+05 -1.8822013089e+02  0  8.7600000000e+00  5.4291663549e-13
 3.8396076568e+01  8.2895877823e+05  1.6869326439e+01  2  1.6800000000e+01  5.4578345843e-13
 3.3855318131e-03  8.2915355139e+05  6.3318253291e-04  0  8.7600000000e+00  5.4591169638e-13
 7.1455382195e+01  8.3187468809e+05 -2.7012090617e+01  0  8.7600000000e+00  5.4770328293e-13
-1.1543236626e-01  8.3328362540e+05  3.2692190383e+00  1  1.2100000000e+01  5.4863092215e-13
 9.8931973704e+00  8.3415072681e+05 -1.6527153588e+01  0  8.7600000000e+00  5.4920181858e-13
-3.2510372236e+00  8.3443060845e+05  2.1280238524e-01  0  8.7600000000e+00  5.4938609163e-13
-1.7273081280e-01  8.3665027283e+05  7.6681670432e+00  1  1.2100000000e+01  5.5084751063e-13
-6.0605924336e+00  8.3804859189e+05 -3.5219157954e+00  3  3.2200000000e+01  5.5176815884e-13
 1.8988306946e-03  8.3958759636e+05  3.6474835540e-03  1  1.2100000000e+01  5.5278143381e-13
 3.2560927320e-03  8.4182600233e+05 -4.8494539456e-03  1  1.2100000000e+01  5.5425519220e-13
-8.3385775211e+01  8.4330100554e+05 -4.5112207445e+01  2  1.6800000000e+01  5.5522632897e-13
-4.7794338345e+02  8.4510653658e+05  4.7769698128e+01  3  3.2200000000e+01  5.5641508407e-13
-8.6233382403e+01  8.4623148201e+05 -1.5018757395e+02  0  8.7600000000e+00  5.5715574406e-13
-6.6362089746e+00  8.4817274101e+05 -5.8343036234e+00  0  8.7600000000e+00  5.5843386196e-13
-2.5932106253e+00  8.4819804730e+05  5.2882130024e-01  2  1.6800000000e+01  5.5845052353e-13
 2.6737738603e+01  8.5238240518e+05  1.3828410130e+00  0  8.7600000000e+00  5.6120548961e-13
-6.4114249604e+00  8.5445272565e+05  6.6561524877e+00  0  8.7600000000e+00  5.6256858112e-13
-8.6958541657e+01  8.5543855244e+05 -3.0842239712e+02  1  1.2100000000e+01  5.6321764590e-13
-2.5789124629e+00  8.5666346980e+05 -7.8582869075e+00  1  1.2100000000e+01  5.6402412706e-13
-1.0588781457e+01  8.5697981332e+05  7.4577349964e+00  1  1.2100000000e+01  5.6423240649e-13
-5.1919777308e-01  8.5778961780e+05  1.0029559194e+01  0  8.7600000000e+00  5.6476557882e-13
 1.4215213842e+00  8.5797389001e+05  4.5405287011e+00  0  8.7600000000e+00  5.6488690298e-13
-4.7724632638e-03  8.5910447776e+05 -7.9007532252e-04  2  1.6800000000e+01  5.6563127786e-13
 1.2040544842e-03  8.5917397351e+05 -3.4562833973e-03  1  1.2100000000e+01  5.6567703361e-13
 2.4494235648e-04  8.6060189465e+05 -3.2538146285e-03  3  3.2200000000e+01  5.6661717172e-13
-3.5067188323e+00  8.6422202242e+05  1.8423705377e+01  0  8.7600000000e+00  5.6900065074e-13
 1.4973760966e+01  8.6455279925e+05  1.3697479057e+01  0  8.7600000000e+00  5.6921843301e-13
 1.5250713515e+00  8.6464495679e+05 -1.2567941135e+00  0  8.7600000000e+00  5.6927910919e-13
-1.5105774966e+02  8.6479964917e+05  1.9657106248e+02  1  1.2100000000e+01  5.6938095810e-13
-7.9174343603e-01  8.6529786711e+05  1.3615513842e+01  2  1.6800000000e+01  5.6970898299e-13
 3.1375393728e-03  8.6531037982e+05  2.6242393803e-03  3  3.2200000000e+01  5.6971722131e-13
 2.2459639736e+01  8.6550769395e+05 -8.1999579657e+00  1  1.2100000000e+01  5.6984713222e-13
-4.4087353579e-03  8.6668912107e+05  2.3848400951e-03  3  3.2200000000e+01  5.7062497956e-13
 3.9394019442e+00  8.6799963172e+05  7.6481914976e+00  0  8.7600000000e+00  5.7148781503e-13
 2.1879399480e+00  8.6934918263e+05 -6.9367169620e-01  0  8.7600000000e+00  5.7237635446e-13
-3.6247793286e+00  8.7062714841e+05 -9.4762924472e-02  0  8.7600000000e+00  5.7321776250e-13
-6.9619860961e+00  8.7125785138e+05  7.5895437674e+00  3  3.2200000000e+01  5.7363301506e-13
 2.2656113459e+00  8.7135745105e+05  1.7002227621e+01  3  3.2200000000e+01  5.7369859112e-13
-3.5386836584e+02  8.7250039811e+05 -2.6602432051e+02  0  8.7600000000e+00  5.7445110332e-13
-5.5666630184e+00  8.7261727057e+05 -3.4785371214e+00  1  1.2100000000e+01  5.7452805172e-13
-2.0967398836e+02  8.7304830155e+05  3.7395820439e+02  2  1.6800000000e+01  5.7481184097e-13
 1.3956118428e+00  8.7335992773e+05  4.7037024633e-01  1  1.2100000000e+01  5.7501701451e-13
 2.0074788374e-03  8.7436095213e+05 -3.0317993616e-04  3  3.2200000000e+01  5.7567608535e-13
-5.4623585626e+00  8.7654762405e+05  5.8860205219e+00  1  1.2100000000e+01  5.7711578223e-13
 1.1393496645e+01  8.8206413944e+05 -2.8997524667e+00  2  1.6800000000e+01  5.8074783599e-13
 4.4591383345e+01  8.8210924193e+05 -6.8432384223e+01  2  1.6800000000e+01  5.8077753131e-13
 6.4186334047e-01  8.8222241562e+05  1.2196142485e+00  0  8.7600000000e+00  5.8085204445e-13
 4.4548129753e-03  8.8574392874e+05  2.0416766484e-03  0  8.7600000000e+00  5.8317059594e-13
 5.0950219458e+02  8.8649833142e+05 -5.0506552566e+02  1  1.2100000000e+01  5.8366729194e-13
-2.2856030936e+01  8.8702785930e+05 -1.6071021308e+02  0  8.7600000000e+00  5.8401593117e-13
-2.2269287291e+01  8.8763690456e+05  1.2719552586e+01  1  1.2100000000e+01  5.8441692437e-13
 1.8989846470e+01  8.8806716145e+05 -4.9474145306e+00  0  8.7600000000e+00  5.8470020395e-13
-4.4957902613e+00  8.8865575256e+05  5.7857550735e+00  0  8.7600000000e+00  5.8508773020e-13
 2.3348532262e+00  8.9106244984e+05 -1.9236865186e+00  2  1.6800000000e+01  5.8667229098e-13
-9.1000573052e+00  8.9171413931e+05 -2.5948979036e+01  1  1.2100000000e+01  5.8710136097e-13
-4.8848153914e+00  8.9212073824e+05 -1.4635069963e+01  2  1.6800000000e+01  5.8736906423e-13
 1.3486987505e+00  8.9222713436e+05  2.6150382582e+01  1  1.2100000000e+01  5.8743911505e-13
 4.4594304354e-03  8.9229448530e+05 -3.5267188463e-04  3  3.2200000000e+01  5.8748345867e-13
 2.6436350204e-03  8.9314553353e+05  1.5737882892e-03  3  3.2200000000e+01  5.8804378574e-13
 2.5153190072e+02  8.9498201708e+05  3.6428171670e+02  1  1.2100000000e+01  5.8925291986e-13
-3.7911561917e+01  8.9644315754e+05  3.7363106737e+01  3  3.2200000000e+01  5.9021492945e-13
 4.5897843878e+01  8.9678621015e+05  4.2690254291e+01  0  8.7600000000e+00  5.9044079405e-13
 1.2814679076e+02  8.9901106699e+05  9.3200673292e+01  0  8.7600000000e+00  5.9190563174e-13
 1.0126855195e+00  9.0238483604e+05  9.1988866479e-01  0  8.7600000000e+00  5.9412690906e-13
-4.0263592938e+01  9.0354416384e+05  8.8945809268e+01  1  1.2100000000e+01  5.9489020629e-13
 2.2561629568e+02  9.0605278496e+05 -5.3672504768e+00  1  1.2100000000e+01  5.9654187335e-13
-3.6746094358e+00  9.0671954364e+05  6.3094788526e+00  2  1.6800000000e+01  5.9698086485e-13
-4.1026216529e+01  9.0693002875e+05  1.3435479967e+01  1  1.2100000000e+01  5.9711944749e-13
-1.3105314137e+02  9.0712231389e+05  3.1408449031e+01  1  1.2100000000e+01  5.9724604733e-13
-1.1501798647e+01  9.0728858646e+05  9.3402577608e+00  0  8.7600000000e+00  5.9735552059e-13
 2.8586555460e+01  9.0736949096e+05 -3.1490932667e+01  1  1.2100000000e+01  5.9740878782e-13
 6.5977738968e-04  9.0748187188e+05 -1.1214116337e-03  0  8.7600000000e+00  5.9748277901e-13
-2.5535471940e+01  9.0767450551e+05 -3.3434380020e+01  1  1.2100000000e+01  5.9760960829e-13
 4.8601246586e+00  9.0849170681e+05  1.1754302374e+01  3  3.2200000000e+01  5.9814765067e-13
-9.2901868458e-01  9.0858210584e+05 -2.7534724958e+00  2  1.6800000000e+01  5.9820716906e-13
-2.5065882776e+01  9.0910031239e+05 -4.3995858107e+01  0  8.7600000000e+00  5.9854835438e-13
 6.1910638943e+00  9.0917800641e+05 -4.0156072810e+00  1  1.2100000000e+01  5.9859950784e-13
 1.4010299299e+00  9.1001213487e+05  5.4458918856e-01  2  1.6800000000e+01  5.9914869500e-13
-4.9525139640e+01  9.1001382929e+05  3.6406720349e+01  3  3.2200000000e+01  5.9914981060e-13
-3.3293998181e+00  9.1023221739e+05 -3.4097823030e+00  0  8.7600000000e+00  5.9929359653e-13
 4.5801428936e+00  9.1150131239e+05 -1.2378860074e+01  1  1.2100000000e+01  6.0012916409e-13
 1.8043043649e+02  9.1210822248e+05  1.4729933543e+02  0  8.7600000000e+00  6.0052875149e-13
-9.7989618453e+00  9.1401218840e+05  4.1920908202e+00  1  1.2100000000e+01  6.0178231576e-13
-4.1156622873e+01  9.1489793280e+05  4.8296019997e+01  1  1.2100000000e+01  6.0236548666e-13
 2.4346718273e-03  9.1497240644e+05 -4.7059808647e-04  2  1.6800000000e+01  6.0241451984e-13
 6.5796072858e-04  9.1586895048e+05 -1.6540347071e-03  2  1.6800000000e+01  6.0300480119e-13
 8.0191054282e+00  9.1709716038e+05 -5.3198340963e+00  1  1.2100000000e+01  6.0381345014e-13
 6.3324953537e+00  9.1778898955e+05  7.5289406443e+00  0  8.7600000000e+00  6.0426894796e-13
 5.9262431879e-01  9.2088389924e+05  7.4439910191e+00  0  8.7600000000e+00  6.0630662530e-13
-9.1348293458e+00  9.2108463446e+05 -7.3173202744e+00  1  1.2100000000e+01  6.0643878864e-13
 3.3506874177e-01  9.2163366264e+05  3.4245512328e+00  3  3.2200000000e+01  6.0680026681e-13
 8.1970475620e+00  9.2340514226e+05  4.5458001318e+01  2  1.6800000000e+01  6.0796660258e-13
 5.7590850434e+01  9.2366203497e+05  1.6427550816e+01  0  8.7600000000e+00  6.0813573981e-13
 1.4407570265e+00  9.2557087933e+05 -5.0310191719e+00  1  1.2100000000e+01  6.0939251602e-13
-2.0122786614e+01  9.2607242748e+05  8.5739541813e+00  0  8.7600000000e+00  6.0972273351e-13
-1.9121392488e+00  9.2661470085e+05 -7.7608276605e-01  0  8.7600000000e+00  6.1007976433e-13
 6.3867830003e-04  9.2673129607e+05  4.2661885402e-03  2  1.6800000000e+01  6.1015653020e-13
-1.2047935695e+00  9.2699088739e+05  1.7933826575e-01  1  1.2100000000e+01  6.1032744419e-13
 4.0076603239e+00  9.2738734248e+05 -2.9267595580e+00  1  1.2100000000e+01  6.1058846878e-13
-2.3833406163e+00  9.2833261488e+05 -4.2690239578e+00  0  8.7600000000e+00  6.1121083271e-13
-9.5129482134e+00  9.2866801626e+05 -1.2583635257e+01  1  1.2100000000e+01  6.1143165977e-13
 3.9584547702e+00  9.3071189363e+05  2.7623383857e+00  1  1.2100000000e+01  6.1277734122e-13
 1.7039768317e+02  9.3092072039e+05 -3.2473925686e+02  1  1.2100000000e+01  6.1291483201e-13
 1.4190038415e+00  9.3159686224e+05  4.8496883607e-01  0  8.7600000000e+00  6.1336000135e-13
 9.3972989136e+01  9.3171871121e+05 -9.1229853212e+01  2  1.6800000000e+01  6.1344022627e-13
 1.2191275814e+01  9.3203200315e+05  1.6785958382e+00  1  1.2100000000e+01  6.1364649655e-13
-8.9304130620e+01  9.3245658286e+05  5.2420955880e+01  1  1.2100000000e+01  6.1392603829e-13
 1.6813446629e+01  9.3251947625e+05 -2.8569566304e+00  2  1.6800000000e+01  6.1396744708e-13
-5.8306205851e-02  9.3267559264e+05 -6.9995206977e+00  2  1.6800000000e+01  6.1407023355e-13
-1.6784136875e+02  9.3713890884e+05 -3.0066424110e+02  0  8.7600000000e+00  6.1700886477e-13
 8.2422730463e-01  9.3769546442e+05  8.5017288707e-01  0  8.7600000000e+00  6.1737529895e-13
-4.8846787686e-03  9.4063937130e+05  3.8089732148e+00  0  8.7600000000e+00  6.1931355658e-13
-1.3790774422e+00  9.4151818863e+05 -1.5723369566e+01  2  1.6800000000e+01  6.1989216673e-13
-2.9367614645e+01  9.4168245042e+05  4.7097692008e+01  1  1.2100000000e+01  6.2000031610e-13
-1.0419151245e+01  9.4244241894e+05  5.3384010146e+00  0  8.7600000000e+00  6.2050067662e-13
-1.0091292568e+01  9.4310621685e+05  1.5501900419e+02  1  1.2100000000e+01  6.2093771876e-13
-2.1346751516e+01  9.4314884204e+05  1.5344609321e+01  1  1.2100000000e+01  6.2096578303e-13
 3.9119655995e+00  9.4853119923e+05 -4.8787676516e+00  1  1.2100000000e+01  6.2450950752e-13
-1.7176800375e+00  9.5076849756e+05 -2.1732541788e+00  0  8.7600000000e+00  6.2598253664e-13
-2.0375985364e+00  9.5106744688e+05  9.3231412384e+01  0  8.7600000000e+00  6.2617936379e-13
-9.3103945746e+01  9.5113958212e+05 -4.7169871046e+01  0  8.7600000000e+00  6.2622685737e-13
-1.6673513304e+02  9.5232346741e+05 -5.2791043243e+02  0  8.7600000000e+00  6.2700632316e-13
 6.7190770101e+01  9.5271412025e+05 -8.7000620521e+01  0  8.7600000000e+00  6.2726352757e-13
 5.6740963323e+00  9.5409739857e+05 -1.9587528080e+01  0  8.7600000000e+00  6.2817427301e-13
 1.1329737403e+01  9.5416240563e+05 -9.8845652981e+00  1  1.2100000000e+01  6.2821707342e-13
 2.5165832511e+00  9.5508819034e+05 -5.2908520841e+00  3  3.2200000000e+01  6.2882660672e-13
-1.2371568587e+01  9.5533605201e+05  5.5270565656e+00  0  8.7600000000e+00  6.2898979795e-13
-2.4285172827e+01  9.5586435090e+05  2.6425240014e+01  1  1.2100000000e+01  6.2933762803e-13
-4.6176260251e+01  9.6075266180e+05  5.2907982978e+01  0  8.7600000000e+00  6.3255607423e-13
-1.0890246830e+01  9.6299076454e+05  6.8058554753e+00  0  8.7600000000e+00  6.3402963297e-13
-3.3932398567e+01  9.6302560915e+05 -2.5224502465e+01  0  8.7600000000e+00  6.3405257453e-13
-1.4797247156e+01  9.6340309075e+05  2.6637156408e+01  0  8.7600000000e+00  6.3430110706e-13
 1.8307943721e-03  9.6397932966e+05  1.6101106776e-04  1  1.2100000000e+01  6.3468050066e-13
-3.8869841624e-03  9.6415319603e+05  1.4571817762e-03  1  1.2100000000e+01  6.3479497365e-13
 1.6840688019e-01  9.6510609678e+05 -2.1751920426e+00  1  1.2100000000e+01  6.3542236006e-13
-1.2539534993e+01  9.6520150533e+05 -1.8243523712e+00  0  8.7600000000e+00  6.3548517670e-13
 8.5411184274e-04  9.6614008635e+05 -4.9422590155e-03  3  3.2200000000e+01  6.3610313505e-13
-3.9219858220e+01  9.6658221070e+05 -3.9608398714e+01  1  1.2100000000e+01  6.3639422812e-13
 1.1852840074e+00  9.6805893448e+05  1.2267006705e+00  1  1.2100000000e+01  6.3736649771e-13
 1.9110591997e+02  9.6822953861e+05 -6.3286034231e+01  1  1.2100000000e+01  6.3747882285e-13
-3.9922774225e+00  9.6854434252e+05  6.8101489072e+00  2  1.6800000000e+01  6.3768608860e-13
-9.4159254216e-02  9.6888383762e+05 -7.9465401757e-01  1  1.2100000000e+01  6.3790961095e-13
-4.5472733162e-03  9.7006177776e+05  3.9773744619e-03  3  3.2200000000e+01  6.3868516247e-13
-1.5622091033e+01  9.7035111557e+05  1.2881076972e+01  2  1.6800000000e+01  6.3887566144e-13
-1.4967605192e+01  9.7198879306e+05  1.4596717368e+00  2  1.6800000000e+01  6.3995390237e-13
-4.6802174684e+00  9.7225821093e+05 -4.3766040241e+00  0  8.7600000000e+00  6.4013128612e-13
-1.9890215484e+00  9.7292747666e+05 -4.9631499701e+00  2  1.6800000000e+01  6.4057192825e-13
-8.1918832453e-01  9.7319238637e+05 -8.2732390289e+01  2  1.6800000000e+01  6.4074634385e-13
 1.4878692334e+00  9.7465954111e+05 -4.3558603504e-01  2  1.6800000000e+01  6.4171231322e-13
-1.0220089664e+02  9.7521034258e+05  1.1583509530e+02  1  1.2100000000e+01  6.4207495891e-13
-3.2974761388e+00  9.7600806069e+05  1.4626266594e+00  1  1.2100000000e+01  6.4260017362e-13
 2.8880633536e+00  9.7724949637e+05 -8.8426955365e+00  0  8.7600000000e+00  6.4341753039e-13
 1.8509131803e+01  9.7751134522e+05 -1.2511587823e+01  2  1.6800000000e+01  6.4358993072e-13
 5.4417449326e+01  9.7798209911e+05 -1.3828419877e+01  1  1.2100000000e+01  6.4389987337e-13
 1.0110255518e+01  9.7868457125e+05  5.2518327148e+00  1  1.2100000000e+01  6.4436237849e-13
-2.2674182650e-03  9.7957277995e+05  1.5012201185e-03  0  8.7600000000e+00  6.4494717188e-13
 1.0065314248e-03  9.7967872751e+05 -3.2263429920e-03  1  1.2100000000e+01  6.4501692737e-13
-7.8132891710e+00  9.7988763224e+05 -2.5288657063e+00  0  8.7600000000e+00  6.4515446949e-13
 1.2199789376e+01  9.8052609476e+05 -2.0653472952e+01  0  8.7600000000e+00  6.4557483090e-13
 1.9013681837e+01  9.8157854366e+05  6.9821745193e+00  1  1.2100000000e+01  6.4626775945e-13
-2.6971569192e+01  9.8557555435e+05  4.0009593375e+01  1  1.2100000000e+01  6.4889937681e-13
 3.2083433793e+00  9.8717671326e+05  5.2705233148e+00  0  8.7600000000e+00  6.4995357404e-13
-1.2412321501e+00  9.8754835875e+05 -3.4358523267e+00  3  3.2200000000e+01  6.5019826409e-13
-3.2941510798e+01  9.8904320034e+05 -4.1965190114e+01  0  8.7600000000e+00  6.5118246238e-13
 4.7179024976e+00  9.9730395518e+05  3.2016086221e+01  0  8.7600000000e+00  6.5662131346e-13
-4.4519596855e+00  9.9754159661e+05  1.2415410261e+01  1  1.2100000000e+01  6.5677777571e-13
-3.2970701627e+00  9.9757726070e+05 -5.0394529705e+00  2  1.6800000000e+01  6.5680125682e-13
-3.2024678447e+00  1.0005868244e+06  9.5976264670e+00  2  1.6800000000e+01  6.5878274270e-13