 x                 y                 z               Event            Energy              Time
 5.8410607366e+02  5.7636571592e+02  4.7261198309e+02  0  8.7600000000e+00  3.7947710069e-16
 1.3926593573e+01  2.2088000470e+03 -1.0583579124e+01  1  1.2100000000e+01  1.4542659542e-15
-2.0667593633e-03  2.2677986990e+03  3.9753807890e-03  2  1.6800000000e+01  1.4931104531e-15
-2.0396094435e+01  2.5919033194e+03  3.2813647695e-01  0  8.7600000000e+00  1.7064997618e-15
 5.4985767555e+00  3.5971040103e+03  9.9729655569e+01  0  8.7600000000e+00  2.3683202575e-15
 2.2713320589e+00  4.7228642217e+03  2.8079513969e+00  3  3.2200000000e+01  3.1095167050e-15
-1.8683753300e+01  5.7219812847e+03 -1.5071570502e+01  1  1.2100000000e+01  3.7673317620e-15
-1.7010641133e+01  7.9929801117e+03 -1.0883920778e+01  0  8.7600000000e+00  5.2625491678e-15
 2.3611725595e+01  8.2248212403e+03 -1.2002099125e+01  0  8.7600000000e+00  5.4151925275e-15
-5.3719952820e+00  8.4571464542e+03  1.8144007898e+02  1  1.2100000000e+01  5.5681546072e-15
 1.0229153092e+02  9.1485568383e+03  1.8897533550e+02  2  1.6800000000e+01  6.0233767010e-15
-2.5970434303e+00  9.2998775339e+03  1.4016547622e+00  0  8.7600000000e+00  6.1230056991e-15
 4.2249209151e-03  9.5737295315e+03 -1.7541802706e-03  1  1.2100000000e+01  6.3033088629e-15
-4.5268974803e+02  1.0308130163e+04  9.4499161448e+01  0  8.7600000000e+00  6.7868355799e-15
-1.3415702570e+01  1.0988133741e+04 -3.0316688472e+01  0  8.7600000000e+00  7.2345474737e-15
-2.0280227288e+01  1.2120681706e+04  6.7125273188e+01  0  8.7600000000e+00  7.9802129533e-15
-7.4161840219e+00  1.2865016825e+04  2.5079548106e+01  3  3.2200000000e+01  8.4702805014e-15
-2.1040406211e-01  1.3968911701e+04  5.4490210514e-01  0  8.7600000000e+00  9.1970808911e-15
-2.5078079465e-03  1.3988586193e+04  1.2718425907e-03  1  1.2100000000e+01  9.2100345054e-15
-3.7086843683e+01  1.5217053693e+04 -2.7781848177e+01  0  8.7600000000e+00  1.0018853060e-14
-2.6674114163e+01  1.5510074725e+04  8.2104658095e+01  1  1.2100000000e+01  1.0211777046e-14
-1.0331919938e+01  1.7636018353e+04 -1.0635609856e+01  1  1.2100000000e+01  1.1611490634e-14
 4.2283172174e-01  1.7966136371e+04  2.3986272864e+00  0  8.7600000000e+00  1.1828839142e-14
 1.6541417390e+01  1.8323836706e+04  2.9505159330e+01  0  8.7600000000e+00  1.2064347748e-14
 1.4931800674e+02  1.8490230777e+04 -9.8816271389e+01  1  1.2100000000e+01  1.2173901002e-14
-2.0818018276e+00  1.9155248966e+04 -1.0597120856e+02  2  1.6800000000e+01  1.2611746569e-14
 4.0161454331e+01  2.1630362178e+04  5.7694058903e+01  1  1.2100000000e+01  1.4241352147e-14
-3.2041501587e+01  2.3211407018e+04  6.8900997013e+01  0  8.7600000000e+00  1.5282306346e-14
-4.1415787810e-03  2.3757506973e+04  2.4854274176e-03  1  1.2100000000e+01  1.5641856579e-14
 5.6962425800e+00  2.4258098690e+04  6.1012337852e+00  0  8.7600000000e+00  1.5971444354e-14
 2.2850540116e+00  2.4488008001e+04  2.7547851454e-01  0  8.7600000000e+00  1.6122815812e-14
 1.2544140404e+01  2.9406589649e+04  1.1461178830e+00  2  1.6800000000e+01  1.9361192162e-14
 2.5786068093e-03  2.9580442448e+04 -1.3553562091e-03  2  1.6800000000e+01  1.9475656215e-14
 3.1462978486e+00  3.0189304682e+04  1.7499352664e-01  0  8.7600000000e+00  1.9876528905e-14
-9.0010614437e+01  3.3448269138e+04  1.6096438324e+02  1  1.2100000000e+01  2.2022219304e-14
-8.0387442444e+00  3.4350867995e+04  1.3457804367e+01  0  8.7600000000e+00  2.2616487124e-14
-2.6880811275e+01  3.5440184275e+04  1.7560837782e+01  2  1.6800000000e+01  2.3333689019e-14
-4.4540669553e+02  3.5874297241e+04 -1.1789951830e+02  1  1.2100000000e+01  2.3619507425e-14
-1.0696660479e-01  3.5985934761e+04  9.6552434380e+00  2  1.6800000000e+01  2.3693009163e-14
-1.1567554317e+01  3.6312626459e+04  3.4366135186e+01  0  8.7600000000e+00  2.3908101795e-14
 2.4643237282e+01  3.7102073165e+04 -7.0010531785e+01  2  1.6800000000e+01  2.4427870648e-14
 2.3986169448e+01  3.8866579071e+04 -6.2282523550e+01  0  8.7600000000e+00  2.5589614948e-14
 5.2819289059e-04  4.1170490318e+04 -2.6620878827e-03  0  8.7600000000e+00  2.7106501772e-14
-4.1290783640e+01  4.1984101600e+04  7.7586957779e+00  2  1.6800000000e+01  2.7642180494e-14
 2.2136176722e+02  4.2272057225e+04 -2.1910792009e+02  0  8.7600000000e+00  2.7831769436e-14
-4.4990131934e+00  4.2926500167e+04 -2.4025381952e+00  0  8.7600000000e+00  2.8262652299e-14
 1.0171226484e+00  4.3673368875e+04 -2.5057290745e+00  1  1.2100000000e+01  2.8754387953e-14
 6.1708427009e-01  4.4386518272e+04 -1.1949191997e+00  1  1.2100000000e+01  2.9223922934e-14
-4.6488220379e+00  4.5094138659e+04  3.1293741277e+01  1  1.2100000000e+01  2.9689817635e-14
-2.3034075287e+01  4.5275374747e+04  6.8011512284e+01  2  1.6800000000e+01  2.9809142819e-14
-8.4741547211e-01  4.5888090266e+04 -2.7707086500e+00  2  1.6800000000e+01  3.0212552498e-14
 9.9299273219e+00  4.7915738058e+04 -1.0994154734e+00  0  8.7600000000e+00  3.1547548464e-14
-2.4008278803e+01  4.9283911714e+04  1.8871966481e+01  1  1.2100000000e+01  3.2448349046e-14
 1.6111368890e+00  5.1526907530e+04  1.4376419765e+00  1  1.2100000000e+01  3.3925129370e-14
 8.1318471081e-01  5.1548673176e+04  2.9093668510e+00  0  8.7600000000e+00  3.3939459793e-14
-3.8568095138e+00  5.1637450881e+04  1.1635390135e+00  0  8.7600000000e+00  3.3997910712e-14
-1.3823032363e+01  5.3092570919e+04 -2.1532340363e+00  1  1.2100000000e+01  3.4955956477e-14
-8.4723131927e+00  5.3554856870e+04 -3.1315648681e+01  0  8.7600000000e+00  3.5260323874e-14
 1.5386302473e+02  5.4818706246e+04  1.0006278573e+01  0  8.7600000000e+00  3.6092437727e-14
-3.2458728731e+01  5.4991962457e+04  2.0209192556e+01  0  8.7600000000e+00  3.6206508989e-14
-2.0098439475e+01  5.7540524992e+04  1.3229398021e+01  0  8.7600000000e+00  3.7884473336e-14
-6.0317580770e+00  5.8550541466e+04 -6.9756514520e+00  1  1.2100000000e+01  3.8549464526e-14
 7.2039848115e+00  5.8778376454e+04 -2.3285004818e+01  1  1.2100000000e+01  3.8699470257e-14
 6.9607961365e+01  5.8828849347e+04  7.9954028808e+01  1  1.2100000000e+01  3.8732701427e-14
 1.7304185781e+01  6.0647936369e+04 -1.3918370738e+00  1  1.2100000000e+01  3.9930381736e-14
-3.4302506780e+02  6.0820300754e+04  2.8618588098e+02  0  8.7600000000e+00  4.0043865823e-14
 5.0812927168e+00  6.1102238004e+04  7.2400504742e+00  2  1.6800000000e+01  4.0229492288e-14
 1.9270812257e+01  6.2325985980e+04  1.5073099383e+01  0  8.7600000000e+00  4.1035203525e-14
-8.8855895788e+00  6.2629015497e+04 -6.5588585142e+00  1  1.2100000000e+01  4.1234717062e-14
 1.3663051159e+01  6.3025295638e+04 -7.1849338258e+00  1  1.2100000000e+01  4.1495626472e-14
-1.7110447337e-03  6.4263767361e+04  2.4711599701e-03  1  1.2100000000e+01  4.2311031770e-14
-1.3602414393e+01  6.4629802161e+04  5.1695838025e-01  0  8.7600000000e+00  4.2552027757e-14
 5.0839467743e-01  6.7824076942e+04 -2.6280420585e+00  0  8.7600000000e+00  4.4655126709e-14
-3.0622945193e+00  6.7968821404e+04  7.9253370529e+00  1  1.2100000000e+01  4.4750425938e-14
 4.1453289169e+00  6.8228469597e+04  5.6855231632e+00  2  1.6800000000e+01  4.4921377369e-14
-6.4540421131e+00  6.8260884759e+04  2.1856666218e+01  2  1.6800000000e+01  4.4942719394e-14
-1.6794873869e+01  7.0804489746e+04  3.0722185429e+01  0  8.7600000000e+00  4.6617419708e-14
-8.6433154102e+00  7.1934142616e+04 -1.0264988177e+01  2  1.6800000000e+01  4.7361179069e-14
-1.7517958562e+00  7.2274860297e+04 -2.1062565789e+00  2  1.6800000000e+01  4.7585506356e-14
-3.4857975387e+00  7.2811966266e+04  3.3517608581e+01  1  1.2100000000e+01  4.7939134982e-14
 2.8502449271e+01  7.3487185764e+04  1.6678647702e+01  0  8.7600000000e+00  4.8383697055e-14
-3.9405694803e+01  7.5670939576e+04 -1.8657302573e+00  0  8.7600000000e+00  4.9821472658e-14
 2.2621494257e+00  7.6365502617e+04  2.1537086894e+01  0  8.7600000000e+00  5.0278770450e-14
-4.6903748828e+02  7.7444505360e+04 -3.1404213283e+02  0  8.7600000000e+00  5.0989181949e-14
 2.0813442131e+00  7.7802968914e+04  1.1363035815e-02  0  8.7600000000e+00  5.1225193056e-14
 7.4252570105e+01  7.8203917224e+04  1.8131060579e+02  0  8.7600000000e+00  5.1489175971e-14
 2.7856181691e-03  7.9493418442e+04 -2.1154313754e-03  3  3.2200000000e+01  5.2338178905e-14
-3.0454060594e+01  7.9503775527e+04  9.5490754505e+01  1  1.2100000000e+01  5.2344997972e-14
-4.0551261739e-03  8.0958730741e+04 -4.5056049570e-03  2  1.6800000000e+01  5.3302935218e-14
 4.7217321845e+00  8.1591723182e+04  4.2687127193e-01  0  8.7600000000e+00  5.3719695149e-14
 2.7683181294e+01  8.2026911644e+04 -4.9511230358e+01  2  1.6800000000e+01  5.4006221657e-14
-9.5557654943e+00  8.2865779496e+04  2.2619057275e+01  0  8.7600000000e+00  5.4558529214e-14
 7.5124284102e-01  8.3111240186e+04  2.1408450322e+00  0  8.7600000000e+00  5.4720139643e-14
-6.1395153270e+00  8.3705441075e+04  1.2514896135e+01  2  1.6800000000e+01  5.5111359357e-14
-3.9838764074e+00  8.5513701168e+04 -6.3232782863e+00  1  1.2100000000e+01  5.6301911256e-14
 3.8596609344e-01  8.7552026051e+04  1.8826681625e-01  0  8.7600000000e+00  5.7643936979e-14
 3.4105941064e-01  8.8015655088e+04 -1.5987002063e+02  2  1.6800000000e+01  5.7949188659e-14
 6.2727343950e+01  8.8280886199e+04  4.5979364961e+01  0  8.7600000000e+00  5.8123815862e-14
 7.7203903025e+00  9.0369772691e+04  2.0301344856e+00  0  8.7600000000e+00  5.9499131166e-14
-2.0479144998e+01  9.0830369577e+04  1.0824794086e+01  0  8.7600000000e+00  5.9802386488e-14
-1.1415393334e+01  9.0895220035e+04 -5.2230685957e-01  0  8.7600000000e+00  5.9845083795e-14
 1.4860258671e+02  9.1942303013e+04  8.0642177521e+01  0  8.7600000000e+00  6.0534479437e-14
-5.5585886257e+02  9.2122491955e+04 -4.8714929971e+02  1  1.2100000000e+01  6.0653115183e-14
-1.2215200709e+02  9.3338133279e+04 -1.0780696877e+02  0  8.7600000000e+00  6.1453489030e-14
-5.1335264928e+00  9.8786568654e+04  1.5359524091e+01  2  1.6800000000e+01  6.5040719156e-14
-6.0651006670e+00  9.9350418153e+04  1.9185597409e+01  1  1.2100000000e+01  6.5411955624e-14
-4.1220731461e+01  9.9355060244e+04  8.9183376716e+01  0  8.7600000000e+00  6.5415011961e-14
-4.8041437669e+00  1.0083734588e+05 -1.8378352745e+00  0  8.7600000000e+00  6.6390943460e-14
-2.0106117182e+01  1.0422785477e+05  6.3035553699e+01  1  1.2100000000e+01  6.8623242233e-14
 2.4624013836e+00  1.0423139098e+05  5.6094504510e+00  0  8.7600000000e+00  6.8625570462e-14
-5.6085369650e+01  1.0435535546e+05 -2.9694086425e+01  1  1.2100000000e+01  6.8707188229e-14
-3.9640577109e-01  1.0480274345e+05  1.4901164688e+00  0  8.7600000000e+00  6.9001746860e-14
 1.3427289691e+01  1.0491096299e+05  8.9669177249e+00  0  8.7600000000e+00  6.9072998211e-14
 3.1870572033e+02  1.0712534159e+05  3.9619824771e+01  2  1.6800000000e+01  7.0530937066e-14
 4.2974876982e-03  1.0909739149e+05 -2.1242568861e-03  0  8.7600000000e+00  7.1829327581e-14
-6.6635120925e-01  1.0924803820e+05  1.5776963057e+00  0  8.7600000000e+00  7.1928512833e-14
 2.9360968328e+01  1.0969574651e+05  1.0737315383e+02  0  8.7600000000e+00  7.2223282360e-14
 8.5569474665e-01  1.0981090741e+05 -7.7919153029e+00  2  1.6800000000e+01  7.2299103878e-14
 6.0606596977e+00  1.1088988022e+05  2.3952748282e-01  1  1.2100000000e+01  7.3009495675e-14
-3.0532104198e+01  1.1116635751e+05  1.5017677284e+01  1  1.2100000000e+01  7.3191527319e-14
-2.3854852549e-03  1.1138759994e+05 -2.8506786552e-03  3  3.2200000000e+01  7.3337192532e-14
 1.6163507742e+01  1.1268762174e+05  1.9885100331e+01  1  1.2100000000e+01  7.4193122178e-14
 4.2504428931e-01  1.1394173439e+05 -6.0415251548e+01  1  1.2100000000e+01  7.5018825411e-14
-7.6240176914e+00  1.1401913556e+05 -1.3260626984e+00  0  8.7600000000e+00  7.5069786060e-14
-1.3561587764e-03  1.1569057049e+05 -2.9605545280e-03  2  1.6800000000e+01  7.6170252768e-14
-5.7352000592e+00  1.1915718725e+05  1.2312316196e+01  0  8.7600000000e+00  7.8452660692e-14
-2.4500855366e+00  1.1985692059e+05  3.7349810251e+00  1  1.2100000000e+01  7.8913362588e-14
 3.0554062973e+00  1.2004891647e+05  3.4037645551e+01  1  1.2100000000e+01  7.9039771979e-14
 1.0756113911e+01  1.2026226067e+05 -4.3574094830e+01  2  1.6800000000e+01  7.9180237029e-14
 3.4675209450e+02  1.2224763459e+05  1.3477212806e+02  0  8.7600000000e+00  8.0487400032e-14
 1.9600473703e-03  1.2310649810e+05  2.5161521265e-03  3  3.2200000000e+01  8.1052872655e-14
-3.0501051529e+00  1.2353664336e+05 -1.7574279777e+00  1  1.2100000000e+01  8.1336078734e-14
-1.0312100947e-03  1.2557154705e+05 -1.5480617045e-03  1  1.2100000000e+01  8.2675851960e-14
-3.3418520280e+00  1.2663225417e+05  4.5321485205e+00  1  1.2100000000e+01  8.3374217687e-14
 6.1762261690e+00  1.2687323541e+05 -6.2354097864e+00  1  1.2100000000e+01  8.3532878864e-14
 1.3342067021e+00  1.2745306104e+05  5.4949381713e+00  0  8.7600000000e+00  8.3914633956e-14
-8.7990750589e+00  1.2900444032e+05  2.0334505741e+00  2  1.6800000000e+01  8.4936056461e-14
 5.7734757524e-02  1.2935347567e+05 -3.9607695475e-01  0  8.7600000000e+00  8.5165860073e-14
 3.0392527897e+01  1.2951137685e+05  4.0603891892e+01  1  1.2100000000e+01  8.5269821634e-14
-5.4645816894e+00  1.3033034865e+05 -4.0575056524e+01  2  1.6800000000e+01  8.5809029705e-14
 1.7269321609e-03  1.3302253267e+05  4.5488281592e-03  3  3.2200000000e+01  8.7581553918e-14
 4.2521192261e+00  1.3464439310e+05  2.4360597949e+01  0  8.7600000000e+00  8.8649380954e-14
-1.2583157294e+00  1.3573564200e+05  1.0800342890e+00  2  1.6800000000e+01  8.9367855278e-14
 1.1811354068e+02  1.3718479750e+05  2.2440417389e+02  0  8.7600000000e+00  9.0321974011e-14
 1.2022900220e+01  1.3764344491e+05  4.6144292918e+00  0  8.7600000000e+00  9.0623945804e-14
 6.5013422752e+01  1.3907847421e+05  5.0057239551e+01  2  1.6800000000e+01  9.1568763902e-14
 2.1548724953e-03  1.3936904742e+05 -3.0579717029e-03  3  3.2200000000e+01  9.1760076250e-14
 9.5269269593e+00  1.4017526781e+05 -9.6316810159e+01  0  8.7600000000e+00  9.2290888834e-14
 3.2029880457e+01  1.4089673840e+05 -2.2659366378e+01  2  1.6800000000e+01  9.2765902463e-14
-1.8090291388e+00  1.4150127852e+05 -5.3724826145e+00  0  8.7600000000e+00  9.3163929489e-14
 6.2422621311e+00  1.4200943234e+05 -2.7861374489e+00  1  1.2100000000e+01  9.3498496122e-14
-1.2145336674e+01  1.4213213849e+05 -1.3945618600e+01  2  1.6800000000e+01  9.3579285408e-14
 5.7076426052e+00  1.4327640648e+05  4.0672919192e+02  0  8.7600000000e+00  9.4332667311e-14
-4.4910772626e+00  1.4367965660e+05  1.1497214187e+00  2  1.6800000000e+01  9.4598165731e-14
-5.8728159686e-01  1.4505824316e+05 -4.6375708505e-01  2  1.6800000000e+01  9.5505822127e-14
 2.5371799285e+00  1.4639557493e+05 -3.2990476589e+00  1  1.2100000000e+01  9.6386316526e-14
 1.5399695539e+02  1.4683015584e+05 -5.1625311063e+01  1  1.2100000000e+01  9.6672443019e-14
 4.6695890975e-03  1.4761876011e+05  1.7839609723e-03  0  8.7600000000e+00  9.7191657221e-14
 3.0320622251e-03  1.4774805911e+05 -1.3018343837e-04  3  3.2200000000e+01  9.7276787210e-14
 1.5080855447e+01  1.4864919273e+05  1.0138370424e+01  0  8.7600000000e+00  9.7870090322e-14
 1.6620283695e+00  1.4985604312e+05 -2.7442369256e+00  0  8.7600000000e+00  9.8664676251e-14
 1.8017183041e-01  1.5473512155e+05 -4.9337968640e+00  0  8.7600000000e+00  1.0187704383e-13
 2.0069513922e-03  1.5661470097e+05  8.3204813107e-04  3  3.2200000000e+01  1.0311455211e-13
 3.1825820499e+00  1.5954275438e+05 -8.1231438337e+00  0  8.7600000000e+00  1.0504237187e-13
 3.7953293952e-01  1.5994752268e+05  1.1107970791e+00  0  8.7600000000e+00  1.0530886986e-13
 2.6740752489e+01  1.6112343334e+05  8.9019181917e+00  0  8.7600000000e+00  1.0608308518e-13
 3.7893940684e+01  1.6141599368e+05  3.0732062643e+01  1  1.2100000000e+01  1.0627570585e-13
-5.5516583138e+01  1.6157346186e+05  3.6642038323e+01  3  3.2200000000e+01  1.0637938233e-13
 4.2329389738e-03  1.6212167141e+05  3.0053327782e-03  3  3.2200000000e+01  1.0674032151e-13
 2.9828172398e+01  1.6270212933e+05  1.9389530160e+01  0  8.7600000000e+00  1.0712249290e-13
 9.0099567368e-01  1.6508838287e+05  7.9037207675e-01  0  8.7600000000e+00  1.0869359359e-13
 6.2102330171e+00  1.6534394870e+05  1.4728418108e+01  2  1.6800000000e+01  1.0886185722e-13
 6.9388552690e+01  1.6643803726e+05  2.7122120257e+02  0  8.7600000000e+00  1.0958220116e-13
 2.2876307924e+01  1.6655196849e+05 -1.9316398903e+01  1  1.2100000000e+01  1.0965721307e-13
-8.9266615184e+00  1.6938121427e+05 -2.7666020497e+01  2  1.6800000000e+01  1.1151997825e-13
-2.5913268384e+01  1.7016336005e+05 -8.0203100701e+00  0  8.7600000000e+00  1.1203494020e-13
 6.2800338288e-04  1.7039783575e+05  4.8528560995e-03  0  8.7600000000e+00  1.1218931815e-13
 1.9524649190e-03  1.7111671081e+05 -4.9221055349e-03  0  8.7600000000e+00  1.1266262289e-13
 2.6103522388e+01  1.7282650436e+05 -2.1416221851e+01  0  8.7600000000e+00  1.1378834477e-13
 1.4689061403e+01  1.7384202101e+05 -3.3984002129e+01  0  8.7600000000e+00  1.1445695726e-13
 2.9670429163e+00  1.7391402323e+05  3.7349285277e+00  0  8.7600000000e+00  1.1450436326e-13
-4.0207194702e-01  1.7480950045e+05 -2.5547740543e+00  0  8.7600000000e+00  1.1509394222e-13
-9.3735072876e+00  1.7596317986e+05  1.1293375448e+02  0  8.7600000000e+00  1.1585352056e-13
-1.3704782320e+01  1.7720144038e+05 -5.1216056278e+00  1  1.2100000000e+01  1.1666878681e-13
-1.1606979050e+01  1.7720833228e+05 -4.3775115482e+00  2  1.6800000000e+01  1.1667332441e-13
-2.0433378835e+01  1.7852132242e+05  8.4105473435e+01  0  8.7600000000e+00  1.1753779237e-13
-5.1723466228e-01  1.7946416048e+05  2.5830253663e+00  2  1.6800000000e+01  1.1815855353e-13
 1.7520016486e+01  1.7991915949e+05  1.4040227428e+01  2  1.6800000000e+01  1.1845812323e-13
 5.0196171039e+01  1.8811847584e+05  8.5390645001e+01  0  8.7600000000e+00  1.2385652343e-13
 5.6487866615e+00  1.9141384702e+05  3.2736125492e+00  1  1.2100000000e+01  1.2602618389e-13
-4.8392945006e+01  1.9148633093e+05  1.1661109677e+01  1  1.2100000000e+01  1.2607390703e-13
 7.6368758798e+00  1.9249129317e+05  1.2637869942e+01  1  1.2100000000e+01  1.2673557053e-13
 1.5597460527e+01  1.9250804833e+05 -3.9731843651e+00  3  3.2200000000e+01  1.2674660206e-13
 4.1722749822e-03  1.9435244364e+05  3.4256253524e-03  2  1.6800000000e+01  1.2796094526e-13
 2.8086287626e+00  1.9443757727e+05  5.4791681007e+00  1  1.2100000000e+01  1.2801699694e-13
 4.4852975707e-03  1.9741158702e+05  4.3962706995e-03  0  8.7600000000e+00  1.2997507419e-13
-1.0358165314e+01  1.9841387851e+05 -1.7432013079e+01  0  8.7600000000e+00  1.3063497928e-13
-5.5929136122e+00  1.9947443864e+05 -2.6866927755e+01  0  8.7600000000e+00  1.3133324823e-13
 7.7325129532e+01  1.9994539212e+05 -3.6770448452e+00  1  1.2100000000e+01  1.3164332229e-13
-1.8783532022e-03  2.0049131730e+05  5.1773073874e-04  3  3.2200000000e+01  1.3200275745e-13
 1.5005260550e-03  2.0061870521e+05 -6.5859369266e-04  2  1.6800000000e+01  1.3208662919e-13
-1.4969209872e+00  2.0246100593e+05 -5.4076503604e+01  0  8.7600000000e+00  1.3329959332e-13
-2.0999361225e+02  2.0366046338e+05  1.9864506351e+02  0  8.7600000000e+00  1.3408931176e-13
 2.2423855983e+00  2.0467537958e+05  1.1971316079e+01  2  1.6800000000e+01  1.3475752891e-13
-4.4875671175e+00  2.0468903926e+05 -1.9626613025e+00  0  8.7600000000e+00  1.3476652239e-13
 1.0158075001e-03  2.0749188960e+05  2.6766544570e-03  0  8.7600000000e+00  1.3661190891e-13
-5.1298490108e+00  2.0759856912e+05  8.0298347827e+00  0  8.7600000000e+00  1.3668214632e-13
-3.4685418049e-03  2.0866074600e+05  4.2178847218e-03  3  3.2200000000e+01  1.3738147973e-13
 3.3294423407e+00  2.0949849361e+05  4.4449446484e+00  0  8.7600000000e+00  1.3793304972e-13
-5.0803197310e+01  2.0969606872e+05 -7.2189574175e+01  3  3.2200000000e+01  1.3806313246e-13
-1.1480681138e-05  2.1256557839e+05 -2.9558078842e-03  0  8.7600000000e+00  1.3995240724e-13
 1.5860966944e-01  2.1306189449e+05  1.0004530486e+01  0  8.7600000000e+00  1.4027917996e-13
-2.7151474789e+02  2.1686217019e+05  2.2641505247e+02  0  8.7600000000e+00  1.4278126773e-13
 7.0475166204e+01  2.1694845856e+05 -4.6624526745e-01  0  8.7600000000e+00  1.4283807968e-13
-1.8907559257e+00  2.1706529814e+05  3.8664231213e+00  0  8.7600000000e+00  1.4291500643e-13
-2.6242956801e+01  2.1785665769e+05  1.8413215603e+02  0  8.7600000000e+00  1.4343603470e-13
-1.8301617936e+01  2.2185705489e+05 -1.6489376161e+00  1  1.2100000000e+01  1.4606988173e-13
 4.1036251991e+01  2.2301660620e+05  8.3094973697e-01  2  1.6800000000e+01  1.4683332611e-13
 1.8921280034e+01  2.2364691701e+05 -2.8598838673e+00  1  1.2100000000e+01  1.4724832047e-13
 1.1011844174e+02  2.2495099546e+05  3.2074436653e+01  0  8.7600000000e+00  1.4810692100e-13
-1.3345890866e+00  2.2591614021e+05  2.2555822207e+01  1  1.2100000000e+01  1.4874236881e-13
-6.6573555150e+00  2.2625370205e+05  6.8596880894e-01  0  8.7600000000e+00  1.4896461830e-13
-1.5170098139e+01  2.2865437071e+05 -1.8998528635e+01  3  3.2200000000e+01  1.5054520986e-13
-4.9925932020e-01  2.2954513142e+05 -3.2597062650e+00  2  1.6800000000e+01  1.5113168348e-13
 9.1549500572e-02  2.2975011181e+05 -1.1853872575e+00  0  8.7600000000e+00  1.5126664183e-13
 1.7368901971e-03  2.3062122185e+05  1.9135433887e-03  3  3.2200000000e+01  1.5184017753e-13
 5.7825588929e-01  2.3164018857e+05 -7.6178733692e-01  0  8.7600000000e+00  1.5251106153e-13
 9.2373342529e-04  2.3267011022e+05 -4.8123211320e-03  3  3.2200000000e+01  1.5318915821e-13
 1.9565352952e+00  2.3415437279e+05 -3.4012540013e+00  0  8.7600000000e+00  1.5416639131e-13
 1.1925474146e+01  2.3459804340e+05 -7.4289251039e+01  1  1.2100000000e+01  1.5445850244e-13
 4.7762365486e+00  2.3469998345e+05  6.6699575504e+00  1  1.2100000000e+01  1.5452561940e-13
 9.0309664826e+01  2.3596934948e+05 -9.8850622616e+00  0  8.7600000000e+00  1.5536136540e-13
-5.3495512321e-01  2.3702741727e+05  2.3237251039e+00  3  3.2200000000e+01  1.5605799340e-13
 2.0542386726e-01  2.3724246435e+05  2.4635463012e+00  0  8.7600000000e+00  1.5619957962e-13
-1.9449228661e+01  2.3818443843e+05 -2.4008509798e+01  2  1.6800000000e+01  1.5681977194e-13
 4.8529863253e+00  2.3960603270e+05 -2.5202688208e+00  0  8.7600000000e+00  1.5775574447e-13
-5.9814822854e+00  2.4149641734e+05  1.3210570592e+01  3  3.2200000000e+01  1.5900036687e-13
-9.4221976247e+01  2.4231597604e+05 -6.2382762072e+00  0  8.7600000000e+00  1.5953996135e-13
 2.0823210985e+00  2.4382672906e+05 -3.8336490696e-01  1  1.2100000000e+01  1.6053463566e-13
-4.5007105752e+01  2.4504805712e+05 -3.8342675060e+02  0  8.7600000000e+00  1.6133875364e-13
-5.7217613724e+00  2.4927692523e+05  4.3067553941e+00  1  1.2100000000e+01  1.6412302509e-13
-6.0833106393e-01  2.5005051778e+05  8.9076324694e+00  0  8.7600000000e+00  1.6463235563e-13
-6.8507402664e+00  2.5015219884e+05 -1.4990512427e+00  1  1.2100000000e+01  1.6469930207e-13
 1.2190727630e+00  2.5136219272e+05 -2.9874913387e+01  0  8.7600000000e+00  1.6549595765e-13
 1.1087234215e+00  2.5176082720e+05 -5.3479091572e+01  1  1.2100000000e+01  1.6575841716e-13
 2.4807491076e+02  2.5389055959e+05 -1.3914719584e+01  2  1.6800000000e+01  1.6716062525e-13
-1.6448736255e+00  2.5457137223e+05  5.4461352883e+00  0  8.7600000000e+00  1.6760886983e-13
-6.8126487810e-04  2.5477186706e+05 -1.8806264279e-05  2  1.6800000000e+01  1.6774087490e-13
-4.8795230080e+00  2.5719880637e+05  6.8230150244e+00  2  1.6800000000e+01  1.6933876295e-13
-2.5194017890e+00  2.5739250290e+05  9.0062429074e-01  1  1.2100000000e+01  1.6946629205e-13
-1.7402825004e+02  2.5798073455e+05  6.1888538104e+01  2  1.6800000000e+01  1.6985358164e-13
 5.2805823159e+00  2.5822082071e+05 -1.0954495221e+01  1  1.2100000000e+01  1.7001165350e-13
 8.6083236607e+00  2.5972645599e+05  2.2689421378e+00  0  8.7600000000e+00  1.7100295831e-13
 1.0724608544e+01  2.6255982448e+05  9.6953525159e+00  3  3.2200000000e+01  1.7286843787e-13
 2.1559654976e+01  2.6285300126e+05  8.3156161016e+00  1  1.2100000000e+01  1.7306146440e-13
 3.9231162653e-03  2.6368358798e+05 -4.1849291926e-03  2  1.6800000000e+01  1.7360831969e-13
-2.7237812650e-01  2.6506077044e+05 -5.8609750020e-01  3  3.2200000000e+01  1.7451505164e-13
 3.8950596698e-03  2.6673363935e+05  4.2678704482e-03  1  1.2100000000e+01  1.7561646247e-13
 1.6462474974e+02  2.6724987589e+05 -6.0688701066e+01  0  8.7600000000e+00  1.7595635074e-13
 6.2007518469e+01  2.6830896775e+05  7.4741594918e+00  2  1.6800000000e+01  1.7665365298e-13
-6.7858558385e+01  2.7014471850e+05 -1.3999944523e+02  0  8.7600000000e+00  1.7786230463e-13
 5.4325227006e+00  2.7154586974e+05 -4.1348126202e+00  0  8.7600000000e+00  1.7878481754e-13
-6.5282565913e+01  2.7172167701e+05 -3.5114368141e+01  1  1.2100000000e+01  1.7890056841e-13
 9.2530168200e+01  2.7253985475e+05  1.1679014384e+01  1  1.2100000000e+01  1.7943925366e-13
 9.8622709093e-05  2.7312352313e+05 -2.4481282744e-03  3  3.2200000000e+01  1.7982353882e-13
 1.0173228291e+01  2.7314004778e+05  1.9364701449e+01  2  1.6800000000e+01  1.7983441859e-13
 1.2761727341e+02  2.7388769506e+05 -1.0268273046e+02  0  8.7600000000e+00  1.8032666685e-13
 4.0500770770e+00  2.7503515530e+05 -2.1480974956e+01  0  8.7600000000e+00  1.8108215051e-13
-4.0057554833e+00  2.7561148392e+05  4.0850469186e+00  1  1.2100000000e+01  1.8146160319e-13
-2.2928407265e+00  2.7627832353e+05 -1.5365636998e+00  2  1.6800000000e+01  1.8190064798e-13
-4.8540173924e+01  2.7752025584e+05 -1.0094867082e+01  2  1.6800000000e+01  1.8271833171e-13
 2.6081595986e+00  2.7821760256e+05 -1.5235486937e+00  1  1.2100000000e+01  1.8317746227e-13
-5.7231271728e+00  2.7893484536e+05 -8.2984007636e+00  1  1.2100000000e+01  1.8364969233e-13
 4.3080924122e-03  2.7970355744e+05 -3.8908278751e-03  1  1.2100000000e+01  1.8415580958e-13
 1.0229068073e+00  2.8007503627e+05 -6.0871215582e+00  2  1.6800000000e+01  1.8440038990e-13
-1.4087462472e+00  2.8532246157e+05  2.3425392411e+00  1  1.2100000000e+01  1.8785527572e-13
-8.3379004513e+00  2.8566649582e+05 -4.3824411728e+00  1  1.2100000000e+01  1.8808178662e-13
-9.2605712568e+00  2.8881439001e+05  1.6086937613e+01  0  8.7600000000e+00  1.9015434876e-13
 5.6382652179e+00  2.8915163694e+05 -1.1961300040e+00  0  8.7600000000e+00  1.9037639092e-13
 1.1029790815e+01  2.8936343542e+05 -1.8673161085e+01  0  8.7600000000e+00  1.9051583827e-13
-6.9642788197e+00  2.9103760807e+05 -7.2461647049e+00  1  1.2100000000e+01  1.9161810748e-13
 1.2007219465e+00  2.9354711905e+05  4.8477884207e-01  1  1.2100000000e+01  1.9327036043e-13
-9.1573165779e+00  2.9421105850e+05 -1.6185770351e+01  0  8.7600000000e+00  1.9370749576e-13
-1.1401709234e+01  2.9676958680e+05 -3.0410203547e+01  1  1.2100000000e+01  1.9539202153e-13
 1.0493228739e+01  3.0072926104e+05 -8.5274821105e+01  1  1.2100000000e+01  1.9799905671e-13
-4.9392053491e-01  3.0172451329e+05 -7.6946343312e+00  1  1.2100000000e+01  1.9865432719e-13
-1.7429342157e+01  3.0377539911e+05  1.4559346422e+02  1  1.2100000000e+01  2.0000462299e-13
 4.2446104488e+00  3.0447252771e+05 -2.0704761244e+00  1  1.2100000000e+01  2.0046360993e-13
-3.1440962656e-03  3.0495201048e+05 -2.8259361758e-03  0  8.7600000000e+00  2.0077929966e-13
 4.4906932998e-03  3.0718931349e+05 -4.9177103629e-03  1  1.2100000000e+01  2.0225233186e-13
-2.4739688542e+00  3.0734172474e+05  4.0281420744e-01  0  8.7600000000e+00  2.0235267887e-13
 1.1173370869e+01  3.0750329286e+05  6.2994868048e+00  3  3.2200000000e+01  2.0245905474e-13
-1.9580691806e-03  3.0787733406e+05  7.3128191555e-04  2  1.6800000000e+01  2.0270532211e-13
-1.6243360358e+01  3.0872916949e+05 -4.9985459403e+00  0  8.7600000000e+00  2.0326616747e-13
 3.4359650812e+00  3.0927578963e+05  8.8289630769e+00  1  1.2100000000e+01  2.0362606019e-13
 6.7598087581e+00  3.1100505641e+05  5.5724041196e+00  2  1.6800000000e+01  2.0476460318e-13
 3.1843480907e+00  3.1133998916e+05  3.6182248291e+00  0  8.7600000000e+00  2.0498512169e-13
 1.3088490699e+01  3.1157134324e+05  7.3049221151e+01  2  1.6800000000e+01  2.0513744438e-13
 6.5515472351e-04  3.1190410797e+05  1.1854380910e-03  2  1.6800000000e+01  2.0535653547e-13
-1.6009932093e+02  3.1237411200e+05 -2.4710009360e+02  1  1.2100000000e+01  2.0566598443e-13
 1.8429068978e+00  3.1278135552e+05  3.2628249699e+00  1  1.2100000000e+01  2.0593411208e-13
 1.7975212504e+00  3.1338667764e+05  2.1348076632e+00  0  8.7600000000e+00  2.0633265398e-13
-2.3395092082e+01  3.1765289667e+05  1.2841791009e+01  1  1.2100000000e+01  2.0914151714e-13
 1.1365217156e+01  3.1897894849e+05  5.2950979635e+00  0  8.7600000000e+00  2.1001458486e-13
 1.6531244158e+01  3.2005726278e+05 -2.0074705048e-02  0  8.7600000000e+00  2.1072454308e-13
-7.9151180880e+00  3.2287203930e+05  1.6953146536e+01  0  8.7600000000e+00  2.1257778175e-13
 1.3576650767e+01  3.2304914628e+05  1.1669382995e+01  3  3.2200000000e+01  2.1269438835e-13
 3.6579958017e-03  3.2337022210e+05 -6.4560400818e-05  2  1.6800000000e+01  2.1290578350e-13
-2.2593429325e+01  3.2421719385e+05 -3.0734518705e+01  0  8.7600000000e+00  2.1346342664e-13
 1.0394703447e+02  3.2644013285e+05 -9.2823000273e+01  1  1.2100000000e+01  2.1492700163e-13
-9.8653628989e+01  3.2663780233e+05 -1.6354408871e+01  1  1.2100000000e+01  2.1505714649e-13
 1.8917703293e+01  3.2754334718e+05  2.5219119211e+01  0  8.7600000000e+00  2.1565335395e-13
-9.9581963393e+01  3.2787549189e+05  6.3898038325e+01  0  8.7600000000e+00  2.1587203682e-13
-5.3702722111e+02  3.2941379059e+05 -1.8974012875e+01  1  1.2100000000e+01  2.1688484712e-13
 1.3105379629e+00  3.3276722182e+05  6.9878710473e-02  0  8.7600000000e+00  2.1909273410e-13
 1.9091313383e+00  3.3288176453e+05  2.2202911375e+01  0  8.7600000000e+00  2.1916814861e-13
 4.8420275080e+01  3.3853412862e+05  1.4973851067e+01  0  8.7600000000e+00  2.2288964466e-13
-3.2440764509e+02  3.3914261154e+05 -1.0320010957e+03  0  8.7600000000e+00  2.2329026761e-13
-3.6500494530e+01  3.3985907792e+05 -5.3181994659e+01  0  8.7600000000e+00  2.2376198648e-13
-1.6384114476e+00  3.4043815222e+05 -3.8499353862e-01  1  1.2100000000e+01  2.2414324690e-13
 2.1760532583e+01  3.4190233880e+05 -4.6619360230e+01  0  8.7600000000e+00  2.2510726205e-13
-6.2609583323e-01  3.4330133183e+05 -3.4245681280e+00  0  8.7600000000e+00  2.2602835399e-13
 9.7003710888e+00  3.4350788155e+05  3.5978678068e+00  0  8.7600000000e+00  2.2616434558e-13
 1.3432160827e-01  3.4447352578e+05  3.5532054377e+00  0  8.7600000000e+00  2.2680012224e-13
 5.4546779893e+01  3.4476165161e+05 -1.1309456275e+01  0  8.7600000000e+00  2.2698982325e-13
-7.3735722747e-01  3.4478213396e+05 -3.9362490800e-01  3  3.2200000000e+01  2.2700330875e-13
 3.0401732390e+01  3.4509030867e+05 -6.5848306720e+01  2  1.6800000000e+01  2.2720620987e-13
 1.1418903303e+00  3.4652979964e+05 -2.8469603612e-01  0  8.7600000000e+00  2.2815396551e-13
-3.7900848499e+02  3.4721784174e+05  1.9603489252e+02  0  8.7600000000e+00  2.2860696993e-13
-6.7234842041e+00  3.4744004767e+05  7.3062712119e+00  1  1.2100000000e+01  2.2875326952e-13
-2.7784505717e+00  3.5141750463e+05 -3.6158988303e+00  0  8.7600000000e+00  2.3137201278e-13
-6.4319178655e+00  3.5211426989e+05  1.7369407606e+00  1  1.2100000000e+01  2.3183076050e-13
-7.0384602378e+01  3.5313205852e+05  1.3393363040e+01  0  8.7600000000e+00  2.3250086885e-13
-3.8715512697e+01  3.5386706720e+05 -2.5223440265e+01  1  1.2100000000e+01  2.3298479591e-13
-5.2986280770e+00  3.5595590212e+05  4.2465415286e+00  0  8.7600000000e+00  2.3436007726e-13
-1.0137963109e+00  3.5630518379e+05  1.7005778646e+01  0  8.7600000000e+00  2.3459004304e-13
 4.9333434552e-03  3.5662318688e+05  4.7034509479e-03  4  4.0000000000e+01  2.3479941512e-13
 9.0008071433e-04  3.5896582147e+05 -2.3434342851e-03  3  3.2200000000e+01  2.3634179726e-13
 3.5175513657e+01  3.5901788844e+05  4.1605634282e+01  1  1.2100000000e+01  2.3637607796e-13
-7.9466534047e+00  3.6320674968e+05 -2.8351090572e+01  0  8.7600000000e+00  2.3913400904e-13
 1.9598891154e+01  3.6396344016e+05  3.6707417063e+00  0  8.7600000000e+00  2.3963221131e-13
-2.2237677584e+00  3.6502091787e+05  1.3553960761e+01  0  8.7600000000e+00  2.4032845081e-13
-7.7230525566e-01  3.6586688309e+05 -2.7457754042e+00  1  1.2100000000e+01  2.4088543124e-13
 3.8999708830e-03  3.6588559760e+05 -3.1893695650e-03  2  1.6800000000e+01  2.4089775281e-13
-5.1161902815e+00  3.6692154038e+05  4.3485202492e-01  0  8.7600000000e+00  2.4157981378e-13
-2.4069124168e+01  3.6954559905e+05 -9.5632064684e+00  0  8.7600000000e+00  2.4330748451e-13
 6.1637421845e+00  3.7109142196e+05 -5.7728939855e+01  0  8.7600000000e+00  2.4432524872e-13
 1.5624131168e+01  3.7342091054e+05 -1.8911411177e+01  1  1.2100000000e+01  2.4585897557e-13
 3.6728264720e+01  3.7647238850e+05  3.4596736166e+01  1  1.2100000000e+01  2.4786805761e-13
 1.6184758812e+01  3.7692468416e+05  6.3015759630e-01  2  1.6800000000e+01  2.4816584744e-13
-4.1778511322e+00  3.7737525172e+05 -1.6169720246e+01  1  1.2100000000e+01  2.4846249948e-13
-8.7595855762e+00  3.7868022209e+05 -9.7238429149e+00  0  8.7600000000e+00  2.4932168725e-13
 8.1313541919e+01  3.7889721164e+05  5.6006561018e+01  0  8.7600000000e+00  2.4946455239e-13
-3.7342783523e-03  3.8127510547e+05 -2.0162678077e-03  2  1.6800000000e+01  2.5103014908e-13
 2.5869560510e-03  3.8141613747e+05 -1.0296510793e-03  3  3.2200000000e+01  2.5112300403e-13
 4.6543095213e-03  3.8151562174e+05  4.9801239557e-03  2  1.6800000000e+01  2.5118850412e-13
 9.4332424269e-04  3.8202473623e+05  4.4505469266e-03  2  1.6800000000e+01  2.5152370325e-13
-1.7937368901e+01  3.8272840665e+05 -3.4693708146e+01  1  1.2100000000e+01  2.5198699731e-13
 3.7904941620e+00  3.8320163814e+05 -3.8780945182e+00  0  8.7600000000e+00  2.5229857121e-13
-1.9404955998e+02  3.8490180316e+05  3.8560037559e+02  0  8.7600000000e+00  2.5341795371e-13
 2.2315445584e+01  3.8498785299e+05 -8.3353253263e+00  0  8.7600000000e+00  2.5347460860e-13
 1.7992386215e+01  3.8587495836e+05 -3.9171433629e+01  0  8.7600000000e+00  2.5405867557e-13
-2.9263696872e-01  3.8671312740e+05  1.4935067324e+00  0  8.7600000000e+00  2.5461052303e-13
 3.7537227042e+01  3.8691526553e+05 -2.9158445262e+01  2  1.6800000000e+01  2.5474361004e-13
-5.1179949362e+01  3.8808957905e+05  7.7943674274e+01  1  1.2100000000e+01  2.5551677381e-13
 6.7680817246e+00  3.9203080159e+05  5.2927426651e+01  3  3.2200000000e+01  2.5811166046e-13
-7.6759477390e+01  3.9343957573e+05 -2.8973235926e+01  0  8.7600000000e+00  2.5903919225e-13
-2.3710236853e+00  3.9361843583e+05 -3.4391306295e-02  2  1.6800000000e+01  2.5915695310e-13
-1.1637845951e+01  3.9404308419e+05 -6.9906389254e+00  0  8.7600000000e+00  2.5943654004e-13
-3.3553171235e+00  3.9405428509e+05  7.0539175896e+00  0  8.7600000000e+00  2.5944391467e-13
-1.6078989428e+00  3.9521238803e+05  4.8483505077e-01  0  8.7600000000e+00  2.6020640546e-13
-7.0047414270e+01  3.9571604714e+05 -7.1265057534e+01  1  1.2100000000e+01  2.6053801279e-13
 1.1864651394e+01  3.9603048763e+05 -9.6984224135e+00  0  8.7600000000e+00  2.6074503927e-13
-4.7958502052e+00  3.9792540467e+05  8.6428779222e+00  2  1.6800000000e+01  2.6199264579e-13
 3.4219474315e-04  3.9840408131e+05  1.2670480908e-03  2  1.6800000000e+01  2.6230780476e-13
-2.5533464122e+00  4.0017212647e+05  8.1466389857e+00  0  8.7600000000e+00  2.6347187929e-13
 4.0828617828e+00  4.0131854209e+05 -1.1575508276e+00  3  3.2200000000e+01  2.6422667518e-13
 2.9351242970e+01  4.0215252946e+05  5.0879078729e+01  2  1.6800000000e+01  2.6477576944e-13
 1.3957020069e+01  4.0380533573e+05  1.0146860584e+01  0  8.7600000000e+00  2.6586397111e-13
-1.3363287530e+00  4.0414940311e+05 -1.0468918427e+01  0  8.7600000000e+00  2.6609050383e-13
-2.4119405922e+00  4.0433359694e+05  3.0784165054e+00  0  8.7600000000e+00  2.6621177638e-13
 2.9426393959e+00  4.0533301158e+05 -3.1229434725e+00  3  3.2200000000e+01  2.6686978736e-13
-1.4475446119e+01  4.0653949408e+05  6.2910002334e+00  1  1.2100000000e+01  2.6766413107e-13
-4.7227375767e-03  4.0672590187e+05  4.9495486822e-03  3  3.2200000000e+01  2.6778686128e-13
-2.3435735914e+02  4.0950235820e+05 -1.5960151619e+02  0  8.7600000000e+00  2.6961487008e-13
 4.6713250293e-01  4.1150259157e+05  1.8663020318e+00  0  8.7600000000e+00  2.7093181649e-13
 9.7308394846e-01  4.1184178925e+05  3.8344802726e+00  0  8.7600000000e+00  2.7115514301e-13
 1.8914611269e+02  4.1802287216e+05  1.7832278405e+02  2  1.6800000000e+01  2.7522474562e-13
 5.6076936640e+00  4.1851446883e+05  1.7584229134e+01  0  8.7600000000e+00  2.7554841109e-13
 1.8761860793e+01  4.1860758392e+05 -8.0421676739e+01  0  8.7600000000e+00  2.7560971773e-13
-2.9352986943e-03  4.1909864739e+05 -3.5651545546e-03  4  4.0000000000e+01  2.7593303214e-13
-2.8077488955e+00  4.2270857517e+05 -1.8053156727e+00  1  1.2100000000e+01  2.7830979552e-13
 6.9916203420e+01  4.2333581831e+05 -2.0926458036e+01  0  8.7600000000e+00  2.7872277013e-13
-1.1609143333e+00  4.2420335259e+05 -5.9481933749e-02  0  8.7600000000e+00  2.7929395156e-13
-1.7599185948e+02  4.2440270755e+05 -1.3656193404e+02  2  1.6800000000e+01  2.7942520615e-13
 4.4740108095e-04  4.2559596432e+05 -5.3003239703e-04  1  1.2100000000e+01  2.8021084209e-13
-8.1595518572e+00  4.2691428043e+05  3.9566274221e+01  1  1.2100000000e+01  2.8107881664e-13
 7.2461780374e+00  4.2780706030e+05 -1.1415943768e+01  2  1.6800000000e+01  2.8166661967e-13
-1.3110567356e+02  4.2944359811e+05  8.6316636177e+01  0  8.7600000000e+00  2.8274411024e-13
 9.3755673963e+00  4.2997156316e+05 -9.3326678175e+01  2  1.6800000000e+01  2.8309172052e-13
 6.2233070294e-01  4.3294202733e+05 -3.8342754222e-01  0  8.7600000000e+00  2.8504746338e-13
 1.7455031335e-03  4.3295222903e+05 -3.3288350973e-03  0  8.7600000000e+00  2.8505418014e-13
 2.1085399334e+01  4.3370840344e+05  1.2742336828e+00  0  8.7600000000e+00  2.8555204263e-13
-4.9317438991e+00  4.3720870473e+05 -1.8666099615e+01  3  3.2200000000e+01  2.8785662833e-13
 2.2685197682e-03  4.3726656093e+05 -2.9882566901e-03  0  8.7600000000e+00  2.8789472064e-13
-1.2798191164e+01  4.3861539879e+05  2.4068578139e+00  1  1.2100000000e+01  2.8878279060e-13
-3.8288199504e+01  4.3868228093e+05  4.0383259273e+00  1  1.2100000000e+01  2.8882682556e-13
 2.2184118806e+00  4.4070837932e+05 -7.6572742816e+00  1  1.2100000000e+01  2.9016080141e-13
-3.6301902908e-03  4.4112978358e+05 -2.6082175447e-03  3  3.2200000000e+01  2.9043825245e-13
 3.6877267103e-03  4.4158861147e+05 -3.7717978720e-04  0  8.7600000000e+00  2.9074034307e-13
 1.5928017563e+01  4.4243409588e+05 -5.0488937726e+00  0  8.7600000000e+00  2.9129700694e-13
 7.3931645869e-04  4.4268716772e+05 -4.3082787559e-03  3  3.2200000000e+01  2.9146362852e-13
 4.8123252542e+01  4.4283211811e+05  3.8278893071e+00  1  1.2100000000e+01  2.9155906334e-13
 7.5894968852e-04  4.4308376725e+05 -4.3325849852e-03  2  1.6800000000e+01  2.9172474822e-13
 1.4993764950e+01  4.4341787599e+05 -6.3006707535e+01  0  8.7600000000e+00  2.9194472421e-13
-1.4190487702e+01  4.4692108870e+05  1.2051542892e+01  1  1.2100000000e+01  2.9425122677e-13
-2.2835734564e+01  4.4766701838e+05  1.8874649941e+01  0  8.7600000000e+00  2.9474234417e-13
 1.4854025224e+00  4.4804741164e+05 -4.2719328170e+00  0  8.7600000000e+00  2.9499279372e-13
-1.2909496368e+01  4.4890436514e+05  2.0307589499e+01  1  1.2100000000e+01  2.9555700880e-13
 5.5679967305e+00  4.5629628830e+05  1.2753702647e+01  0  8.7600000000e+00  3.0042382424e-13
-2.4887198094e+00  4.5878452009e+05  9.6110191923e-01  2  1.6800000000e+01  3.0206206705e-13
 2.2441533894e-03  4.5881701904e+05 -2.5139851065e-03  0  8.7600000000e+00  3.0208346424e-13
 3.7209788774e+01  4.5917821353e+05  6.4218882393e+01  1  1.2100000000e+01  3.0232127339e-13
 8.7155915558e+01  4.6024883402e+05 -7.2452214547e+01  0  8.7600000000e+00  3.0302616604e-13
 4.6497941836e+00  4.6109710968e+05  1.7936963154e+00  3  3.2200000000e+01  3.0358466766e-13
 1.1854838049e+01  4.6209512937e+05  1.1344304566e+01  2  1.6800000000e+01  3.0424176021e-13
-2.5476848649e-03  4.6224735737e+05  1.0604762687e-03  3  3.2200000000e+01  3.0434198657e-13
 1.5419258579e+01  4.6246790817e+05  1.4311491288e+01  0  8.7600000000e+00  3.0448719642e-13
-3.8982627566e+02  4.6290578693e+05  1.7281593582e+02  0  8.7600000000e+00  3.0477549421e-13
 3.4246475335e-03  4.6623604148e+05 -1.9489039187e-03  1  1.2100000000e+01  3.0696812175e-13
-1.2504626856e+02  4.6685469621e+05 -5.2339908212e+02  0  8.7600000000e+00  3.0737544179e-13
 2.3617672533e-01  4.7058225145e+05  5.5625524370e-01  0  8.7600000000e+00  3.0982965066e-13
 4.7718382719e-03  4.7071315354e+05  2.8583555728e-04  2  1.6800000000e+01  3.0991583613e-13
-2.6985775026e+01  4.7082149814e+05  1.3783740200e+02  1  1.2100000000e+01  3.0998716982e-13
-2.6352235229e+01  4.7093277610e+05  9.7041653181e+00  0  8.7600000000e+00  3.1006043482e-13
-1.6391403864e+00  4.7101512764e+05 -1.0052108248e-01  1  1.2100000000e+01  3.1011465478e-13
 4.0382112838e-03  4.7200813099e+05  2.1704611146e-04  1  1.2100000000e+01  3.1076844459e-13
-7.8914425889e+01  4.7483520951e+05  1.7268600985e+02  3  3.2200000000e+01  3.1262978285e-13
 4.0869395297e+00  4.7593081125e+05 -2.1323783453e+00  0  8.7600000000e+00  3.1335112307e-13
-2.9603535291e+02  4.7708294525e+05 -6.3999733455e+00  1  1.2100000000e+01  3.1410968393e-13
 3.0757931576e+00  4.7802898886e+05 -5.0091619031e+00  0  8.7600000000e+00  3.1473255561e-13
 2.2437736779e+02  4.7883587385e+05  3.1937216615e+02  0  8.7600000000e+00  3.1526380577e-13
-1.3307922325e+01  4.8060468285e+05  5.8031634233e+00  0  8.7600000000e+00  3.1642838321e-13
 4.5615567387e-01  4.8112783752e+05  2.6141345308e+00  0  8.7600000000e+00  3.1677282635e-13
-5.7354191278e+00  4.8136133549e+05  8.5356810592e+00  1  1.2100000000e+01  3.1692656057e-13
-2.7949687286e+01  4.8250108658e+05  8.7036196671e+00  1  1.2100000000e+01  3.1767696856e-13
-1.4985452109e+00  4.8328345760e+05  1.6559600717e+00  0  8.7600000000e+00  3.1819207881e-13
-2.1060047332e-03  4.8493295048e+05  4.3784495114e-03  3  3.2200000000e+01  3.1927809895e-13
 3.2623011518e+00  4.8505877508e+05  1.0650218934e+01  0  8.7600000000e+00  3.1936094141e-13
-3.6074858496e+02  4.8824738262e+05  2.4165086516e+02  0  8.7600000000e+00  3.2146030907e-13
-1.1834180236e+00  4.8903552361e+05 -3.3745643385e+00  2  1.6800000000e+01  3.2197921825e-13
-7.7675183546e+01  4.8948250458e+05 -3.3229125064e+02  1  1.2100000000e+01  3.2227350890e-13
 5.5695095785e+01  4.8957887933e+05 -2.1815709792e+01  0  8.7600000000e+00  3.2233696168e-13
-8.5408102265e+01  4.9038575703e+05 -2.4096247314e+01  0  8.7600000000e+00  3.2286820704e-13
-4.2126806693e+01  4.9267767972e+05  6.6434633610e+01  0  8.7600000000e+00  3.2437720064e-13
-2.9298653005e+01  4.9281530620e+05  1.8546222734e+02  2  1.6800000000e+01  3.2446781342e-13
-3.2352202000e+01  4.9728595481e+05  4.6561165354e+01  1  1.2100000000e+01  3.2741127228e-13
 2.2526455449e+00  4.9913671882e+05 -1.7950343557e+00  0  8.7600000000e+00  3.2862980860e-13
 9.6723711097e-01  4.9924745823e+05 -5.8326749582e+00  1  1.2100000000e+01  3.2870271903e-13
-1.3990614826e-03  5.0037413882e+05 -4.0263378150e-03  3  3.2200000000e+01  3.2944452145e-13
 3.3558804605e+00  5.0085107207e+05  2.7004555407e+00  0  8.7600000000e+00  3.2975853257e-13
-6.5965662508e-04  5.0217028505e+05  3.1511022375e-03  1  1.2100000000e+01  3.3062709763e-13
 9.8513987382e+00  5.0321438564e+05  2.3790031642e+01  2  1.6800000000e+01  3.3131452967e-13
-1.4277030470e+00  5.0409227072e+05  4.4914302268e+01  0  8.7600000000e+00  3.3189252603e-13
 2.4969662942e+00  5.0779361798e+05  1.1337170738e+01  0  8.7600000000e+00  3.3432947967e-13
-1.7294024736e+01  5.0845682773e+05  8.2644615312e+00  1  1.2100000000e+01  3.3476613457e-13
 2.3464341537e+00  5.1082719863e+05  3.3185326869e+00  0  8.7600000000e+00  3.3632677819e-13
 9.0212204437e-01  5.1294082149e+05  4.4733332693e+00  2  1.6800000000e+01  3.3771837982e-13
 6.7263966199e-01  5.1366272253e+05 -6.4386651544e-01  0  8.7600000000e+00  3.3819367685e-13
 2.8583206328e+01  5.1406201227e+05 -4.0364301461e+01  0  8.7600000000e+00  3.3845656777e-13
-6.2899396369e+00  5.1427352511e+05  5.7982646049e+02  0  8.7600000000e+00  3.3859582706e-13
 5.7530522140e-04  5.1437606771e+05 -8.4514385361e-04  0  8.7600000000e+00  3.3866334074e-13
 8.4231539512e+01  5.1501618906e+05 -4.5452759771e+00  0  8.7600000000e+00  3.3908479431e-13
 5.5401501446e+01  5.1507500515e+05 -3.6920269975e+01  2  1.6800000000e+01  3.3912351862e-13
 3.6959943734e+00  5.1536152906e+05 -6.3446918194e+00  2  1.6800000000e+01  3.3931216492e-13
-4.3327477012e-03  5.1869476797e+05 -4.9061482097e-04  2  1.6800000000e+01  3.4150675735e-13
-7.7033999483e+01  5.1885000062e+05  5.6575997932e+01  2  1.6800000000e+01  3.4160896197e-13
 1.8972468663e+00  5.2060213311e+05  4.2007171499e+00  0  8.7600000000e+00  3.4276255965e-13
 2.3879319986e+01  5.2067857500e+05 -4.9334930950e+00  1  1.2100000000e+01  3.4281288872e-13
-2.0292738220e+00  5.2400267860e+05  9.9813807160e-01  0  8.7600000000e+00  3.4500146650e-13
-2.3260784157e+00  5.2551456458e+05 -5.9267970073e-02  0  8.7600000000e+00  3.4599688675e-13
-3.5447307549e+01  5.2578872273e+05 -2.6152767057e+01  1  1.2100000000e+01  3.4617739149e-13
 4.2367040269e-03  5.2974044958e+05 -3.7154194753e-03  2  1.6800000000e+01  3.4877919413e-13
 5.8714206094e-01  5.3018228453e+05 -3.9101362352e+00  2  1.6800000000e+01  3.4907009667e-13
-1.5584897080e+00  5.3158160822e+05  3.5300543772e+00  2  1.6800000000e+01  3.4999140632e-13
-2.9583060946e+01  5.3212775878e+05  8.5057843779e+00  0  8.7600000000e+00  3.5035098987e-13
 5.1905426311e+01  5.3258434553e+05  2.1896838352e+01  0  8.7600000000e+00  3.5065160493e-13
 1.6609336122e+01  5.3306650617e+05 -9.9891043627e+01  0  8.7600000000e+00  3.5096905775e-13
-2.2182499389e+01  5.3614245871e+05 -4.6389592384e+00  0  8.7600000000e+00  3.5299425377e-13
 4.9448782578e-03  5.3847490613e+05 -1.4311214008e-03  2  1.6800000000e+01  3.5452992871e-13
-2.1894631044e+02  5.3863446292e+05 -5.0698964330e+02  0  8.7600000000e+00  3.5463498032e-13
 1.9490531375e+01  5.3899345502e+05  2.6729791401e+00  2  1.6800000000e+01  3.5487133942e-13
 1.6909808201e+00  5.3908642874e+05  3.1730739746e+00  0  8.7600000000e+00  3.5493255298e-13
 4.5646250897e+00  5.3936648219e+05  6.4439432913e+00  0  8.7600000000e+00  3.5511693916e-13
 1.0413762666e+00  5.4012268492e+05  7.2664201410e+00  0  8.7600000000e+00  3.5561482029e-13
-1.0133680114e+02  5.4048934874e+05  8.5492412516e+00  1  1.2100000000e+01  3.5585623043e-13
-2.3875433818e+00  5.4052309980e+05  9.9004887954e-01  1  1.2100000000e+01  3.5587845200e-13
-2.5856672750e+00  5.4267623609e+05 -1.7873668761e+00  0  8.7600000000e+00  3.5729606914e-13
-7.9964675288e+00  5.4487237756e+05  1.5746613816e+01  1  1.2100000000e+01  3.5874200074e-13
 6.7173798907e+01  5.4560105895e+05  1.7074529798e+01  1  1.2100000000e+01  3.5922176192e-13
-1.3709578163e+01  5.4757844807e+05 -2.5215032293e+00  1  1.2100000000e+01  3.6052366776e-13
-1.5972292176e+00  5.4870709003e+05  2.4116878790e+01  0  8.7600000000e+00  3.6126676154e-13
 1.6688169917e+01  5.4886850424e+05  1.2771331695e+01  0  8.7600000000e+00  3.6137303607e-13
-4.5333339516e+01  5.4976961597e+05 -4.2969478210e+00  1  1.2100000000e+01  3.6196632477e-13
 9.8074976614e+01  5.5102687038e+05  5.3907909825e+01  1  1.2100000000e+01  3.6279409652e-13
-2.8573825433e-03  5.5148116155e+05 -4.0284055560e-03  1  1.2100000000e+01  3.6309320018e-13
-1.5136090560e+02  5.5181899630e+05 -4.3106975883e+01  2  1.6800000000e+01  3.6331562936e-13
-8.5169854570e+01  5.5276417038e+05  5.7775678957e+01  2  1.6800000000e+01  3.6393792856e-13
 6.9119800221e+01  5.5306411872e+05  6.4212864108e+00  1  1.2100000000e+01  3.6413541346e-13
 2.6306797888e+00  5.5370154856e+05  1.4725257976e+00  1  1.2100000000e+01  3.6455509496e-13
-5.0845475476e+00  5.5550248561e+05  2.7466304267e+00  0  8.7600000000e+00  3.6574082539e-13
 6.2148266937e+01  5.5608776791e+05  9.2433294744e+01  1  1.2100000000e+01  3.6612617313e-13
-2.5422107704e-01  5.5608979814e+05 -1.7062052961e+01  0  8.7600000000e+00  3.6612750983e-13
 4.5878202606e-03  5.5699166354e+05 -2.5048802036e-03  3  3.2200000000e+01  3.6672129475e-13
-5.0711682807e+01  5.5749896964e+05  1.6184898747e+02  0  8.7600000000e+00  3.6705530325e-13
 8.2051715646e+00  5.6082067600e+05 -3.4293489922e+00  0  8.7600000000e+00  3.6924230269e-13
 5.6149655040e+00  5.6508717848e+05  1.0297636469e+01  0  8.7600000000e+00  3.7205135248e-13
 4.7841750806e-04  5.6522006145e+05  7.6305798523e-04  3  3.2200000000e+01  3.7213884214e-13
-1.6441377900e+01  5.6537859387e+05 -6.6331701835e+01  0  8.7600000000e+00  3.7224321931e-13
-1.0977086610e+01  5.6623414026e+05 -3.8938482198e+00  1  1.2100000000e+01  3.7280650796e-13
-5.2993962352e-01  5.6630824913e+05  1.1967584467e-01  1  1.2100000000e+01  3.7285530097e-13
 3.6634706455e+00  5.6700103208e+05 -1.5824210776e+01  0  8.7600000000e+00  3.7331142676e-13
-5.1901673162e+01  5.6752112759e+05 -7.6621028025e+01  0  8.7600000000e+00  3.7365385576e-13
 1.4555061766e+00  5.6806600628e+05 -2.7847104750e+00  2  1.6800000000e+01  3.7401260191e-13
-1.4807458750e+00  5.6856812762e+05 -3.5865839561e+00  1  1.2100000000e+01  3.7434319678e-13
-3.6353359728e+01  5.6934144365e+05 -3.8879184296e+01  1  1.2100000000e+01  3.7485234526e-13
-1.0460633687e+00  5.7247416319e+05 -2.3890481125e+00  1  1.2100000000e+01  3.7691491647e-13
-6.4605963050e+00  5.7306154486e+05  1.0342063679e+01  2  1.6800000000e+01  3.7730164643e-13
 4.7155578061e-03  5.7377514025e+05  4.3800464735e-03  2  1.6800000000e+01  3.7777147505e-13
-3.1908895006e+01  5.7696097438e+05 -1.7879821614e+01  2  1.6800000000e+01  3.7986901671e-13
 1.4357066590e+02  5.7787043275e+05 -6.9051787427e+01  1  1.2100000000e+01  3.8046780080e-13
-1.4074447043e+01  5.7911343699e+05  3.3658518486e+00  1  1.2100000000e+01  3.8128619030e-13
-4.2628031301e+01  5.8120464711e+05 -7.1350239553e+00  0  8.7600000000e+00  3.8266303547e-13
-1.1841699524e+00  5.8155276906e+05  7.7773138827e-01  0  8.7600000000e+00  3.8289223770e-13
 6.8727300122e-01  5.8478279403e+05  3.8433402537e+00  0  8.7600000000e+00  3.8501887445e-13
-7.2367720691e+00  5.8486927387e+05 -2.7266752336e+01  0  8.7600000000e+00  3.8507581246e-13
-1.3381825239e+02  5.8489460319e+05  5.1085018953e+01  0  8.7600000000e+00  3.8509248920e-13
 1.5936960109e+02  5.8567265854e+05  4.1605838405e+01  1  1.2100000000e+01  3.8560475802e-13
-1.9439884050e+01  5.8612129925e+05  8.1820631385e+00  1  1.2100000000e+01  3.8590014144e-13
-1.3072092863e+00  5.8617674680e+05  2.2569082676e+00  1  1.2100000000e+01  3.8593664791e-13
 3.1467093214e+01  5.8705993138e+05  2.9474675458e+01  0  8.7600000000e+00  3.8651813343e-13
-1.2223050564e+00  5.8794098299e+05  4.0761085467e+00  0  8.7600000000e+00  3.8709821463e-13
-4.6676873370e+00  5.8863973670e+05  2.0883948534e-02  2  1.6800000000e+01  3.8755827154e-13
 2.5022143113e+00  5.8921850658e+05 -1.1931375574e+00  0  8.7600000000e+00  3.8793933153e-13
 1.6657832314e+01  5.9104707885e+05  9.3002046155e+00  0  8.7600000000e+00  3.8914325689e-13
 2.1967588141e+01  5.9229683513e+05  2.4324330853e+01  0  8.7600000000e+00  3.8996609190e-13
 4.9362209519e+01  5.9343911854e+05  4.0824788001e+01  1  1.2100000000e+01  3.9071816716e-13
-2.1384039943e+01  5.9482730931e+05  9.8518496518e+00  0  8.7600000000e+00  3.9163214694e-13
-6.6590388403e+00  6.0050278085e+05 -8.3677152770e+01  0  8.7600000000e+00  3.9536885686e-13
-4.1135610506e+00  6.0223351101e+05 -8.2541169266e-01  0  8.7600000000e+00  3.9650836333e-13
 3.0931910080e+00  6.0301777237e+05  3.3615860784e+00  1  1.2100000000e+01  3.9702471817e-13
 1.3987936099e+01  6.0393894692e+05 -1.4191587393e+01  1  1.2100000000e+01  3.9763121615e-13
-4.0567394320e+01  6.0507873893e+05 -4.1809058988e+01  0  8.7600000000e+00  3.9838165109e-13
-1.0261532641e+01  6.0836503226e+05 -2.7596887391e+01  3  3.2200000000e+01  4.0054533472e-13
 1.9105808917e+01  6.0840885581e+05 -6.7324359854e+02  2  1.6800000000e+01  4.0057418798e-13
 4.7019917002e+01  6.1032025135e+05  5.4394569410e+01  0  8.7600000000e+00  4.0183264389e-13
 5.5282236985e-01  6.1069555252e+05  5.3356883989e-01  3  3.2200000000e+01  4.0207974082e-13
-9.6349748326e+00  6.1113844159e+05  2.1550244780e+00  0  8.7600000000e+00  4.0237133738e-13
 2.9844498070e+01  6.1141227385e+05  1.4793760487e+02  2  1.6800000000e+01  4.0255162755e-13
-1.0703187168e-01  6.1146861591e+05  7.4664728430e-01  3  3.2200000000e+01  4.0258872296e-13
-4.0515512080e+01  6.1149139595e+05  9.2555760484e+01  0  8.7600000000e+00  4.0260372126e-13
 2.7168657635e+01  6.1174236170e+05 -5.3414826655e+01  3  3.2200000000e+01  4.0276895620e-13
-2.3664743645e+00  6.1359136197e+05  1.3697627135e+01  2  1.6800000000e+01  4.0398633128e-13
-1.2930878678e+00  6.1407091819e+05 -6.8071448288e+01  1  1.2100000000e+01  4.0430206936e-13
-4.5589194258e-03  6.1456402489e+05 -1.7587902335e-03  2  1.6800000000e+01  4.0462672903e-13
-9.8902241578e+00  6.1535302879e+05  2.7791968901e+00  0  8.7600000000e+00  4.0514620634e-13
-2.2840128450e+00  6.1580135453e+05  1.5592213282e+00  3  3.2200000000e+01  4.0544138238e-13
 1.2545131618e-05  6.1633172084e+05  8.4602711063e-04  2  1.6800000000e+01  4.0579057364e-13
 1.5744585235e+02  6.1926028485e+05 -4.9297799368e+01  0  8.7600000000e+00  4.0771872958e-13
-1.1710738030e+02  6.2058192791e+05  5.8766113412e+02  1  1.2100000000e+01  4.0858889459e-13
-5.7477600167e+00  6.2120301870e+05 -1.6243623773e+01  0  8.7600000000e+00  4.0899781851e-13
 1.2800077619e+02  6.2215068713e+05  4.0292035144e+01  1  1.2100000000e+01  4.0962175998e-13
-8.2235161486e-04  6.2259165438e+05 -1.2635909842e-03  0  8.7600000000e+00  4.0991209122e-13
 1.4595357687e+00  6.2290123168e+05  1.6151454900e+00  0  8.7600000000e+00  4.1011591579e-13
-2.3731191148e+01  6.2482336946e+05 -4.1041607241e+00  0  8.7600000000e+00  4.1138144434e-13
 5.5541614175e+01  6.2813260913e+05  1.0503883058e+02  1  1.2100000000e+01  4.1356023577e-13
 1.9786181554e+02  6.3106331418e+05  3.2946201646e+02  1  1.2100000000e+01  4.1548980136e-13
 1.0409671010e+01  6.3215265659e+05  1.0141798584e+01  1  1.2100000000e+01  4.1620702046e-13
 8.6590260266e+00  6.3369739933e+05  4.3232664145e+00  0  8.7600000000e+00  4.1722407349e-13
 2.8263290682e-03  6.3398572644e+05  2.1126492355e-03  1  1.2100000000e+01  4.1741390701e-13
 3.4303688169e+02  6.3490683167e+05  1.5577321002e+02  0  8.7600000000e+00  4.1802035936e-13
 1.5900787409e+02  6.3534316215e+05 -1.2860658942e+02  0  8.7600000000e+00  4.1830763777e-13
 9.1962278609e+01  6.3573487573e+05 -3.3952469990e+01  0  8.7600000000e+00  4.1856554057e-13
 1.6389584988e+01  6.3592918175e+05  2.0017142021e+02  3  3.2200000000e+01  4.1869347095e-13
-2.7042996035e-03  6.3700583384e+05 -1.1634352040e-03  1  1.2100000000e+01  4.1940233479e-13
-3.8554741437e-03  6.3734020288e+05  1.0460670460e-03  2  1.6800000000e+01  4.1962248216e-13
-8.1110898610e+01  6.3798570052e+05  1.2023445397e+02  1  1.2100000000e+01  4.2004747546e-13
 1.2488425086e-03  6.3802969956e+05 -7.0395715335e-04  3  3.2200000000e+01  4.2007644427e-13
 1.0808246305e+01  6.3992823987e+05  2.9965411237e+01  2  1.6800000000e+01  4.2132643634e-13
 3.3407231775e-01  6.3996531920e+05 -2.4041470387e+00  0  8.7600000000e+00  4.2135084923e-13
 1.3380164394e+01  6.4021298789e+05  1.9315915409e+01  3  3.2200000000e+01  4.2151391340e-13
-2.0196781893e+01  6.4329083105e+05  4.8986175238e+01  2  1.6800000000e+01  4.2354035420e-13
-1.9970936206e-01  6.4747214532e+05 -8.3018240121e+00  0  8.7600000000e+00  4.2629331637e-13
-2.7619840826e+01  6.4858140481e+05 -1.1595034393e+01  2  1.6800000000e+01  4.2702364881e-13
-1.4078762924e-03  6.4979266175e+05 -2.1768469304e-03  0  8.7600000000e+00  4.2782113600e-13
-2.4639686367e+01  6.4984284395e+05  6.9617788741e+00  0  8.7600000000e+00  4.2785417577e-13
-4.2009798538e+00  6.5071560561e+05  6.3084437950e+00  0  8.7600000000e+00  4.2842879889e-13
 3.7336412066e-03  6.5150921902e+05  1.3077598048e-03  3  3.2200000000e+01  4.2895131109e-13
 7.3770404809e+01  6.5160691516e+05  9.0241105383e+00  1  1.2100000000e+01  4.2901563387e-13
 3.0228814355e-01  6.5231892665e+05 -5.1799382477e+00  3  3.2200000000e+01  4.2948441966e-13
-5.1050283911e+00  6.5763749080e+05  1.7045251147e-01  0  8.7600000000e+00  4.3298614304e-13
 6.9738130479e+00  6.5881031286e+05 -1.4806051856e+00  0  8.7600000000e+00  4.3375832483e-13
-4.8096081963e-04  6.5903761662e+05 -3.5084954968e-03  3  3.2200000000e+01  4.3390798081e-13
-2.5865685666e+01  6.6019870090e+05 -4.1571382684e+01  0  8.7600000000e+00  4.3467243449e-13
-7.5737750450e+00  6.6094961859e+05  8.3045954466e+00  0  8.7600000000e+00  4.3516683598e-13
-1.8249498797e+01  6.6128225061e+05  1.3872009322e+01  0  8.7600000000e+00  4.3538583970e-13
-2.4442678158e+01  6.6220137457e+05 -6.9401977284e+01  1  1.2100000000e+01  4.3599098759e-13
 3.2837214172e+00  6.6275050854e+05 -1.8345105561e+01  2  1.6800000000e+01  4.3635253541e-13
-1.6982867912e+01  6.6325593664e+05 -7.2689094404e+00  1  1.2100000000e+01  4.3668530744e-13
-3.2813451701e+00  6.6387282988e+05  4.3936786585e+00  1  1.2100000000e+01  4.3709146771e-13
-2.7563283971e-01  6.6451877817e+05 -2.5630379805e+00  0  8.7600000000e+00  4.3751675773e-13
 1.0549116419e+01  6.6555418632e+05 -7.7941561209e+00  0  8.7600000000e+00  4.3819846671e-13
 2.4667918767e+01  6.6684197419e+05 -4.4990351683e+01  0  8.7600000000e+00  4.3904634158e-13
 1.9429937357e+01  6.6724435171e+05  3.7236665903e+02  2  1.6800000000e+01  4.3931126548e-13
 3.2230665759e+00  6.6983324342e+05 -5.4921303870e+00  0  8.7600000000e+00  4.4101578241e-13
 7.0724749410e-01  6.7050580679e+05  9.2848094671e+00  0  8.7600000000e+00  4.4145859570e-13
-3.3972342644e+00  6.7234215710e+05 -3.9882372859e-02  2  1.6800000000e+01  4.4266764209e-13
-2.4155919090e+01  6.7267295372e+05 -8.8509866072e+00  3  3.2200000000e+01  4.4288543739e-13
-1.9792979035e+00  6.7327755093e+05 -8.3490853552e-01  2  1.6800000000e+01  4.4328350200e-13
 9.8037751248e+00  6.7457942644e+05  7.7327248648e+00  0  8.7600000000e+00  4.4414065213e-13
-1.1137314774e+02  6.7471433285e+05 -6.0847461084e+02  1  1.2100000000e+01  4.4422947402e-13
-1.3073999916e-01  6.7481138665e+05 -5.3449247267e-01  1  1.2100000000e+01  4.4429337389e-13
 2.7161849000e-03  6.7507571438e+05  9.1961446960e-04  0  8.7600000000e+00  4.4446740631e-13
-4.9402146750e-01  6.7788671318e+05 -1.8637047058e+00  0  8.7600000000e+00  4.4631815774e-13
-4.3731670263e+00  6.7828803745e+05 -1.9830736011e+00  2  1.6800000000e+01  4.4658238819e-13
 5.7280100967e+00  6.8014062155e+05 -7.9189383709e+00  1  1.2100000000e+01  4.4780212285e-13
-2.1524631859e-02  6.8170054183e+05  2.2547559374e+01  0  8.7600000000e+00  4.4882916872e-13
-1.7088613053e+00  6.8235090968e+05 -1.7820387055e-01  0  8.7600000000e+00  4.4925736856e-13
 1.2039697627e+01  6.8492942314e+05  1.0886619039e+01  2  1.6800000000e+01  4.5095505248e-13
 1.4235130103e+02  6.8652778633e+05 -1.7100966945e+02  1  1.2100000000e+01  4.5200740902e-13
 2.1243157679e+01  6.8691153491e+05  3.0755008102e+01  0  8.7600000000e+00  4.5226006770e-13
 2.1876948769e+01  6.8769055318e+05  9.8418598989e+00  0  8.7600000000e+00  4.5277297050e-13
-2.4182273672e+00  6.8950931788e+05  8.9526604777e-01  0  8.7600000000e+00  4.5397043860e-13
-1.5010588583e+01  6.8987204645e+05 -7.1390852885e+00  0  8.7600000000e+00  4.5420925778e-13
-1.5073487245e+01  6.9223203091e+05  1.0249511834e+01  0  8.7600000000e+00  4.5576306300e-13
 7.7936030244e-01  6.9259510372e+05  9.0136793278e+01  0  8.7600000000e+00  4.5600210883e-13
 2.1137940577e+01  6.9571643942e+05  7.1415314946e+00  1  1.2100000000e+01  4.5805718495e-13
-2.1047105692e+01  6.9585994156e+05 -1.3893293272e+00  0  8.7600000000e+00  4.5815166624e-13
 1.5374685376e+01  6.9685860565e+05  6.8403087931e+00  1  1.2100000000e+01  4.5880918306e-13
-1.3190414925e+00  6.9912911777e+05 -4.4534250731e-01  2  1.6800000000e+01  4.6030408002e-13
-1.1887635264e+02  7.0212134104e+05  4.5172603468e+01  1  1.2100000000e+01  4.6227414899e-13
-3.0764211777e+00  7.0369594428e+05 -3.9202612773e+00  0  8.7600000000e+00  4.6331086206e-13
-4.0396095156e-03  7.0383728591e+05 -3.7171285593e-03  0  8.7600000000e+00  4.6340392088e-13
 2.0282922044e+00  7.0455890693e+05  1.3738081824e+00  1  1.2100000000e+01  4.6387903355e-13
 3.6465996926e+02  7.0471015430e+05 -7.6126182157e+01  0  8.7600000000e+00  4.6397861427e-13
 2.7370913901e+02  7.0622417099e+05  4.4569966637e+02  1  1.2100000000e+01  4.6497543737e-13
-2.1158648609e+02  7.0676958552e+05  9.7107617479e+00  0  8.7600000000e+00  4.6533453632e-13
-1.9845756399e+00  7.0684984620e+05  2.2892712231e+00  2  1.6800000000e+01  4.6538737966e-13
 4.5627837881e+00  7.0720199279e+05 -5.0455147015e+00  0  8.7600000000e+00  4.6561923170e-13
-1.1003110818e+01  7.1025051051e+05 -1.5511650138e+01  1  1.2100000000e+01  4.6762636473e-13
 7.4672546685e+02  7.1127992767e+05  5.2603555667e+02  0  8.7600000000e+00  4.6830412926e-13
-3.5035614249e+00  7.1457236272e+05  3.4446239674e+00  1  1.2100000000e+01  4.7047185659e-13
-3.0024688674e+01  7.1554718020e+05 -7.5781660105e+01  3  3.2200000000e+01  4.7111367288e-13
-1.0133621232e+01  7.1612717266e+05 -1.0593665327e+02  2  1.6800000000e+01  4.7149553782e-13
-1.4027459423e+01  7.1636531408e+05  2.5889126153e+01  2  1.6800000000e+01  4.7165232927e-13
 1.5405013048e+02  7.1680474496e+05 -2.0717600647e+02  0  8.7600000000e+00  4.7194164897e-13
-2.7831946618e+01  7.1730153553e+05  5.8357042318e+01  1  1.2100000000e+01  4.7226873408e-13
 1.9005533251e+00  7.1854860496e+05 -1.9911116800e+00  0  8.7600000000e+00  4.7308980008e-13
-3.9267799819e+01  7.1891328449e+05 -9.9247915699e-01  0  8.7600000000e+00  4.7332990376e-13
-5.0171545086e+00  7.1955406584e+05 -1.4766763514e+01  1  1.2100000000e+01  4.7375179188e-13
 7.8256940260e+00  7.2020282707e+05 -5.5877229013e+00  0  8.7600000000e+00  4.7417893393e-13
-2.4517741021e+00  7.2078844628e+05 -5.6555841020e+01  1  1.2100000000e+01  4.7456450350e-13
-1.6900260604e+00  7.2216362469e+05  2.2372867975e+00  0  8.7600000000e+00  4.7546991598e-13
-3.0038644975e+01  7.2221976080e+05 -3.5456670966e+01  0  8.7600000000e+00  4.7550687579e-13
-3.7796969892e-03  7.2393676823e+05  4.6327019062e-03  2  1.6800000000e+01  4.7663734727e-13
 1.8209375799e-03  7.2428664895e+05  4.4979050427e-03  3  3.2200000000e+01  4.7686770747e-13
-2.2812309517e+01  7.2445330785e+05  4.8771417416e+01  2  1.6800000000e+01  4.7697743508e-13
-9.9867113308e+00  7.2526212471e+05  2.2006962900e+02  2  1.6800000000e+01  4.7750995717e-13
-3.5554787726e+02  7.2719953605e+05 -3.9273220117e+02  0  8.7600000000e+00  4.7878554179e-13
-3.7099470052e-03  7.2734572965e+05 -3.0793171507e-03  0  8.7600000000e+00  4.7888179513e-13
-4.0833513854e-03  7.2777678300e+05  1.1132663750e-03  1  1.2100000000e+01  4.7916559909e-13
 8.5195783360e+00  7.2828169589e+05 -5.7020336161e+00  2  1.6800000000e+01  4.7949803191e-13
 4.4954909734e+01  7.2829564255e+05 -2.0477660440e+01  1  1.2100000000e+01  4.7950721434e-13
-2.3299417412e+00  7.2852194625e+05  1.5971835371e+00  1  1.2100000000e+01  4.7965621188e-13
 1.7932946479e+01  7.2896882285e+05 -8.1541991060e+01  2  1.6800000000e+01  4.7995043381e-13
-1.1950555236e+01  7.2954418993e+05 -2.0264119490e-01  1  1.2100000000e+01  4.8032925341e-13
-3.3659921780e+01  7.3143153676e+05  1.3730871388e+01  1  1.2100000000e+01  4.8157187573e-13
-2.5064088595e+01  7.3205514963e+05  1.0402357653e+02  0  8.7600000000e+00  4.8198246019e-13
-3.8452665439e+00  7.3340980246e+05  1.8105145430e+01  0  8.7600000000e+00  4.8287435871e-13
-4.1928824897e+00  7.3342149098e+05 -2.2055647931e+00  3  3.2200000000e+01  4.8288205439e-13
 3.2299666247e+01  7.3700174644e+05 -3.6162295900e+01  0  8.7600000000e+00  4.8523928162e-13
-4.9455978998e+01  7.3743616545e+05  1.2193037293e+02  0  8.7600000000e+00  4.8552530152e-13
 6.6796409696e-04  7.3771315473e+05 -3.5274224302e-03  2  1.6800000000e+01  4.8570767026e-13
 4.0334924685e+01  7.3773741800e+05 -2.2032051952e+00  0  8.7600000000e+00  4.8572364511e-13
 6.7357679443e+01  7.3890439743e+05  4.1922771979e+00  1  1.2100000000e+01  4.8649198014e-13
-2.4355598215e+02  7.3953385410e+05  1.1087669414e+02  0  8.7600000000e+00  4.8690641214e-13
-2.8771604319e+00  7.4011034981e+05 -1.2630832563e+01  0  8.7600000000e+00  4.8728597483e-13
-2.3568242497e+01  7.4011969280e+05  3.8274286586e+01  3  3.2200000000e+01  4.8729212621e-13
-2.0717769625e+01  7.4025898463e+05 -4.0150474952e+00  3  3.2200000000e+01  4.8738383545e-13
-5.6046109017e-01  7.4201275751e+05  4.3433703421e+00  2  1.6800000000e+01  4.8853851317e-13
 6.8654870910e+02  7.4204315842e+05 -3.5303628712e+02  0  8.7600000000e+00  4.8855852902e-13
 4.6112149673e-03  7.4321071840e+05  6.8995479759e-04  2  1.6800000000e+01  4.8932724628e-13
 2.7262133184e+02  7.4389080421e+05  4.9485644660e+01  0  8.7600000000e+00  4.8977501231e-13
-1.2362888391e+02  7.4424215313e+05  8.7187220684e+01  0  8.7600000000e+00  4.9000633917e-13
-3.9297168557e-03  7.4427655319e+05  3.2488059058e-03  2  1.6800000000e+01  4.9002898805e-13
 3.2390512906e-01  7.4453190710e+05 -1.1953757087e+00  1  1.2100000000e+01  4.9019711214e-13
-1.2293145690e+00  7.4600131309e+05 -2.2052151168e-01  0  8.7600000000e+00  4.9116456372e-13
-5.6306068197e+00  7.4866616357e+05 -6.4342726504e-01  1  1.2100000000e+01  4.9291909163e-13
-4.1671316784e+00  7.4904622841e+05  9.8922960711e+00  0  8.7600000000e+00  4.9316932495e-13
 7.7870798415e+01  7.5113011842e+05  2.4778797669e+01  0  8.7600000000e+00  4.9454135058e-13
 4.3851715428e+01  7.5143425767e+05 -1.7461069421e+02  1  1.2100000000e+01  4.9474159476e-13
-1.3994795873e+03  7.5165816315e+05 -8.9843548658e+02  0  8.7600000000e+00  4.9488901332e-13
-8.6196869046e+01  7.5539498936e+05  1.2292878460e+02  1  1.2100000000e+01  4.9734932617e-13
-3.9204920809e+01  7.5603469277e+05 -1.2569558927e+02  0  8.7600000000e+00  4.9777050458e-13
 1.9812261849e+02  7.5692312383e+05 -2.8190881759e-01  2  1.6800000000e+01  4.9835544437e-13
-5.3395186789e-01  7.5728794523e+05  3.0903939869e+01  1  1.2100000000e+01  4.9859564146e-13
-4.0774628637e+01  7.5850929728e+05 -2.0251544687e+01  0  8.7600000000e+00  4.9939977523e-13
-3.8725945844e+02  7.6100328988e+05 -4.4402146605e+02  1  1.2100000000e+01  5.0104181093e-13
 1.2976071749e+01  7.6419369857e+05  1.0044364755e+01  2  1.6800000000e+01  5.0314236446e-13
-1.3187788936e+02  7.6496839222e+05  3.4582666372e+01  2  1.6800000000e+01  5.0365241995e-13
 2.6808589174e-03  7.6517814495e+05 -2.8041754979e-03  1  1.2100000000e+01  5.0379052039e-13
 5.0904029089e+00  7.6586717066e+05  7.6252683211e+00  0  8.7600000000e+00  5.0424417242e-13
 7.6442893818e+00  7.6601697322e+05 -1.7962590346e+01  2  1.6800000000e+01  5.0434280189e-13
-1.0595500875e+01  7.6638067959e+05 -1.1031992693e+00  2  1.6800000000e+01  5.0458226484e-13
-1.1501332770e+01  7.6849547406e+05  5.4415701519e+01  0  8.7600000000e+00  5.0597463787e-13
 4.5793920216e+00  7.6969972162e+05 -7.3978150211e+00  0  8.7600000000e+00  5.0676751010e-13
 2.2240725123e-04  7.6993126938e+05 -2.0013285042e-03  0  8.7600000000e+00  5.0691996031e-13
 3.6718302586e-03  7.7010979514e+05  2.4511570472e-03  1  1.2100000000e+01  5.0703750102e-13
-1.5481189959e+00  7.7179498272e+05 -6.8075452549e+00  1  1.2100000000e+01  5.0814702242e-13
-1.1506076587e+01  7.7313691806e+05  2.0103946627e+01  0  8.7600000000e+00  5.0903054779e-13
-4.1670032611e-01  7.7330241425e+05  3.7140265578e-01  2  1.6800000000e+01  5.0913950988e-13
 3.0894562896e+01  7.7499059272e+05  5.5063799957e+01  0  8.7600000000e+00  5.1025100047e-13
 1.7606639245e+00  7.7529421247e+05 -3.3621634222e+00  0  8.7600000000e+00  5.1045090262e-13
-1.2126333278e+00  7.7660465665e+05  1.6448736066e+00  2  1.6800000000e+01  5.1131369432e-13
 3.8457240693e+01  7.7754746876e+05 -2.6190114728e+02  0  8.7600000000e+00  5.1193443841e-13
-1.5872052817e+01  7.8000027699e+05 -3.3666844502e+01  0  8.7600000000e+00  5.1354935847e-13
 1.6953114357e+01  7.8403141636e+05 -3.2292530189e+01  0  8.7600000000e+00  5.1620344603e-13
 4.0045278678e+01  7.8427823551e+05  2.6009076230e+02  0  8.7600000000e+00  5.1636595086e-13
 3.1322149121e+02  7.8518199930e+05  1.5907439492e+02  0  8.7600000000e+00  5.1696098567e-13
-1.1355153932e+00  7.8595706997e+05 -3.0598734767e+00  3  3.2200000000e+01  5.1747128940e-13
-2.8339485659e+00  7.8697910692e+05  2.8706663889e+00  1  1.2100000000e+01  5.1814419482e-13
-5.9231044903e+02  7.8820961441e+05 -2.3615045536e+02  0  8.7600000000e+00  5.1895435650e-13
 6.7601564383e+02  7.9161406333e+05 -7.8118824964e+02  1  1.2100000000e+01  5.2119583335e-13
-9.5165299916e+00  7.9337850460e+05  3.5760878665e+01  1  1.2100000000e+01  5.2235753509e-13
-1.2589948449e+01  7.9518074373e+05 -1.2318801949e+01  2  1.6800000000e+01  5.2354412280e-13
 2.0464764003e+01  7.9694787195e+05 -7.1508128802e-01  1  1.2100000000e+01  5.2470759363e-13
 3.6706653038e+01  7.9728945650e+05  5.9638353218e+01  0  8.7600000000e+00  5.2493249166e-13
-3.4035084203e-03  7.9925615365e+05 -2.7660198173e-03  2  1.6800000000e+01  5.2622735794e-13
 1.5049300885e-03  8.0014564521e+05  3.3599979516e-03  4  4.0000000000e+01  5.2681299596e-13
-1.4238479692e+01  8.0029515272e+05 -3.5298713597e+01  0  8.7600000000e+00  5.2691143117e-13
-1.0832878254e+01  8.0094176360e+05 -1.1175015134e+00  1  1.2100000000e+01  5.2733715743e-13
 2.1877658594e+01  8.0219460682e+05 -5.9431453007e+00  1  1.2100000000e+01  5.2816202487e-13
-3.3398847000e+00  8.0244896255e+05 -8.6419234484e+00  2  1.6800000000e+01  5.2832949176e-13
-1.6486818585e+01  8.0265368634e+05 -1.5838868662e+01  1  1.2100000000e+01  5.2846428117e-13
-1.5759498655e+00  8.0481422073e+05 -4.0969121923e+00  0  8.7600000000e+00  5.2988676918e-13
-2.3977594470e-01  8.0528177019e+05 -2.3781942443e+00  2  1.6800000000e+01  5.3019460206e-13
-4.6552876677e+00  8.0634039901e+05 -1.4787837390e+00  1  1.2100000000e+01  5.3089159944e-13
-1.1101032032e+01  8.0763004427e+05 -6.5976144974e+00  0  8.7600000000e+00  5.3174069721e-13
 7.0993602790e+01  8.0786717652e+05 -1.6021382720e+01  1  1.2100000000e+01  5.3189682422e-13
 5.9009243677e+01  8.0900567523e+05  4.5213498332e+01  0  8.7600000000e+00  5.3264640765e-13
 3.3784082971e+01  8.0993364594e+05  2.3532343320e+01  0  8.7600000000e+00  5.3325738021e-13
-4.4024178421e+00  8.1448519569e+05  9.1299949514e-01  0  8.7600000000e+00  5.3625410409e-13
 7.7357747358e+01  8.1501336098e+05 -6.5191850300e+00  2  1.6800000000e+01  5.3660184620e-13
-2.5324512356e+00  8.1507707465e+05  1.0178606280e+00  1  1.2100000000e+01  5.3664379505e-13
 2.9045304126e+00  8.1555594231e+05 -7.1613775302e+00  2  1.6800000000e+01  5.3695907979e-13
 7.6043543147e-02  8.1567884869e+05 -1.5502969068e+00  0  8.7600000000e+00  5.3704000090e-13
 1.0721547324e+02  8.1700226296e+05 -6.2287007745e+01  2  1.6800000000e+01  5.3791133206e-13
 1.4855724277e-03  8.1801498512e+05 -1.9842070187e-03  0  8.7600000000e+00  5.3857810467e-13
 1.8984069652e+02  8.1884577699e+05  1.4972168788e+02  2  1.6800000000e+01  5.3912509503e-13
 1.4326360898e-03  8.1921428389e+05 -1.6852383207e-03  3  3.2200000000e+01  5.3936771864e-13
 2.3312807614e+01  8.2029311548e+05 -9.9271124701e+00  0  8.7600000000e+00  5.4007801745e-13
-6.5803512474e+01  8.2113726638e+05 -7.7010662456e+01  2  1.6800000000e+01  5.4063380334e-13
-3.7884662829e+00  8.2225005269e+05  6.9233020004e+00  3  3.2200000000e+01  5.4136645783e-13
 3.5655486184e+00  8.2254942891e+05  3.4347486233e+00  3  3.2200000000e+01  5.4156356604e-13
 2.8182590051e+00  8.2441096286e+05 -1.7157453033e+01  1  1.2100000000e+01  5.4278919326e-13
 1.3986680559e+00  8.2561338802e+05  6.3711927085e+00  0  8.7600000000e+00  5.4358086563e-13
-7.3739637637e+00  8.2669091767e+05 -5.0376724478e+01  1  1.2100000000e+01  5.4429030725e-13
-7.2979599231e-01  8.2693816850e+05 -3.0599686037e+00  1  1.2100000000e+01  5.4445309630e-13
-2.2172458727e+00  8.3220985938e+05  3.3354885252e+00  2  1.6800000000e+01  5.4792395849e-13
-1.5532575358e+02  8.3224422583e+05 -7.2481895407e+01  0  8.7600000000e+00  5.4794658524e-13
-5.0128482653e+01  8.3331586911e+05  8.8667374577e+00  0  8.7600000000e+00  5.4865215129e-13
 4.2510207159e+00  8.3478429028e+05 -4.1544464869e-01  3  3.2200000000e+01  5.4961895447e-13
 1.4005548114e+01  8.3501370270e+05 -2.3897191634e+01  0  8.7600000000e+00  5.4976999878e-13
 1.2617829384e+01  8.3517751955e+05  7.7675440541e+01  0  8.7600000000e+00  5.4987785520e-13
-3.8004559971e-03  8.3672423445e+05 -4.2639439224e-03  0  8.7600000000e+00  5.5089620669e-13
-3.4820053934e+02  8.3782521772e+05 -8.0071187539e-01  0  8.7600000000e+00  5.5162109009e-13
-4.3744410141e+00  8.3855970828e+05  2.5160047207e+00  0  8.7600000000e+00  5.5210467602e-13
-5.8547828122e+01  8.3928629057e+05  2.2350392308e+01  2  1.6800000000e+01  5.5258305517e-13
 6.7226079650e+00  8.4067906762e+05  9.1808425012e+00  2  1.6800000000e+01  5.5350005453e-13
 4.7926916047e+00  8.4079915939e+05 -1.1228134792e+01  1  1.2100000000e+01  5.5357912252e-13
-4.1055031582e-03  8.4121456854e+05 -1.1915803264e-03  0  8.7600000000e+00  5.5385262640e-13
 4.2229306808e+00  8.4125266330e+05 -2.1124910675e+00  1  1.2100000000e+01  5.5387770785e-13
-2.2572683398e+01  8.4172775452e+05  2.0572481963e+01  1  1.2100000000e+01  5.5419050619e-13
-1.9358831114e+01  8.4221988954e+05  2.1536847869e+01  2  1.6800000000e+01  5.5451452611e-13
-1.1724918152e+01  8.4348022836e+05  7.1677017134e+00  3  3.2200000000e+01  5.5534432862e-13
 8.0118718202e-01  8.4376313724e+05  4.0815517656e+00  0  8.7600000000e+00  5.5553059481e-13
 1.7118791494e+00  8.4485145215e+05  1.7879187573e+01  0  8.7600000000e+00  5.5624713740e-13
 3.1094544372e-03  8.4504374044e+05  6.0072618797e-04  1  1.2100000000e+01  5.5637373931e-13
-3.9545069019e-01  8.4657319844e+05 -6.9521163191e+01  1  1.2100000000e+01  5.5738072893e-13
-1.9010217842e+00  8.4781607473e+05 -4.5136247363e+00  0  8.7600000000e+00  5.5819903417e-13
-4.5462165963e+01  8.4953264339e+05 -7.6003326825e+01  1  1.2100000000e+01  5.5932921677e-13
-2.3243453623e+00  8.5518409944e+05 -4.3529437714e+00  0  8.7600000000e+00  5.6305011497e-13
-4.8662743751e+02  8.5619242202e+05 -4.1045306742e+02  1  1.2100000000e+01  5.6371399091e-13
-2.5298839818e+00  8.6028191427e+05  6.6907202940e-01  0  8.7600000000e+00  5.6640649780e-13
-3.5949587117e-03  8.6113034252e+05 -4.7106741717e-04  2  1.6800000000e+01  5.6696509988e-13
-4.6403040365e+01  8.6227028057e+05 -3.1218618496e+00  1  1.2100000000e+01  5.6771563097e-13
-3.6562111919e+00  8.6362208105e+05  1.7479878573e+00  1  1.2100000000e+01  5.6860565151e-13
 4.8201959808e+00  8.6657071588e+05 -3.9804874723e+00  1  1.2100000000e+01  5.7054702201e-13
 6.5895098070e+01  8.6864974338e+05 -4.9352651355e+01  0  8.7600000000e+00  5.7191584619e-13
 1.2343054683e+01  8.7038391129e+05  1.2072963525e+00  0  8.7600000000e+00  5.7305761606e-13
 4.4328912399e+00  8.7111749579e+05 -4.1331030581e+00  2  1.6800000000e+01  5.7354060544e-13
-7.9693708514e-01  8.7156509349e+05  8.3388538446e-01  2  1.6800000000e+01  5.7383530215e-13
 2.7699196794e-03  8.7192092929e+05  4.0400515585e-03  1  1.2100000000e+01  5.7406958315e-13
 1.1465443699e-03  8.7197594791e+05 -2.8774465913e-05  1  1.2100000000e+01  5.7410580721e-13
-1.7375987380e+02  8.7341560657e+05  3.1565026538e+02  1  1.2100000000e+01  5.7505367326e-13
-1.2423999534e+01  8.7586085149e+05 -1.8385375267e+02  2  1.6800000000e+01  5.7666361366e-13
 6.0524300341e-01  8.7620746359e+05 -1.9225268897e-01  0  8.7600000000e+00  5.7689182182e-13
-6.5668268775e+01  8.7894716166e+05  8.9536562638e+01  2  1.6800000000e+01  5.7869562910e-13
-8.8001163500e+00  8.7978075823e+05 -8.3841988786e+00  2  1.6800000000e+01  5.7924446607e-13
-3.6124486051e-03  8.8215898755e+05 -4.4237052879e-03  3  3.2200000000e+01  5.8081028364e-13
-3.2533201669e-01  8.8222632159e+05 -6.7605844990e-01  0  8.7600000000e+00  5.8085461613e-13
-1.2876461060e+01  8.8283553787e+05  2.1672861970e+01  0  8.7600000000e+00  5.8125572193e-13
-3.4076001759e+01  8.8323145325e+05  5.9846052167e+01  2  1.6800000000e+01  5.8151639117e-13
 1.9303762797e-01  8.8561222975e+05 -5.0313824304e+00  1  1.2100000000e+01  5.8308388580e-13
 2.9009128057e+00  8.8635724927e+05 -1.0496768969e+01  0  8.7600000000e+00  5.8357440396e-13
-8.8264181340e-03  8.8641859508e+05 -1.3144119584e+00  2  1.6800000000e+01  5.8361479382e-13
 6.9951802403e-01  8.8735066320e+05  1.2894168515e+00  0  8.7600000000e+00  5.8422846409e-13
 5.8519479743e-01  8.8887220590e+05 -7.7499119305e-01  0  8.7600000000e+00  5.8523024230e-13
 4.0455990409e+00  8.8974678026e+05 -6.6582596044e+00  1  1.2100000000e+01  5.8580605889e-13
-1.6754091495e+02  8.9001415384e+05  2.0259086962e+01  0  8.7600000000e+00  5.8598209669e-13
-9.7169315610e+00  8.9152736620e+05 -2.5699119903e+00  1  1.2100000000e+01  5.8697839023e-13
-1.6288046402e+00  8.9212942469e+05 -5.2151327272e-01  0  8.7600000000e+00  5.8737478336e-13
-3.2492240536e+00  8.9261985752e+05 -1.0259418497e+00  1  1.2100000000e+01  5.8769768256e-13
 7.8522558128e-04  8.9320095849e+05 -2.7136554651e-03  0  8.7600000000e+00  5.8808027733e-13
 8.9461726927e+00  8.9326299474e+05 -3.9799796241e+00  1  1.2100000000e+01  5.8812112177e-13
 1.5925972381e-03  8.9347435568e+05 -3.2182198568e-03  0  8.7600000000e+00  5.8826028105e-13
 1.3788662042e-03  8.9350287413e+05  4.6042946119e-03  3  3.2200000000e+01  5.8827905749e-13
-1.8733019369e+02  8.9647386811e+05  1.4869947615e+02  2  1.6800000000e+01  5.9023514918e-13
 3.9472223161e+01  8.9886832937e+05 -7.2100159924e+01  0  8.7600000000e+00  5.9181165380e-13
 6.5503380369e+00  8.9903062672e+05 -3.7677115818e+00  0  8.7600000000e+00  5.9191850979e-13
-1.8766466316e-01  8.9922552205e+05  4.1728681126e-01  1  1.2100000000e+01  5.9204682817e-13
 1.2240340189e+01  9.0066711823e+05  1.0076057631e+02  3  3.2200000000e+01  5.9299596987e-13
 4.3795420040e-03  9.0134216199e+05 -3.0375382994e-03  2  1.6800000000e+01  5.9344041624e-13
-8.0197581630e+01  9.0559711999e+05 -7.3727606118e+01  0  8.7600000000e+00  5.9624186519e-13
 1.9897198680e+00  9.0566553780e+05  1.7499283143e+00  2  1.6800000000e+01  5.9628691122e-13
-1.2901939471e+00  9.0616225763e+05  6.2928942848e+00  0  8.7600000000e+00  5.9661394976e-13
-4.6900051319e+00  9.0719952956e+05 -2.5057475284e+01  0  8.7600000000e+00  5.9729688584e-13
 5.0680494477e+00  9.0874706152e+05 -8.9186253132e+00  0  8.7600000000e+00  5.9831577528e-13
-1.2451910885e+00  9.0994764559e+05  9.4793602526e-01  1  1.2100000000e+01  5.9910623549e-13
-3.9820450236e+01  9.1077649199e+05 -1.9704315128e+01  1  1.2100000000e+01  5.9965194496e-13
-3.2119135194e+01  9.1096419786e+05  1.3711710811e+02  0  8.7600000000e+00  5.9977552982e-13
-3.9041399593e+01  9.1232121910e+05  3.4405602750e+01  0  8.7600000000e+00  6.0066898769e-13
-1.9061972512e-03  9.1325153251e+05  2.5427983643e-03  2  1.6800000000e+01  6.0128150268e-13
-2.8898626558e+01  9.1551139109e+05 -1.0273328109e+02  2  1.6800000000e+01  6.0276938539e-13
-3.1878908389e-03  9.1724194937e+05  1.1186702857e-03  2  1.6800000000e+01  6.0390877869e-13
-9.8188953688e+00  9.1891611261e+05 -5.8433593585e-01  1  1.2100000000e+01  6.0501104170e-13
 4.0319304275e+02  9.2000665834e+05  1.8126632239e+02  0  8.7600000000e+00  6.0572905307e-13
-3.3381218181e+01  9.2007906454e+05 -2.4296913399e+01  3  3.2200000000e+01  6.0577672505e-13
-4.0905484213e+01  9.2038982276e+05  6.8260874962e+01  0  8.7600000000e+00  6.0598132713e-13
 1.4914923424e-03  9.2099171112e+05 -2.4882007332e-03  4  4.0000000000e+01  6.0637760825e-13
 2.7878876654e+00  9.2299480691e+05 -5.1279239636e-01  2  1.6800000000e+01  6.0769643927e-13
-3.0086804643e+01  9.2562455078e+05  6.1615938565e+01  1  1.2100000000e+01  6.0942785311e-13
 1.0571714390e+02  9.2618528726e+05  1.0525640055e+02  1  1.2100000000e+01  6.0979703998e-13
 1.1003905199e+01  9.2708111572e+05  6.1832038574e-01  2  1.6800000000e+01  6.1038685019e-13
-9.4307801293e+00  9.2798007444e+05 -8.4819200896e+00  0  8.7600000000e+00  6.1097872136e-13
 3.1051931131e+00  9.2886737875e+05 -2.9438797895e+00  1  1.2100000000e+01  6.1156291931e-13
 8.1698929247e-01  9.2894155488e+05  5.3439469714e+00  1  1.2100000000e+01  6.1161175660e-13
-9.7693073329e+01  9.2940158875e+05 -5.6652095646e+01  0  8.7600000000e+00  6.1191464124e-13
-1.5577675354e+00  9.3125304132e+05 -2.1402624484e+00  1  1.2100000000e+01  6.1313363091e-13
-7.5029936121e+00  9.3252540960e+05  2.4190891962e+00  0  8.7600000000e+00  6.1397135358e-13
-7.8745915266e+00  9.3297673526e+05 -5.0622153801e+00  0  8.7600000000e+00  6.1426850475e-13
 6.1195329999e+00  9.3400909363e+05 -1.2249033723e-01  1  1.2100000000e+01  6.1494820577e-13
 3.3639591541e+02  9.3689982977e+05 -1.8606794059e+02  0  8.7600000000e+00  6.1685145598e-13
 4.4607219589e+01  9.3707432659e+05 -1.2898466926e+01  1  1.2100000000e+01  6.1696634405e-13
 1.0266099681e+02  9.3727400015e+05 -2.0033134368e+01  0  8.7600000000e+00  6.1709780840e-13
 1.4012380888e+01  9.3773679810e+05 -3.7687506823e+01  1  1.2100000000e+01  6.1740251289e-13
-2.3521810677e+00  9.3902635695e+05  1.2893912331e+00  1  1.2100000000e+01  6.1825155377e-13
-5.0298263938e+01  9.3982722600e+05  2.1056466415e+02  2  1.6800000000e+01  6.1877884306e-13
-1.4806425419e+02  9.4370591354e+05  8.9123532763e+02  1  1.2100000000e+01  6.2133255689e-13
-8.8833430179e+00  9.4488431185e+05  4.1288824278e+01  1  1.2100000000e+01  6.2210841007e-13
-5.4992655345e+00  9.4609287665e+05  1.5289033267e+01  1  1.2100000000e+01  6.2290412476e-13
 1.5159766432e+02  9.4621068269e+05  2.0915594363e+02  0  8.7600000000e+00  6.2298168783e-13
 4.3342115721e+00  9.4711830689e+05  4.8897612666e+00  0  8.7600000000e+00  6.2357926432e-13
 3.4852674260e+00  9.4762112268e+05 -3.8538849834e+00  0  8.7600000000e+00  6.2391031641e-13
-5.6114465878e+00  9.4803198484e+05 -2.9165830051e+00  1  1.2100000000e+01  6.2418082657e-13
 4.9437765929e-01  9.4902759275e+05  1.2879376544e-01  1  1.2100000000e+01  6.2483633121e-13
 8.1027711081e-04  9.4998428948e+05 -1.6725986389e-03  3  3.2200000000e+01  6.2546621688e-13
 1.6770743719e+00  9.5229911158e+05  6.7235973685e-01  3  3.2200000000e+01  6.2699028737e-13
-6.2813503809e+00  9.5274282466e+05 -3.3930390164e+02  1  1.2100000000e+01  6.2728242645e-13
-1.3653237402e-03  9.5527974395e+05  3.0038979920e-03  1  1.2100000000e+01  6.2895272493e-13
-8.2701623128e+00  9.5770433057e+05  1.4003813425e+01  0  8.7600000000e+00  6.3054906398e-13
-3.4864490519e-03  9.5908816337e+05  3.2507851386e-03  2  1.6800000000e+01  6.3146017449e-13
-4.0541759734e-03  9.6142223016e+05  1.4644145716e-03  0  8.7600000000e+00  6.3299691561e-13
 8.2320751417e+01  9.6269292032e+05 -5.1783919069e+02  0  8.7600000000e+00  6.3383353341e-13
 2.4157053546e-03  9.6281362559e+05  7.5989496697e-04  0  8.7600000000e+00  6.3391300532e-13
-1.1203762779e+00  9.6337690038e+05 -3.7320145014e+01  0  8.7600000000e+00  6.3428386341e-13
 1.6654350143e+00  9.6363319414e+05  2.6822007341e+00  0  8.7600000000e+00  6.3445260629e-13
 1.5547098203e-03  9.6363474355e+05  7.9503725320e-06  0  8.7600000000e+00  6.3445362642e-13
-2.5915782820e+00  9.6381034388e+05  3.1196267410e+00  0  8.7600000000e+00  6.3456924104e-13
 9.9121230014e+01  9.6434502761e+05 -7.3389069887e+00  2  1.6800000000e+01  6.3492127487e-13
 1.4390072968e+00  9.6477298788e+05  2.7165584720e+00  2  1.6800000000e+01  6.3520304236e-13
-9.7066019732e+00  9.6487977758e+05  2.0652787846e+01  1  1.2100000000e+01  6.3527335232e-13
-8.4070654552e+01  9.6494163159e+05  4.9237851797e+01  1  1.2100000000e+01  6.3531407677e-13
-1.8321393936e+01  9.6498154653e+05  3.6967204336e+01  0  8.7600000000e+00  6.3534035662e-13
-7.3583685526e+00  9.6962088348e+05  1.4920608835e+01  2  1.6800000000e+01  6.3839487928e-13
-4.7742761113e+00  9.6965072240e+05 -7.6691540894e+01  2  1.6800000000e+01  6.3841452511e-13
-6.4027918807e-01  9.7266729113e+05 -4.4532076705e+01  0  8.7600000000e+00  6.4040062304e-13
 6.2388743009e-01  9.7460726784e+05 -4.8158350740e+00  1  1.2100000000e+01  6.4167789668e-13
-5.3407762734e+01  9.7607426839e+05 -1.9509838820e+02  0  8.7600000000e+00  6.4264376454e-13
-6.6805163784e+01  9.7629850002e+05 -9.1252797233e+01  3  3.2200000000e+01  6.4279139783e-13
-3.6596379202e+01  9.7765386068e+05  2.1948361314e+01  0  8.7600000000e+00  6.4368376238e-13
 3.6219111451e-03  9.7787453348e+05  3.4606157795e-03  2  1.6800000000e+01  6.4382905255e-13
 1.0798691358e+02  9.7900094968e+05  2.0017250876e+01  0  8.7600000000e+00  6.4457068090e-13
-8.7695935598e+00  9.7956372611e+05  1.6706696910e+01  3  3.2200000000e+01  6.4494121087e-13
 1.4405576616e+02  9.7961134878e+05  9.2463472666e+01  0  8.7600000000e+00  6.4497256546e-13
 2.5694058498e-03  9.7966941638e+05  4.0041179671e-03  3  3.2200000000e+01  6.4501079696e-13
-1.4981074952e+01  9.8309807801e+05  7.3358239393e+01  0  8.7600000000e+00  6.4726821536e-13
 2.6481815926e+02  9.8374507169e+05  2.1824200766e+02  0  8.7600000000e+00  6.4769419366e-13
 2.1589679357e+01  9.8459470072e+05  3.7743544202e+00  0  8.7600000000e+00  6.4825358633e-13
-2.7893269983e-03  9.8570142969e+05 -2.1886054669e-04  0  8.7600000000e+00  6.4898225269e-13
 6.5765043293e+00  9.8577710503e+05 -3.6867097600e+00  1  1.2100000000e+01  6.4903207705e-13
-4.9737228261e-02  9.8723188082e+05  1.6261120365e+00  1  1.2100000000e+01  6.4998989617e-13
 5.2196428536e-01  9.8724933142e+05  8.1752507513e-01  0  8.7600000000e+00  6.5000138558e-13
 1.4113192675e+01  9.8765474350e+05  3.2538470196e+01  0  8.7600000000e+00  6.5026830743e-13
 4.5584901860e+00  9.8781894242e+05  2.7150057275e+00  1  1.2100000000e+01  6.5037641540e-13
-9.9987710907e-01  9.8861389080e+05 -3.8342723676e+00  1  1.2100000000e+01  6.5089980653e-13
 4.2978892388e+00  9.8879027903e+05 -2.4291417641e+01  0  8.7600000000e+00  6.5101593991e-13
-1.2239011556e+02  9.9292140884e+05 -4.6208538297e+01  1  1.2100000000e+01  6.5373586082e-13
 1.6107917049e-03  9.9499624908e+05  2.5761842856e-03  3  3.2200000000e+01  6.5510192812e-13
-2.0707117985e-03  9.9733076619e+05 -2.4531979474e-03  1  1.2100000000e+01  6.5663896573e-13
 1.5198020946e+01  1.0008904104e+06 -1.2757715094e+01  1  1.2100000000e+01  6.5898262258e-13